7.325043210482926059e-02 4.868121206363064390e-02 2.416135130375426238e-02
5.345485760764377703e-02 2.793801398256208143e-02 1.828814677109964065e-02
3.247922531096531645e-02 1.232311981154946522e-02 -2.296178779821143046e-01
4.606219158074029152e-01 4.350475064044834195e-01 3.939337734738415087e-01
1.000000000000000000e+00 9.697782728250308182e-01 9.384929464889059103e-01
1.000000000000000000e+00 1.000000000000000000e+00 1.000000000000000000e+00
8.194233030376383287e-01 7.397098002869366695e-01 7.232280153295733705e-01
3.770809162037269680e-01 3.557159159874446752e-01 3.286903848679184059e-01
1.241743955740937100e-01 1.008641273060033039e-01 8.762584698804425087e-02
3.671502747121539734e-02 9.904213633174108883e-03 -1.828011307660531298e-02
