-6.469166709490579592e+00 -5.684998894238285416e+00 -5.304672190589339920e+00
-4.699292364039693304e+00 -4.225451336398633018e+00 -4.004665106800379348e+00
-1.833876935213344161e+00 -1.627739248637196878e+00 -1.471689542850488364e+00
9.494746657566259518e-02 1.640508874622277902e-01 1.959599412573251320e-01
8.421974635015787580e-01 8.982762119828231473e-01 9.237174507324790174e-01
9.671189508984270322e-01 1.000000000000000000e+00 1.000000000000000000e+00
6.522037250034770084e-01 6.937856815670824240e-01 7.175780666619049342e-01
3.285139539554379762e-01 3.592918708409686412e-01 3.771817694294630763e-01
1.331895116627100639e-01 1.689571892736686509e-01 1.944603603937716807e-01
7.561501239153882448e-02 1.337141908662650702e-01 1.694389873317771467e-01
