-3.149562619471177327e-01 -6.187081863576319174e-01 -9.058899175995335229e-01
-9.821072223486402297e-01 -1.294662076686470042e+00 -1.426728124842420620e+00
-6.311608977557573441e-01 -6.786465619266297544e-01 -7.215267482223320927e-01
3.607223205115800968e-01 3.142695907439062020e-01 2.946611925921398534e-01
9.564281831706070713e-01 9.163388347850123239e-01 8.924696260587337004e-01
1.000000000000000000e+00 1.000000000000000000e+00 1.000000000000000000e+00
7.786650158353434215e-01 7.567909213912501487e-01 7.443291225573874792e-01
4.258914193538750892e-01 4.090863852430366987e-01 3.968214956599517285e-01
1.955613101281300226e-01 1.800919959561838035e-01 1.683374985119474032e-01
1.639628408112936697e-01 1.260104746297464606e-01 1.116412253284200795e-01
