-4.556463234579346988e+00 -4.066162413385819185e+00 -3.835504058054691523e+00
-3.464839157238447154e+00 -3.248038543269793799e+00 -3.092615063559162270e+00
-1.357878393173737264e+00 -1.241576894202160553e+00 -1.167269134967595212e+00
2.206369997192876853e-01 2.764131513891125991e-01 2.979645491775596566e-01
9.022444592150189457e-01 9.282969888597856212e-01 9.578207738639950009e-01
9.846838034922305027e-01 1.000000000000000000e+00 1.000000000000000000e+00
6.491367267369401173e-01 6.708218784817544522e-01 6.948946764630667960e-01
2.969218457017543389e-01 3.395060362886030414e-01 3.571929593795574731e-01
1.184055876312770650e-01 1.502623020410661092e-01 1.610803089530066234e-01
4.632725950595537739e-02 9.364803256449902302e-02 1.187777794836191864e-01
