-2.912618600890174214e+00 -3.360760898467598956e+00 -3.579413201195146943e+00
-2.555467087952636440e+00 -2.776125789260145638e+00 -2.927900547242174856e+00
-8.821072716175990536e-01 -1.010314658505272911e+00 -1.050046421825317378e+00
3.976967457017719920e-01 3.619719145066884192e-01 3.329835059811648845e-01
1.000000000000000000e+00 1.000000000000000000e+00 9.878323948171726654e-01
1.000000000000000000e+00 1.000000000000000000e+00 1.000000000000000000e+00
7.527649327207712737e-01 7.282117747941042607e-01 7.138467639623017336e-01
4.145597130068564562e-01 3.896634273292132189e-01 3.722867751877378395e-01
2.222407781240167968e-01 1.932845077848283077e-01 1.794065664287051998e-01
2.315715496128795126e-01 1.838349998024517984e-01 1.605715163085422725e-01
