-3.961451296554159285e+00 -4.484094598036547197e+00 -4.805762769882601759e+00
-3.075426644740470117e+00 -3.467393005087959779e+00 -3.693539288240605067e+00
-1.131720052111365060e+00 -1.287654765494635756e+00 -1.376303722891681236e+00
3.210072174743191509e-01 2.652365547139811097e-01 2.304075940708993353e-01
1.000000000000000000e+00 1.000000000000000000e+00 9.691871246527515860e-01
1.000000000000000000e+00 1.000000000000000000e+00 1.000000000000000000e+00
7.935951702593130319e-01 7.615492340289710116e-01 7.404547507592059707e-01
4.569113303335882725e-01 4.180856799014853187e-01 3.960585439828737675e-01
3.330641096772320453e-01 2.661060351018433856e-01 2.311949337541034377e-01
4.178339466060138063e-01 2.904778730360437766e-01 2.429994053929656339e-01
