-9.654394365467265926e-01 -1.590301522060256101e+00 -1.847307250835029224e+00
-1.518265017380536763e+00 -1.858624953825227077e+00 -2.008778893073975613e+00
-4.965345667556473330e-01 -7.820037752850950152e-01 -8.584933006138730782e-01
4.513812749985305350e-01 3.378233663295565625e-01 3.199978469661372560e-01
1.000000000000000000e+00 9.772052583880417309e-01 9.456743386853860844e-01
1.000000000000000000e+00 1.000000000000000000e+00 1.000000000000000000e+00
7.840784694249606224e-01 7.721827716997102797e-01 7.478884473750209150e-01
4.308046309562993392e-01 4.117011345400932720e-01 4.002772108035460019e-01
2.046965523951291832e-01 1.905152457530974730e-01 1.771258716535651367e-01
1.760141948040014059e-01 1.296699795670227806e-01 1.098962715937440160e-01
