-2.664191236948353136e+00 -2.287216001129988019e+00 -2.128975695000322244e+00
-2.588750607305727591e+00 -2.371974634482136857e+00 -2.208186790306779557e+00
-1.111335990155684517e+00 -9.989082235273236687e-01 -9.469595443162386328e-01
2.353836555776470385e-01 2.614363328319102009e-01 2.836701520244166441e-01
8.572954670094092844e-01 8.960168449430688797e-01 9.130921847233534061e-01
9.300560809844202748e-01 1.000000000000000000e+00 1.000000000000000000e+00
6.063934905257590824e-01 6.886124577431964600e-01 7.197720893534089726e-01
2.760669425442864311e-01 3.302379298324148449e-01 3.620409785990512108e-01
1.001652925509713826e-01 1.325699455153597217e-01 1.495399865997219524e-01
3.751759345256885231e-02 4.996052266398971764e-02 7.898142788082031240e-02
