-2.366156220349768802e+00 -6.121887419836756772e-01 -3.991822757111215259e-01
-2.241266683441367924e+00 -1.101690115970060502e+00 -8.440247908972223767e-01
-3.005524767128079144e+00 -7.957839529176633508e-01 -4.254975152918549774e-01
2.554028315742972177e-01 3.093049259385806660e-01 3.518995998868255648e-01
7.224314879736818407e-01 8.275329129328521383e-01 8.604476959493677635e-01
9.874471935794336686e-01 1.000000000000000000e+00 1.000000000000000000e+00
6.178302420618821955e-01 6.510259630450569990e-01 6.703834337589991144e-01
2.564860923046130559e-01 2.882601007916936187e-01 3.050482935051270772e-01
4.294826533421689657e-02 5.564333894943115921e-02 7.077253002369583712e-02
-8.020505710219608120e-02 -5.678124170844756069e-02 -4.379661386330521711e-02
