-1.582346700027008835e+00 -1.264748432206548756e+00 -1.109208328821724043e+00
-1.894102119390248085e+00 -1.708429475651621621e+00 -1.594959572380869162e+00
-9.360398391327694467e-01 -8.460621576100677554e-01 -7.917360391305005018e-01
1.993914333705614494e-01 2.351614474069091687e-01 2.513630055101918614e-01
8.027033687524264272e-01 8.451636233905996942e-01 8.674290470814860488e-01
1.000000000000000000e+00 1.000000000000000000e+00 1.000000000000000000e+00
6.730637650483100032e-01 7.055579954312490853e-01 7.223860120985803324e-01
3.333662893004669669e-01 3.563339448223401540e-01 3.684985554875099822e-01
1.090025177101517639e-01 1.374715954532139128e-01 1.590137798011092840e-01
7.734243622618211349e-03 3.610969094567922227e-02 5.955567398764623210e-02
