# staircaseramp pharma apab apabv3 ap05hz ap1hz ap2hz
6.649184998259562163e-02 9.354047929041228726e-02 2.558145844048042572e-01 1.224582926843532510e-01 2.910020670255812347e-01 1.993031003627340481e-01 2.516534379385297893e-01
6.992192634973112830e-02 1.044915848573652745e-01 2.958591227167614024e-01 1.390738048596590892e-01 2.489017472706575307e-01 2.147732900296756009e-01 3.479408624297968267e-01
7.497516045482140179e-02 2.110630590030450615e-01 3.027057959140656007e-01 1.498413496561204206e-01 3.055307798686738852e-01 2.246625448409811932e-01 2.277294152103915281e-01
8.639185230683132932e-02 1.097624308156621986e-01 1.881306887290328245e-01 8.709206548456976948e-02 1.716404457345605539e-01 1.359768392523597047e-01 1.406018680865060433e-01
9.034138806165496749e-02 7.542938709585160495e-02 2.178425088951853328e-01 1.347589821690506895e-01 2.497592306805999918e-01 2.124274368916495848e-01 2.492373586578575384e-01
9.064489181394398687e-02 1.079614684777460004e-01 3.608882592569324643e-01 1.936169422625515224e-01 4.029797854195528162e-01 2.665813153669855384e-01 2.588320421948411831e-01
9.268680598236554713e-02 1.035382448300969788e-01 3.939571777511140516e-01 1.761776054894872157e-01 3.548862310536011200e-01 2.428964191515105564e-01 3.076665994234814017e-01
9.434213510940675507e-02 1.434991400726032540e-01 5.759906896752372552e-01 3.432526716826514446e-01 4.696984204821353370e-01 3.668035350603711664e-01 3.914373244832710097e-01
9.515257516842669239e-02 6.021253576606191982e-02 1.757215064734981014e-01 1.124216567766807423e-01 2.417291521127013232e-01 1.956595076682767220e-01 1.549267786953256454e-01
9.519549234916764580e-02 1.472042980123494660e-01 4.228540805648906553e-01 2.345330543826538161e-01 3.246790640551975859e-01 2.813830463231518642e-01 3.370801750791190821e-01
1.012005414890416455e-01 1.234903783581716985e-01 1.910004859933039645e-01 1.040641197543502455e-01 2.346744453420533116e-01 1.785625240552002335e-01 2.167697040660339913e-01
1.048820023713453176e-01 9.930062146492917019e-02 2.466071454110463357e-01 1.590210019090281812e-01 2.765159877636732544e-01 2.457880915996279447e-01 2.665221019474610653e-01
1.068600701585353807e-01 1.160030959410529583e-01 2.904263790087296404e-01 1.943923279177432739e-01 3.644609946881927631e-01 5.232527059720064599e-01 3.658751953013927860e-01
1.107076225312559614e-01 7.962337827439634752e-02 7.636326161063917706e-01 5.458031273541247286e-01 5.822924659588115670e-01 3.342538736560684565e-01 5.309373718287436761e-01
1.117052651369799393e-01 2.058165468583529334e-01 2.131309960834469608e-01 1.843750141114680607e-01 2.796032413795122018e-01 2.037847544573256620e-01 2.059996784036687290e-01
1.119222041675189128e-01 1.378033067099657949e-01 2.822399114974155077e-01 1.676352580566024264e-01 3.678204667023360352e-01 2.492184034028823159e-01 2.696246567756565016e-01
1.126118900895845126e-01 1.523021317964703136e-01 3.910407016253567014e-01 2.275507661247397895e-01 5.226496819599322219e-01 3.988492549097608642e-01 3.939775505837820879e-01
1.128471244589725198e-01 1.025044806023257538e-01 3.978366858894440972e-01 1.908989128725507023e-01 3.244860091474772168e-01 2.470947596301144022e-01 3.170489340666832190e-01
1.139041740065174224e-01 1.208012573877532275e-01 4.057274615269465534e-01 1.578749754242813608e-01 3.291121607745995936e-01 2.069948673893941271e-01 2.174431464020356031e-01
1.145233305492863174e-01 1.892142005528203164e-01 3.285309556985777091e-01 1.904950458459744589e-01 3.832438251969765286e-01 2.870150585908277097e-01 2.626621212661837124e-01
1.147918053986319992e-01 1.470223084026132943e-01 2.968402294267415975e-01 2.097546983850367142e-01 3.725693442926736876e-01 3.218473761948576484e-01 2.467910408874472161e-01
1.176178500665179261e-01 1.582480085774502776e-01 2.557204214009164422e-01 1.660037040344447823e-01 2.833567967387004005e-01 2.852052145587286036e-01 3.067686735144621313e-01
1.178738951337647139e-01 1.907129306443614281e-01 3.440838040471807524e-01 1.946902199814931622e-01 3.328838345817828892e-01 2.435344698577052991e-01 3.061587855911588885e-01
1.194318258461906229e-01 7.982872514326566638e-02 2.492994723911402533e-01 1.274144675542200067e-01 2.689324661890958312e-01 2.202902865094514551e-01 2.618412695374867649e-01
1.204337447824652130e-01 1.792310549802095809e-01 1.896109889617564326e-01 9.118689943428065492e-02 2.039802926976897191e-01 1.544738151659717229e-01 1.726156699202680278e-01
1.210376732118371296e-01 1.447056883589074583e-01 4.015244572207333773e-01 2.485217663426610157e-01 4.779062718358533801e-01 4.444166908078229228e-01 3.214067403998112638e-01
1.218681649336680051e-01 1.234263448585607437e-01 2.584231857109038910e-01 1.800382397258161737e-01 3.205642250593856435e-01 2.314807885333999560e-01 2.725902521854579041e-01
1.224864159804195662e-01 2.746462861302000347e-01 2.524751925982932632e-01 1.998881770921954737e-01 3.693557112893497973e-01 2.907447031907505197e-01 2.238383853531665246e-01
1.251194440185151302e-01 1.747965286284646202e-01 2.382034993428251701e-01 1.660411394335709057e-01 2.877774418103763998e-01 2.636298484967279365e-01 3.660608327595000766e-01
1.254154416902834857e-01 8.848858149354862923e-02 3.973483751467435932e-01 2.428616707427287691e-01 3.683309368326790345e-01 2.714684473441933976e-01 2.886282397229468777e-01
1.293947425322062583e-01 2.460033480995439115e-01 3.182887216714088696e-01 2.825010691064348545e-01 4.357169074072154702e-01 3.478551280591153372e-01 2.610052721346518556e-01
1.310634171433082973e-01 2.117294303169311442e-01 4.089729361915432349e-01 2.069231097394089725e-01 3.749996166059462732e-01 3.357975572160988853e-01 3.948363734743915443e-01
1.319688383510907725e-01 9.622177820729574393e-02 4.862318942583780945e-01 1.589607232496180744e-01 4.783701247009243263e-01 3.259171015771485380e-01 5.203953834293635339e-01
1.320297097961234956e-01 2.977593294863636886e-01 3.720049876095519181e-01 3.671349768121221491e-01 5.289865370195191430e-01 3.795935858870549406e-01 2.716825236754337181e-01
1.321215221858567934e-01 1.598620831061967618e-01 2.394298462234228375e-01 1.908377137356697117e-01 3.064581559332261729e-01 2.538913196840983377e-01 1.899243687564510230e-01
1.322124947627340563e-01 2.600798037523832096e-01 6.158804676092283215e-01 5.397400773779179595e-01 5.641144794204924207e-01 4.761435473220689829e-01 5.367262936334755707e-01
1.332763149713447060e-01 1.200371869339378755e-01 4.107188078254621066e-01 2.330385257466419391e-01 4.927055415708637698e-01 4.098354877060468304e-01 4.400690297059268175e-01
1.343888554142719516e-01 2.477042063233132196e-01 2.623821549958770816e-01 2.786285772304203934e-01 3.306908410660829856e-01 3.029134085020132594e-01 2.980805793248300639e-01
1.366737541955941049e-01 1.024030016915762203e-01 2.550295375037098244e-01 1.466552470295572341e-01 2.668698412308574963e-01 2.144952674234201495e-01 2.627426109941878862e-01
1.369838161810280064e-01 1.948459687999821166e-01 1.085453517245991595e+00 8.027573523254598609e-01 9.842291499861169912e-01 8.339140944349477946e-01 9.405795308818160061e-01
1.372912548666821719e-01 1.720570654788088072e-01 7.769740622940163322e-01 5.514778070757271333e-01 9.499347756143146082e-01 6.735627600078580857e-01 6.049425509065059492e-01
1.373886115362095151e-01 2.500122405689253480e-01 3.952075406822021519e-01 2.389225079827489995e-01 3.307204218913520899e-01 2.752139544424005435e-01 3.186821157840046270e-01
1.385894767278146034e-01 1.479090321156961430e-01 4.514222208764574473e-01 2.415725926927356493e-01 4.013988940130104321e-01 2.544599925294519505e-01 3.748789861894918918e-01
1.387198527482041144e-01 1.044005881792177265e-01 2.885549265245442863e-01 1.548633614690853033e-01 3.351644549124913608e-01 2.664306693509886914e-01 2.709199242264850316e-01
1.398107530986464064e-01 2.162003140477138652e-01 4.759124995365498489e-01 2.730112346995882122e-01 6.550195727084808794e-01 4.282558768010673589e-01 3.790601698926834295e-01
1.400566450787288086e-01 1.341516979752883365e-01 3.648927161372551575e-01 2.197380794807863302e-01 3.634880900399096171e-01 3.041544408818321887e-01 2.254729820798695994e-01
1.429014901874111620e-01 1.293961948159595143e-01 3.473130604910745212e-01 1.930064967536132825e-01 4.276498338535076327e-01 2.972330319467934578e-01 2.677684238383661319e-01
1.441377400494570360e-01 1.205329803011872536e-01 2.464315635412286654e-01 2.126014852982136827e-01 2.850605163667588871e-01 2.703630907950915208e-01 3.239494377043823370e-01
1.468532920286441390e-01 1.729832114691843559e-01 4.684813883212715635e-01 2.348128410249268327e-01 5.193783612508046099e-01 4.219683149792774479e-01 2.658394552146899348e-01
1.469673646455839922e-01 1.646768761185517516e-01 3.793097305453762558e-01 2.172873003410838721e-01 3.545874749196583076e-01 2.744560913677221992e-01 3.323166053834040734e-01
1.471054781191902527e-01 1.433509955365417921e-01 3.520992378665492861e-01 2.535794978693114432e-01 5.577452699944362990e-01 3.876055866654635751e-01 3.951944787088790823e-01
1.484347466349121292e-01 1.566958640753677301e-01 3.547521502706019736e-01 2.988824253064872316e-01 4.649403580816938719e-01 3.335340155667065876e-01 4.837739733948079324e-01
1.496817883124787751e-01 2.633252064101610501e-01 4.246999552734931349e-01 2.949555959835196139e-01 3.928873705134187100e-01 5.351315860107841438e-01 4.387171978985453524e-01
1.501373300341130035e-01 1.666921525890819877e-01 3.716406709849325862e-01 3.406789850476364956e-01 3.613732212168125346e-01 4.117681345790845104e-01 4.729433827099843723e-01
1.509347134336409546e-01 1.547071835039687537e-01 3.899137300043413745e-01 2.109974715647413568e-01 3.538579290002927813e-01 2.931131170261463414e-01 3.193471369096980150e-01
1.529355477854079659e-01 1.442317258839004857e-01 4.499049843954961991e-01 2.306364844064697495e-01 3.710287226883013934e-01 3.246413730873412562e-01 3.446841748896617430e-01
1.531064662770016405e-01 1.681429980528551804e-01 2.550734284241437111e-01 2.986259860921737785e-01 4.449393111632902187e-01 3.337453259935412864e-01 2.122699846994744732e-01
1.539742856616059807e-01 1.622973372031407957e-01 3.395638735328738167e-01 1.644565662828788577e-01 3.524633146510400272e-01 2.499520276118409878e-01 3.045714432431190777e-01
1.541899725983812974e-01 1.098242043447530819e-01 2.948113014215700822e-01 1.688515017042087896e-01 3.708978676852596190e-01 2.475733679804487386e-01 3.066337962257840166e-01
1.555518344498718619e-01 1.877396429877635220e-01 2.663906015742176225e-01 2.023319093135827473e-01 3.530070217414070788e-01 2.884969813711826259e-01 2.334230079889276499e-01
1.558129276354539572e-01 1.271987806838280333e-01 4.879033114159003204e-01 3.126536181508287604e-01 4.598733867437437839e-01 3.718011241322984883e-01 4.871260295272894503e-01
1.594989018139056358e-01 1.240141285079785632e-01 2.642278856518774921e-01 1.750202753205850892e-01 3.681237287049957119e-01 2.914892940510035446e-01 3.214060788446971850e-01
1.596406629523270115e-01 1.802366093337100239e-01 3.915889721715479221e-01 2.436407442205454077e-01 4.320917345636319240e-01 3.238543744937993907e-01 3.640214670490649618e-01
1.620601977218281142e-01 1.383887352257687775e-01 3.539411752921124976e-01 2.551492110579419159e-01 5.171209377169980748e-01 3.684989867995673851e-01 3.872319414676178018e-01
1.675668661827205419e-01 2.158252831790724302e-01 3.195533756222947996e-01 2.214439326242733375e-01 2.749693575867167006e-01 2.460416940118879403e-01 2.571487031800678280e-01
1.678397603960948559e-01 1.853464559761191233e-01 3.449286142993340243e-01 2.277824519504262624e-01 4.406151814851257953e-01 3.340593818684047256e-01 3.956361871183981527e-01
1.678951951588431024e-01 2.140284790437435580e-01 4.155670185214656032e-01 3.990572736070568394e-01 5.077767261119519038e-01 3.373631807586349729e-01 2.451961709995869598e-01
1.697373126815915623e-01 1.260704321020226226e-01 3.494160773702646994e-01 1.951425149341238230e-01 4.740411187409552252e-01 3.363762794923971788e-01 3.836311830655271815e-01
1.739201256134987883e-01 2.780281694279756466e-01 5.594006874326671319e-01 3.561378153697722371e-01 6.988366065978388608e-01 5.790497449536418095e-01 4.302643977423653565e-01
1.766914048788712777e-01 1.678219665308094966e-01 3.559309598358159077e-01 2.041698386261422138e-01 4.427706865929576519e-01 4.051599052756399977e-01 3.928552384271222775e-01
1.840783326461319647e-01 1.217916363850412159e-01 2.702498468851330937e-01 1.843387448519067939e-01 6.237157264072799023e-01 3.798478906725529791e-01 3.071758698795671871e-01
1.842860753705989063e-01 1.505759691122078303e-01 3.445988888584065046e-01 1.811035026276610338e-01 3.866806125367702185e-01 3.145044287355523438e-01 2.553676942885145795e-01
1.855801426442620083e-01 3.627621538051790662e-01 7.907307575193465166e-01 4.331745287805760514e-01 6.504980532925986880e-01 5.873127902437232928e-01 5.179649167547645261e-01
1.861465040007107552e-01 1.530769386611326166e-01 2.649350628398153829e-01 2.102863905286444790e-01 3.488791346544900529e-01 2.989120611006368944e-01 3.511442566324145531e-01
1.864168907506953410e-01 1.391770599059961866e-01 5.383584560190725066e-01 4.907729129864347173e-01 5.628781342844358937e-01 5.015369947749572788e-01 5.137823057932145998e-01
1.888973264941971042e-01 2.270643403434094154e-01 4.285025365025855182e-01 3.617117923992940187e-01 5.876089373309620889e-01 4.313032117575030244e-01 2.873666033388160290e-01
1.928992953532397137e-01 2.715997553480351545e-01 3.828289760064940705e-01 3.016974828283025545e-01 4.270395432591600482e-01 4.139443069454485924e-01 3.030644375397618662e-01
1.938101674876879510e-01 1.794101247931807475e-01 3.494413537114961499e-01 2.304444681905669923e-01 4.719945690779557834e-01 3.319294348007550965e-01 3.153316496404770519e-01
1.997199403469044898e-01 3.777305649891409822e-01 4.357050378234482158e-01 4.024459223543577768e-01 5.797398563609101885e-01 5.139186887273159421e-01 4.108957944491457570e-01
2.165884968111158604e-01 1.398996667242951575e-01 3.408105557523660178e-01 1.665465661196221248e-01 3.606283825336747961e-01 2.540659370063513833e-01 2.331269358367037692e-01
2.221439959813519827e-01 1.617322951629398542e-01 2.176156787640722567e-01 1.401674873306822944e-01 2.843099659854096961e-01 2.542685683751385595e-01 2.398067501339540275e-01
2.258126249496818228e-01 2.971853440800522606e-01 6.259692898645150549e-01 4.742022283827764251e-01 8.112288098909290479e-01 6.202727458432594210e-01 4.456165783376089817e-01
2.293430300750119999e-01 2.072395093445066894e-01 3.620831403793426939e-01 3.384984180957307243e-01 5.623305298274114961e-01 4.626124142628449398e-01 4.676060950065661359e-01
3.661729378118239175e-01 9.192651707777549364e-02 2.578346599499931613e-01 1.791961698886101739e-01 5.158551864978394574e-01 3.730857296928820621e-01 5.241196063012460993e-01
