# Order follows `../../../manualselection/paper-rank-*` columns are herg25oc herg27oc herg30oc herg33oc herg37oc
1.391599553792819052e+03 2.489829710030826845e+03 2.020817955441403910e+03 2.329435801966525560e+03 9.050673043016704469e+02
2.883455987438786906e+03 1.553789968474566194e+03 1.393364234732083105e+03 2.160962954432006882e+03 6.089422457132178579e+02
1.163282046375391474e+03 3.254403637216157108e+02 3.771517979947960612e+03 1.058050539758973173e+03 7.159656337559525809e+02
8.957116959663020452e+02 1.231400481029681714e+03 1.583187811635788876e+03 6.487218465051522571e+02 6.355711778073545020e+02
1.931910386946093695e+03 1.077643572504525991e+03 1.178289422651017276e+03 2.194010851201830064e+03 1.786441235911776175e+03
1.923635484713323876e+03 1.548371028198824661e+03 2.582190518904701094e+03 6.874031566636346042e+02 1.495325126961455908e+03
1.937796761967035991e+03 2.598987667819815670e+03 2.347786239875821138e+03 1.298111249141551752e+03 5.939873268178675971e+02
9.890719852908357552e+02 1.572697493616452448e+03 1.633655595682010699e+03 1.536873942170452665e+03 2.091381851711133550e+03
2.573832933939911072e+03 5.584896258212005478e+02 4.540913200351844239e+02 9.392271875252032487e+02 6.202041905964922535e+02
2.134984679264806800e+03 2.386733777179662411e+03 1.585354219718950617e+03 2.191603935723906488e+03 2.187829651619685137e+03
2.166644107867481580e+03 2.679504134836668527e+03 2.093703849527953935e+03 8.590618066345529087e+02 8.493509873177564486e+02
9.934880459702568487e+02 1.381134319825576767e+03 1.375612782786447497e+03 6.411187435900599212e+02 7.162047623337299456e+02
8.208161260939222075e+02 9.296856731236355245e+02 1.025470763309588165e+03 2.957349708201941667e+03 5.889447163606076856e+02
2.794552064226874336e+03 1.945492431135582137e+03 1.843395069059161642e+03 9.626476236925248031e+02 2.292006967072370571e+03
6.082324125019990788e+02 1.736561829043915850e+03 1.516425021346769199e+03 1.462480213254977571e+03 1.658363372110136197e+03
2.288578810740293193e+03 1.058269703261270934e+03 2.551583171101089192e+03 1.303409155176385411e+03 8.067737371028582629e+02
1.137392451490219401e+03 1.459986022486938509e+03 1.518178955113343363e+03 1.677636011771144922e+03 1.108514720524549375e+03
1.322133050156687659e+03 9.851723449461309201e+02 1.046984570948198325e+03 2.344402372805200230e+03 8.980658164796186611e+02
1.026970267283050362e+03 1.635428361762017630e+03 1.844813710863897768e+03 1.735112153856160148e+03 1.385598526407596864e+03
1.740256895310429172e+03 7.433365682698649834e+02 1.206767445701377255e+03 1.139451741310436091e+03 7.289637267160668443e+02
2.043123151530581708e+03 1.211355685142699258e+03 1.363728569574577023e+03 1.193770090960406606e+03 8.630700536659704767e+02
1.862456541322845851e+03 1.169734519405316860e+03 2.842053907751875613e+03 1.580391518399737834e+03 1.636067209906635298e+03
1.400319301255127129e+03 1.419499398366352125e+03 1.729069328854255673e+03 6.924145142721179127e+02 1.827120900087798645e+03
9.605586649207313030e+02 1.291077415408139359e+03 1.454610518113836633e+03 1.577749674506364727e+03 1.807175780544943791e+03
1.322554860434499915e+03 1.507330610688361276e+03 1.326072530248532303e+03 1.814635661371624565e+03 1.083966509308999093e+03
1.017519320455676393e+03 1.663331170064338494e+03 1.043802170939283997e+03 2.061485224493343594e+03 5.058266153324121888e+02
2.005525681107448236e+03 2.394607114351610107e+03 1.344587905670717873e+03 9.653108645482565180e+02 7.871659763000110388e+02
2.017338302859905752e+03 2.022526330644787549e+03 1.205981254215941817e+03 1.172077976144930744e+03 1.360340684394113168e+03
1.879080454298162067e+03 1.183346742829216510e+03 1.065390881522462223e+03 1.528932844449616823e+03 5.614459893031404363e+02
2.151594622792496011e+03 1.897901841242224464e+03 1.365221925976178454e+03 1.058580279442022629e+03 8.823702814217706418e+02
1.112587604084850000e+03 1.889439423070033854e+03 1.541455035647256182e+03 9.876620703505110441e+02 1.089031777096949099e+03
1.445327780841851336e+03 1.090815702750312084e+03 1.826170811203559197e+03 1.135160023495435780e+03 1.730411646751103035e+03
8.476344845330561384e+02 1.089974487913458916e+03 1.668252422918741559e+03 1.944073632635127751e+03 1.606693333330567384e+03
1.226690282150213079e+03 2.413138301938330187e+03 1.354216479707070903e+03 8.516880514960221262e+02 5.430045857800921567e+02
7.705333120982854780e+02 1.716112836727024160e+03 1.415404715275836452e+03 1.067950430604589201e+03 9.138562513324731071e+02
1.331785240624761855e+03 9.908651122646373324e+02 1.657397421959064332e+03 5.716406474181574140e+02 1.348939432489853516e+03
2.047849455373147975e+03 1.654412120274098243e+03 1.221353325667603031e+03 1.913535109012545263e+03 7.476194743945892469e+02
1.893918383275562292e+03 1.782366855793487730e+03 8.978357251233983334e+02 1.212565782364196593e+03 5.001904489650477217e+02
1.192007524311123916e+03 7.937261744039205951e+02 2.049167033532622099e+03 1.207167602532830415e+03 1.124541959524022559e+03
9.345739114266480101e+02 2.022442623683994043e+03 1.457407738166975832e+03 1.622469940599978827e+03 7.828803165984571706e+02
1.247544031949716782e+03 8.777861262925270012e+02 1.433648180978046184e+03 2.036041749896676265e+03 6.374957219450794810e+02
1.955126777891308393e+03 1.522641136924351031e+03 1.181510347995207439e+03 1.132465736832227776e+03 7.461042336241155226e+02
8.123711803883533094e+02 1.664250530853096961e+03 1.347022925613582856e+03 7.759773137466046364e+02 7.876717097154439671e+02
1.059824813379200805e+03 1.429303481566029859e+03 1.294461900606091604e+03 5.697172485628897221e+02 5.377712034044297980e+02
1.148009950026753586e+03 1.543821220300124878e+03 1.242253501333597114e+03 6.974979465988390075e+02 3.039092153790338102e+02
1.094635250768407104e+03 1.484213168243141581e+03 1.686544522291497287e+03 1.881453165273513378e+03 1.121609496521391293e+03
1.190498040938040504e+03 1.434015582577697842e+03 1.087966336007145856e+03 1.063184409174531083e+03 9.002044889297420696e+02
1.283124369234859387e+03 2.205018006976779361e+03 1.581203199269940114e+03 7.284009342318023528e+02 8.245932855690036831e+02
1.320552107456835529e+03 1.399761801834456492e+03 1.653176995518384274e+03 1.441105020429773276e+03 8.389529592545364949e+02
1.709972360213609136e+03 9.826673847587411501e+02 7.322369153846191239e+02 6.093488267751189369e+02 nan
8.443509012649807346e+02 1.582322840628338781e+03 1.178535864136579676e+03 6.537952118935053250e+02 nan
6.440864492898189155e+02 2.028786379677584591e+03 1.015821390198218523e+03 1.782201797626575399e+03 nan
9.141586899251079785e+02 1.735120140262642508e+03 1.200785420771231657e+03 4.951887392350590176e+02 nan
1.080763053274588856e+03 1.196545064822350696e+03 1.173490073399801531e+03 1.257130120754049813e+03 nan
2.086626402339840752e+03 1.536936064993617720e+03 1.115479837437562765e+03 7.693373537147298293e+02 nan
1.236324958761195603e+03 2.019682591577477524e+03 5.991895369047889517e+02 9.957127747744999624e+02 nan
1.312268658746212623e+03 1.771452330094313538e+03 1.345880142489848595e+03 5.812579836842273835e+02 nan
1.714901382590749336e+03 8.945819176346734594e+02 9.007409854250307717e+02 1.198758077851417056e+03 nan
2.054206911900666910e+03 1.670998317736882655e+03 7.659133605317339288e+02 8.330972260205633120e+02 nan
9.449266562075688398e+02 5.324433746004988279e+02 8.804339760521344260e+02 7.261596867479771618e+02 nan
9.822617370233687097e+02 1.652709784286063950e+03 6.233050535288364244e+02 7.326837378293403162e+02 nan
9.966971320475973926e+02 9.731855902005656844e+02 7.165784439088290583e+02 6.870239956176181977e+02 nan
9.376868695123260977e+02 1.426044765410317495e+03 1.326609220864488861e+03 9.928523068563187053e+02 nan
1.291177262158563053e+03 1.747447310960249979e+03 1.114404837394136393e+03 1.167483088167793767e+03 nan
1.615543175122758157e+03 1.276832001548723838e+03 8.637380547219419213e+02 7.042764652789907132e+02 nan
1.144355734095088565e+03 1.519804127726659772e+03 1.375440406262603801e+03 6.733181729146343741e+02 nan
1.460066765101594683e+03 1.344597348902610292e+03 1.179546005981595727e+03 1.053916363545515196e+03 nan
1.126155683294059145e+03 2.152782152174432213e+03 8.825286387262241306e+02 9.949085320103882850e+02 nan
1.304736357393854632e+03 1.986296969289133585e+03 1.359479545303718169e+03 1.034709404798171136e+03 nan
1.285048836651707006e+03 6.918761601921179363e+02 1.244566795226505292e+03 7.608620172638200074e+02 nan
1.102856414563181033e+03 1.224879795724430096e+03 1.111979851392008413e+03 1.131146980651544027e+03 nan
1.210073498941813568e+03 9.503415966803678430e+02 1.050761831996210276e+03 7.030877434950401721e+02 nan
1.529842589871389691e+03 1.195500090147984110e+03 1.303781775178111729e+03 8.310971159852581422e+02 nan
1.134644296444797192e+03 1.295385861797080224e+03 8.359494670609976765e+02 1.330776142605620635e+03 nan
1.484688133468964452e+03 1.316374743002766536e+03 1.050943895787514066e+03 6.024529183886205601e+02 nan
1.266521476415588040e+03 1.628130839255758929e+03 6.494799023729211740e+02 9.905767563726484468e+02 nan
1.081955535491094224e+03 1.899363535849503933e+03 8.278910619041402015e+02 8.739479548163984646e+02 nan
1.030012203503365754e+03 1.541227765366436870e+03 9.670198839728195708e+02 1.043313772283764138e+03 nan
1.173311001825025869e+03 1.400350023284732515e+03 1.076719071452404251e+03 9.528358204828276712e+02 nan
9.764767245181752742e+02 9.513556822917804539e+02 9.763231615392364802e+02 8.245689716785083192e+02 nan
8.172504622238042202e+02 1.028211797158823174e+03 9.836262947443053690e+02 1.395073671218506433e+03 nan
6.877662537446611850e+02 1.077336928012166481e+03 9.370766198020968432e+02 1.152722086298849035e+03 nan
8.338334202175910832e+02 1.531396162486553976e+03 8.789725627808577428e+02 8.033185878175618200e+02 nan
8.814531169889594366e+02 1.344372859953057286e+03 1.208706540118571183e+03 6.473016253924662351e+02 nan
1.250956092701887883e+03 1.042735999546237281e+03 9.597943217720576286e+02 6.511126895079298720e+02 nan
8.011277146748169571e+02 9.155088273984937359e+02 1.104674494974587333e+03 9.565821870980146286e+02 nan
1.662318032812328056e+03 8.128771778198175753e+02 1.726119384174256538e+03 9.180173960681175913e+02 nan
9.617731668043468289e+02 7.072457733555821733e+02 1.147882702349567353e+03 1.278330255471784085e+03 nan
8.002374152396964746e+02 1.135580672174067331e+03 1.254486109499476925e+03 7.833310055874406999e+02 nan
1.171095414732868448e+03 1.140027498010129875e+03 9.373474482444610203e+02 8.853307455468190028e+02 nan
1.280938445553617157e+03 1.128328094610038761e+03 1.603081897598120349e+03 5.235141931347618538e+02 nan
8.330864986114326030e+02 1.352887770795928873e+03 9.222625915144257078e+02 nan nan
9.153883884858004194e+02 8.780686942189870479e+02 9.334017361337389502e+02 nan nan
6.486346967283093363e+02 1.566075343457561303e+03 nan nan nan
1.352387522519475851e+03 1.141473983119961304e+03 nan nan nan
1.350033608137282044e+03 9.385164190036786067e+02 nan nan nan
8.710098754124404650e+02 9.523879406846818938e+02 nan nan nan
1.331761085897059502e+03 1.101482363057018119e+03 nan nan nan
1.589433935948136195e+03 nan nan nan nan
9.061368948923706057e+02 nan nan nan nan
1.428793319084134282e+03 nan nan nan nan
1.319133798606732853e+03 nan nan nan nan
9.423352190165520597e+02 nan nan nan nan
7.823928599801346309e+02 nan nan nan nan
8.298300983471643804e+02 nan nan nan nan
1.591944474895420399e+03 nan nan nan nan
1.183363975101630558e+03 nan nan nan nan
8.659652725634363151e+02 nan nan nan nan
8.335087403061573923e+02 nan nan nan nan
1.334245388927703516e+03 nan nan nan nan
6.244774944329448090e+02 nan nan nan nan
7.081674390564456871e+02 nan nan nan nan
1.553583899784518962e+03 nan nan nan nan
9.778916003190281572e+02 nan nan nan nan
1.050958554777471136e+03 nan nan nan nan
7.430025089678961194e+02 nan nan nan nan
8.712885835788027862e+02 nan nan nan nan
1.400423720224403723e+03 nan nan nan nan
1.186951600045120813e+03 nan nan nan nan
9.765068774752813852e+02 nan nan nan nan
1.069471463557631296e+03 nan nan nan nan
1.314115198997301150e+03 nan nan nan nan
1.436867299198930596e+03 nan nan nan nan
1.051236890061361919e+03 nan nan nan nan
1.236301298801575740e+03 nan nan nan nan
1.691392708335420593e+03 nan nan nan nan
1.366162743338959217e+03 nan nan nan nan
6.821397629060920735e+02 nan nan nan nan
2.038911879206026470e+03 nan nan nan nan
1.265524762987605754e+03 nan nan nan nan
1.271628768104438223e+03 nan nan nan nan
9.521657651796516575e+02 nan nan nan nan
1.397816778610146230e+03 nan nan nan nan
1.259702928327583550e+03 nan nan nan nan
1.790512421878859868e+03 nan nan nan nan
1.253561008360429014e+03 nan nan nan nan
7.535423500207674579e+02 nan nan nan nan
1.427004874900296954e+03 nan nan nan nan
5.690115515024057231e+02 nan nan nan nan
8.298717809180840277e+02 nan nan nan nan
1.340370137013384237e+03 nan nan nan nan
1.074468967157418092e+03 nan nan nan nan
1.672533966327059034e+03 nan nan nan nan
1.688651299168032892e+03 nan nan nan nan
1.115177146055619914e+03 nan nan nan nan
1.481793288885272432e+03 nan nan nan nan
1.411808413486753579e+03 nan nan nan nan
7.912439995698506436e+02 nan nan nan nan
7.338135732532804241e+02 nan nan nan nan
8.571691239706631222e+02 nan nan nan nan
1.156280489378760194e+03 nan nan nan nan
1.024325806976101148e+03 nan nan nan nan
7.487649559513586155e+02 nan nan nan nan
8.052995215589814961e+02 nan nan nan nan
9.559715027100223779e+02 nan nan nan nan
9.512233138913176163e+02 nan nan nan nan
1.532803187844173408e+03 nan nan nan nan
1.095897319060387190e+03 nan nan nan nan
7.835615962104343453e+02 nan nan nan nan
1.112856304411699512e+03 nan nan nan nan
1.233145411521201595e+03 nan nan nan nan
1.251398757185795603e+03 nan nan nan nan
6.597834091891064645e+02 nan nan nan nan
9.200705400492016679e+02 nan nan nan nan
7.131699743769490851e+02 nan nan nan nan
1.237262286628611719e+03 nan nan nan nan
9.767549912963681891e+02 nan nan nan nan
1.133809258164409130e+03 nan nan nan nan
7.612664091654567073e+02 nan nan nan nan
1.157371539016602810e+03 nan nan nan nan
7.957893564972705462e+02 nan nan nan nan
6.541826817213366212e+02 nan nan nan nan
1.136622027514512865e+03 nan nan nan nan
8.951598357123010601e+02 nan nan nan nan
8.723638206024367037e+02 nan nan nan nan
4.950881414783539185e+02 nan nan nan nan
1.497760265642818467e+03 nan nan nan nan
5.352243081384882544e+02 nan nan nan nan
9.104036047791269084e+02 nan nan nan nan
9.850087117323282655e+02 nan nan nan nan
9.071806529377145125e+02 nan nan nan nan
6.434064351853255630e+02 nan nan nan nan
