# staircaseramp pharma apab apabv3 ap05hz ap1hz ap2hz sactiv sinactiv
9.124283731662495567e-02 1.544724260712913577e-01 1.553606177412524270e-01 8.789986973851457441e-02 1.803937671367618623e-01 2.073784997491917304e-01 1.962205524217341956e-01 1.630040747403739276e-01 1.964099526064139734e-01
9.693353677178133398e-02 1.823099607399370492e-01 1.815487373173114427e-01 1.038332575642275102e-01 1.374862411779138593e-01 1.611372261183240395e-01 1.302627353147396971e-01 2.193859641051958687e-01 3.482025799844306047e-01
9.818839293932588030e-02 1.706065882270098033e-01 1.438750254901943471e-01 8.251931886455220189e-02 1.355762235196064092e-01 1.331497874737224418e-01 1.471096019920812292e-01 1.580927605184560825e-01 1.375831853262163840e-01
1.013189375072257453e-01 1.640219292191102685e-01 1.447110832412940307e-01 8.001504455659441684e-02 1.309446309345427550e-01 1.303224264775431074e-01 1.464463982323510327e-01 1.131329618075817139e-01 1.539431962717426883e-01
1.028446404428543376e-01 9.949422194775604800e-02 1.176475346975928149e-01 6.829380410948235336e-02 1.754047666285907803e-01 1.195377027289050570e-01 1.212715256738919056e-01 1.605686583500653686e-01 6.959601250232338998e-01
1.033489150277269036e-01 1.813635868871855128e-01 1.499599333430154668e-01 9.647731943787704600e-02 1.514553499924565783e-01 1.514287855621692935e-01 1.624458970776001543e-01 2.214379378095188144e-01 2.688975916998691540e-01
1.036117908336668808e-01 1.942261259275923913e-01 1.433263166107664743e-01 6.556211209732705492e-02 1.145890047790658894e-01 1.163997972002500381e-01 1.290462011352855043e-01 1.641519665978677378e-01 2.767745489932560976e-01
1.043120469082997187e-01 9.992731280298160212e-02 1.518101298985794767e-01 8.257994825990029597e-02 1.538878575397073512e-01 1.686166185389271210e-01 1.638244472351250980e-01 1.625435662645476620e-01 7.480877861113064409e-01
1.048253562218968427e-01 1.246763245017594862e-01 1.465503727784060461e-01 7.537495724813944586e-02 1.175981075174216961e-01 1.157997849492877068e-01 1.172956197861020067e-01 1.156575960862127328e-01 2.882366562530265797e-01
1.049626350904814126e-01 1.924873104552982106e-01 1.495044951866907612e-01 9.858021293534705021e-02 1.329765068936428762e-01 1.210669289793201292e-01 1.463513070993540388e-01 1.495682578648611927e-01 1.733048530816232169e-01
1.049634076297117496e-01 1.011630550005398754e-01 1.995532965830532357e-01 1.150816031952467122e-01 1.474428605112993174e-01 1.264391310384867240e-01 1.510034548020443013e-01 1.047772640407281519e-01 3.740409273354997066e-01
1.057772432770213711e-01 1.265341945920699651e-01 1.724339138478256928e-01 1.075624206773229674e-01 1.675200472707324140e-01 1.681048512358867542e-01 1.704973730511291363e-01 1.615737897215289709e-01 7.642625089552823603e-01
1.058011571290951858e-01 2.111972070047969108e-01 1.673533361892611815e-01 1.086209533109770559e-01 1.714234284868707547e-01 1.662856471163536021e-01 1.791941062102041793e-01 2.009399933938295912e-01 1.605962229442607081e-01
1.070072744422990857e-01 1.875222489694348960e-01 1.308558300689927623e-01 8.021427677342800322e-02 1.164873696489258786e-01 1.250492676000471426e-01 1.211895036010716131e-01 1.616597025599570969e-01 2.727482702517065039e-01
1.074288884780286724e-01 1.086933159665904036e-01 1.325289053043650633e-01 7.606957747045894891e-02 1.014154041140430257e-01 1.042931906908372425e-01 1.091675235430578234e-01 1.028870939010839286e-01 5.995103227395215395e-01
1.076052757441799818e-01 1.508257109355206349e-01 1.591898918718177847e-01 9.529464835376040555e-02 1.607071365140959884e-01 1.637004636906967681e-01 1.675446808082310113e-01 1.761700885665950511e-01 3.450639151053443432e-01
1.121808063508860365e-01 7.484833448932728950e-02 1.366090950538627335e-01 9.185837450966562179e-02 1.425849557838940462e-01 1.291371890588658977e-01 1.494846136415178550e-01 1.654083007454228982e-01 1.946591970183885745e-01
1.132923291222072970e-01 1.184369714105094895e-01 1.543116349119907083e-01 1.149640429447089107e-01 1.419517852414550196e-01 1.377093608074903830e-01 1.412588039598333955e-01 2.200935054280637182e-01 4.264598251588097022e-01
1.154155372878205715e-01 1.350764265481688986e-01 1.494520929381530083e-01 1.045033233644934584e-01 1.308299166288751370e-01 1.299250215526253083e-01 1.557538692865114982e-01 1.781235046002947742e-01 1.572047820994305622e-01
1.181910802147920492e-01 2.343504860115176724e-01 1.773967684377157905e-01 9.868068946627862881e-02 1.771343548822427172e-01 1.736665258106895038e-01 2.104077921183847011e-01 1.341617658883298703e-01 2.858712112473109634e-01
1.181923773332566596e-01 7.529068534392041601e-02 1.489268842022842820e-01 8.937296304831034155e-02 1.356120703315397136e-01 1.319545641531396640e-01 1.548233400930397463e-01 1.452730015449520129e-01 9.013139123780328221e-01
1.186101076693736184e-01 1.221912729256687674e-01 1.749145234803335114e-01 1.168193240077324835e-01 1.891556205130102142e-01 1.865881673249078221e-01 2.011964299610967399e-01 2.082682420281724289e-01 6.048858684991075263e-01
1.192618215620295657e-01 9.551736869180302292e-02 1.576940171620746234e-01 9.771226250979113404e-02 1.304238337854147778e-01 1.255974703701271677e-01 1.475293966017306169e-01 1.530381675338146341e-01 7.337739736742338037e-01
1.202968410087893597e-01 2.460080179582253557e-01 1.898495030986053211e-01 1.154982294629599004e-01 2.101818810125149206e-01 2.379300698356677513e-01 2.104266069294978836e-01 1.828042083207330193e-01 2.226350788484407761e-01
1.221322602769413929e-01 1.008660211745564805e-01 1.576766497487843421e-01 1.265818917916052000e-01 1.538447298575141564e-01 1.487000910182424973e-01 1.909780293484555358e-01 1.485255344889092055e-01 1.191141763898606459e-01
1.222142682861795948e-01 1.910740317011615508e-01 1.894405302702926175e-01 1.114867465565775317e-01 1.889637984735467735e-01 1.951526782003479565e-01 1.788118682383888214e-01 1.340755020220614213e-01 1.407166342521027069e-01
1.226487940984525293e-01 2.029961605789475376e-01 2.014941823710925117e-01 1.209903426299710899e-01 2.376145289463048316e-01 2.262014485756474735e-01 1.821353043679226624e-01 1.482921818583070039e-01 1.236229489290792682e-01
1.268522130711733364e-01 2.403233259420393397e-01 1.540421688849386850e-01 1.200222354087024518e-01 1.250923161879487489e-01 1.376195021250743999e-01 1.628792871290812017e-01 1.721120042126584038e-01 1.671442251612313135e-01
1.281372750763150881e-01 2.255870303254073617e-01 1.545958773562665367e-01 9.095556140207450291e-02 1.757700525236017830e-01 1.811489662610683005e-01 1.342342898980050103e-01 7.784631355258894714e-02 2.344693497888956646e-01
1.298577721433534782e-01 1.994700998997584740e-01 1.534816721712686516e-01 1.914673524521754155e-01 2.082800644912262689e-01 1.376417752244102621e-01 1.674756809809184177e-01 1.738446255732465362e-01 1.612825919333636115e-01
1.347228734470799771e-01 1.088778461790678442e-01 1.653508364626105342e-01 1.043730927007508469e-01 1.749216724082834906e-01 1.473150069511064697e-01 1.763160031780403869e-01 1.852079484300765411e-01 3.901454345774938437e-01
1.347312445263275926e-01 9.499046023242851966e-02 1.457006092010066090e-01 9.413249470692769405e-02 2.705425933634778568e-01 1.309274461337417983e-01 1.397271067206652118e-01 2.613756774039350250e-01 3.981629393146600693e-01
1.358657863439865221e-01 8.446882355482973614e-02 1.985562839244669753e-01 1.526398083287583141e-01 1.934469256420245087e-01 2.124962340578879783e-01 2.167799129774276856e-01 1.796289088916400711e-01 1.903684535970900926e-01
1.361170282521455832e-01 1.299791606608922956e-01 2.085891673773379584e-01 1.829354741233235604e-01 1.991874068404480280e-01 2.030550887472991617e-01 2.147866409205173299e-01 2.211951963569376567e-01 5.189506436331423611e-01
1.384206566474504574e-01 1.330015213362139015e-01 1.532226140331887643e-01 1.216313089363542793e-01 1.568371614647602608e-01 1.518207244414103707e-01 1.685851591800065219e-01 1.306103884426454420e-01 3.813802133729953803e-01
1.384348965507597728e-01 1.839438364042312313e-01 2.001418147942979620e-01 1.383913767719598953e-01 1.963921969238459353e-01 1.513175925440747027e-01 1.743386648300447872e-01 1.956911116948417406e-01 2.130964839888259688e-01
1.459418356977764675e-01 1.827100546627440925e-01 1.656030408897160300e-01 1.211674320520342296e-01 1.394086214057375095e-01 1.468902640286063044e-01 1.349504255571785938e-01 2.235041293751154345e-01 2.981905614072182242e-01
1.476574336507206209e-01 8.482004891832022053e-02 2.044037618363770958e-01 1.946727683175870360e-01 2.587508182247411082e-01 2.276709896569508729e-01 2.195282961647371800e-01 1.000773845566460818e-01 1.477113170031399969e-01
1.494247215672659390e-01 1.183308078278167974e-01 1.773672124336971301e-01 9.880059025023245345e-02 2.179511860357022102e-01 2.050128437056134845e-01 1.867740122399195457e-01 2.258928141118371480e-01 3.353634094010960465e-01
1.585797345963286253e-01 2.028177063050657924e-01 2.508704683687588144e-01 2.519551325370285033e-01 3.267872098806274272e-01 2.381989151583506215e-01 2.516542868440716507e-01 2.245945603347219710e-01 4.545801715731203618e-01
1.696019221190052662e-01 1.382614152906717353e-01 1.626042037275897134e-01 1.017086951773172876e-01 1.883656559334329628e-01 1.707549633547696677e-01 1.635239196200178047e-01 2.055400337084632711e-01 5.749494050054775734e-02
1.785773341434040984e-01 1.911049951211788722e-01 2.234804785329546073e-01 1.829297789612254199e-01 2.287409856329432056e-01 2.270516176693591071e-01 2.384671659655836218e-01 2.874272382379668977e-01 6.574618870436704787e-01
1.829384394215522736e-01 1.963784430296847128e-01 2.119567736662060775e-01 1.745795316902419014e-01 2.550192444294941407e-01 2.233478777777734015e-01 2.600423170832539821e-01 2.090160451207137005e-01 3.262761739733301414e-01
2.047135385685318332e-01 1.409385732774583733e-01 2.157205073136191642e-01 2.631069400032140515e-01 2.374584412657645138e-01 2.320750242412739639e-01 2.755762194894303962e-01 1.860767900893169347e-01 2.868172139349227656e-01
2.122421643387575052e-01 5.309877566247412917e-01 3.584056315354993694e-01 2.525206193331421267e-01 3.761653319688189612e-01 2.803425843092961500e-01 1.724778114893319725e-01 6.816322430907935381e-02 5.282266994412587735e-01
