# staircaseramp pharma apab apabv3 ap05hz ap1hz ap2hz sactiv sinactiv
6.450675177874941324e-02 2.254698183835039949e-01 3.769527935281328235e-01 1.812360812441735081e-01 3.675582271236839116e-01 3.437699318896251799e-01 4.111746087101589286e-01 5.285516988349705375e-02 2.787850482461189383e-01
8.394466443215763130e-02 6.552218052092327605e-02 4.094709869771059885e-01 3.497215307214209257e-01 2.966862150871627524e-01 3.851590103212724769e-01 4.152881444782361986e-01 5.090084136661104236e-02 2.539916159950260099e-01
8.611220879751510515e-02 9.426937380624185181e-01 1.243870243536775000e+00 7.321448716702311232e-01 7.714773486884586307e-01 8.702889583787609684e-01 6.297660512090464957e-01 8.122875411718295802e-02 3.854695284642573050e-01
8.626024246520636041e-02 2.309633872340896565e-01 3.437465096710005663e-01 2.943126086292336407e-01 3.861314000424043158e-01 3.414465168430682041e-01 3.852647263242797160e-01 1.062871706420228796e-01 1.230157935487081328e-01
8.652338269167395013e-02 2.471921675042522137e-01 2.083853450979525623e-01 1.841977498187031548e-01 3.200958317473144854e-01 2.723228277276527054e-01 2.016185535279802765e-01 7.206308642432035505e-02 2.229735043706248809e-01
9.076267235191733118e-02 9.878883122471819600e-02 4.317522229017577984e-01 2.781918453022658722e-01 3.640862456652657619e-01 3.397751097852451663e-01 3.979865409673216670e-01 6.973390043137904504e-02 2.856753098582903161e-01
9.231203298888855657e-02 1.551244108269920208e-01 7.840539822596979125e-01 3.776481343360296727e-01 6.752852754507342459e-01 4.937228455717198039e-01 5.427209820696053955e-01 6.235592372538054096e-02 1.555251267948293270e-01
9.405327342414161740e-02 2.204254733400657640e-01 2.266482009172297030e-01 2.031083879805253567e-01 2.882068978881064392e-01 2.448748605327981109e-01 2.132190628599073545e-01 7.270139293342699205e-02 5.912872338649545478e-02
9.409028079081041551e-02 2.032431192151884225e-01 2.210878636429414179e-01 2.204054255555116526e-01 3.487120040586301761e-01 2.662775773222403330e-01 2.308227578177960149e-01 1.019778689933198562e-01 1.825177642135938083e-01
9.467444830939310274e-02 2.605900706933013122e-01 2.720618478576602439e-01 2.228293853657474233e-01 3.482638839227998329e-01 2.610954949971376338e-01 3.325582022950284156e-01 7.914798009668712331e-02 2.065999275995398787e-01
9.632530287785723289e-02 2.176745975240302333e-01 6.729613641185711037e-01 4.105181830480718608e-01 5.421568434417900484e-01 5.456611681572970385e-01 3.983398479402459058e-01 6.899183027877088537e-02 6.046434384175582849e-02
9.753520709201926597e-02 3.213387508155255978e-01 1.110351107902268541e+00 1.093699732709668027e+00 8.600052268323499227e-01 7.628396586439828431e-01 6.767666375217477048e-01 1.433169792335829695e-01 1.993956348053639860e-01
9.754147208742777742e-02 9.909622843265429581e-02 3.369232485383458209e-01 2.269385258565801422e-01 3.970959727412218809e-01 3.182153893644713571e-01 4.658749074221941178e-01 7.157204525804217177e-02 1.083388077480789552e-01
9.791886717580217114e-02 1.426980802758804345e-01 2.634308613251821196e-01 1.704484846926086761e-01 3.596826070516220275e-01 2.814087785488819105e-01 2.402397199697215158e-01 9.709035963386071499e-02 5.764729616711467691e-02
9.855023500216067434e-02 8.161913875781695582e-02 3.014699107245932264e-01 1.858319558305291663e-01 2.207624245547349928e-01 1.791819324904619926e-01 2.572829769794086063e-01 4.847434599358935864e-02 1.127492495223803709e-01
1.008530962987110452e-01 2.247140789245667403e-01 8.963552352509150944e-01 5.148214414195970701e-01 7.860522419901928570e-01 6.731896415537323985e-01 4.223546858012228733e-01 6.800515194580127043e-02 1.979590583164224649e-01
1.030842701451059884e-01 2.088380901650038479e-01 2.393145772389754511e-01 2.632875946861089611e-01 2.933162854378661977e-01 2.663076596676590135e-01 2.278671285423203019e-01 1.375916466970601437e-01 2.646272402829394355e-01
1.055075142527242410e-01 1.222577490451306620e-01 6.675239207013266007e-01 4.729889184871265972e-01 6.145219772178550643e-01 5.209268724569906528e-01 5.059572774686084129e-01 4.187653287717777589e-02 6.170123086286270764e-02
1.071834699923870510e-01 1.156768716424592808e-01 3.701419429996182231e-01 2.443251905050750905e-01 3.600676006038055488e-01 2.951156090304875024e-01 3.696424624189186270e-01 6.450237993901487832e-02 1.994365001551937078e-01
1.075567321407296661e-01 2.510620303842944767e-01 7.265824478680903420e-01 3.723073064646896246e-01 6.945422241606854508e-01 5.035638641513963121e-01 4.129528263213753658e-01 8.886780129728620581e-02 7.508586674278150408e-02
1.075825160398551639e-01 2.466683921993557682e-01 3.472195577575903358e-01 3.426889878529341682e-01 3.869950844355163344e-01 3.430818329167530378e-01 2.749050614481586274e-01 1.221667778863485265e-01 3.019376779700427282e-01
1.078230107008782135e-01 1.309161544642404862e-01 2.557042920019715893e-01 1.477505375413611377e-01 2.939080576603596562e-01 2.130723415681160249e-01 2.193698446856521822e-01 4.432528719965402736e-02 1.227135983052847490e-01
1.079063313366629001e-01 3.555022363359387483e-01 3.212042577268902632e-01 3.412704913280622532e-01 3.732848440880572882e-01 3.471112880992842098e-01 2.678799135922238506e-01 9.591076648680006700e-02 5.662844635831393303e-02
1.115770849591793262e-01 3.155628857974808188e-01 3.172419203428399892e-01 2.780263990388555650e-01 4.562795643101172915e-01 3.533439107616926367e-01 2.439760766307687845e-01 8.579838764822880770e-02 1.652455300767413093e-01
1.120050019759482735e-01 1.037841543960073415e-01 7.618642191727225121e-01 4.082956674476554970e-01 5.327219760335925036e-01 4.959126096657794913e-01 4.340217243252356139e-01 6.605998686518348151e-02 1.703281797194894087e-01
1.129412699185336350e-01 2.456776434056571756e-01 5.540529144123050864e-01 1.893043207642644832e-01 4.136600239972457183e-01 3.137710310501680144e-01 4.592736941557566954e-01 6.525926974782023104e-02 1.425279515927846685e-01
1.158155386251969871e-01 2.193207605654085568e-01 3.083665792401457661e-01 2.327969361109309410e-01 4.201203087937281921e-01 2.910477531158892628e-01 2.134859710304460867e-01 8.076880781275530552e-02 1.903169706455072052e-01
1.164584841854102853e-01 1.917981789765349776e-01 2.106638315370189529e-01 1.630146355239203704e-01 3.280675856176734628e-01 2.395581747443595033e-01 2.530872695369127956e-01 8.177399839700864870e-02 1.318999121065010383e-01
1.164590268897454234e-01 3.200348849024907683e-01 2.988328765805799425e-01 2.759310424922906124e-01 4.438440543071590083e-01 3.057082300410444153e-01 2.334812242559714535e-01 1.025248191454999347e-01 1.482506784344614359e-01
1.198293250180057917e-01 1.734315551128736976e-01 4.164247864677959043e-01 2.311886876269713398e-01 4.363353409955340600e-01 3.508266988917628781e-01 3.501082598244484867e-01 6.579626203705769838e-02 1.361052796359486228e-01
1.213761293470517894e-01 2.553781221275861490e-01 2.697965753780416365e-01 3.164116455568228847e-01 3.509702888227220763e-01 2.703890135036982056e-01 1.980668703430016053e-01 1.141736099130335469e-01 1.893024924360178496e-01
1.229118695410876677e-01 1.217935441379128791e-01 2.849569135954561072e-01 1.799890833688210234e-01 3.735761541259238760e-01 2.752078873146039384e-01 2.683787750564213814e-01 6.734165381836665354e-02 1.459221635848178544e-01
1.229280666204174283e-01 1.121539266046407551e-01 9.734057668719052758e-01 6.772118555783547267e-01 9.132389361037418496e-01 8.219130750289983522e-01 8.399191820328691938e-01 1.130449089759007208e-01 1.467019964706994251e-01
1.236276115050935348e-01 1.203451701409676416e-01 6.228789952685661602e-01 3.931573843683229263e-01 6.263537095656634968e-01 4.586493929187089869e-01 4.748777725585430765e-01 1.057620083142668255e-01 1.624353603135023083e-01
1.258736686509935032e-01 3.623267540562090661e-01 4.187775791265549441e-01 4.143384213262268911e-01 4.656845208298895922e-01 4.059598002636696790e-01 3.124139422565997415e-01 1.700539712078315002e-01 2.475423416607418214e-01
1.266990219259950812e-01 1.674018180050436955e-01 3.872592934262562570e-01 2.144556409410753040e-01 3.267917260029175042e-01 3.404004507877579355e-01 3.528528195542557921e-01 9.439126637111865115e-02 1.473737766929451021e-01
1.268677754322712625e-01 1.030498845665225455e-01 4.443023435030220569e-01 2.564674845593158392e-01 4.371881146766680715e-01 4.103946473347302448e-01 4.929211594198134039e-01 7.859071210930358709e-02 1.571524627369191296e-01
1.285430851613743597e-01 2.602566556313749002e-01 5.658751239651743647e-01 2.797207229894685954e-01 5.373807856427073038e-01 3.900746191638733151e-01 4.715992871530036989e-01 1.453723783053916807e-01 1.237923290560201811e-01
1.304091952337805560e-01 1.010755739489252319e-01 3.962231986612006485e-01 2.533160534936542141e-01 3.911340730924017794e-01 4.001554016339503583e-01 6.685253257908910784e-01 9.185393447537779088e-02 1.615841389619634971e-01
1.313318921394491523e-01 1.473410749432761402e-01 4.261690690414512428e-01 3.714626785935685738e-01 5.125299176438109505e-01 4.085880507264250672e-01 4.224315719147012649e-01 8.296005261218805660e-02 1.857140660530465504e-01
1.314221674593250011e-01 8.275414420967924789e-02 2.894361261476361413e-01 1.667400810258365673e-01 3.427013206176361404e-01 2.903286571619330125e-01 3.433663392767629108e-01 7.284364696364041547e-02 2.945917047340709249e-01
1.327103884547134460e-01 1.559426151457249665e-01 4.075061743589691865e-01 2.766168430755720498e-01 5.637874403647415988e-01 4.674776279899909293e-01 6.085778509739959707e-01 6.574957496140965141e-02 4.932077848023813660e-01
1.330193093142799654e-01 1.191145920092323007e-01 2.095073693136249304e-01 1.490638176640235457e-01 2.774785485814069141e-01 2.156133459569490318e-01 3.392175732546759970e-01 1.150394582547605432e-01 1.151718897477291143e-01
1.331978869496492079e-01 1.319305772181005310e-01 4.379643396463274718e-01 2.244886031696456119e-01 4.334598530472194566e-01 3.302773332164505860e-01 4.363889889934416400e-01 5.305629555859296687e-02 9.347864976212177934e-02
1.337113403638701126e-01 6.734557548843357611e-02 2.347114299145299510e-01 1.018026958790010511e-01 2.489569142672017066e-01 2.163133702667603131e-01 2.520008346202280425e-01 3.498480092825298482e-02 1.615152418717573923e-01
1.343170787483643214e-01 5.083684202503780947e-01 4.452368581763386790e-01 3.892275091725097558e-01 5.913909557000339712e-01 4.743158556433573758e-01 3.191098861122398378e-01 2.248079443133135791e-01 8.252557353205745849e-02
1.347727157884686389e-01 7.594604244508555702e-02 2.720270064560790790e-01 1.370903983442349761e-01 2.893702905704091943e-01 2.322484189252499720e-01 3.411941041306070233e-01 6.112202781192415529e-02 1.426482383211380989e-01
1.379418447490715349e-01 2.714979873886562145e-01 1.031037537728919817e+00 7.744500354941463716e-01 9.392232619102076630e-01 8.068797947249708447e-01 1.268104627518676697e+00 2.074456828728659108e-01 1.558293377568754912e-01
1.383215845634065688e-01 1.616384732621100329e-01 4.464373608695669238e-01 2.871805226866083194e-01 5.110581714726136759e-01 4.242627424391703372e-01 4.223861396387394440e-01 8.500770302903430664e-02 2.276523344865012677e-01
1.387370889374880678e-01 1.889943122012740229e-01 5.514639657031292774e-01 4.306926410792180637e-01 7.589291209499262614e-01 6.992954488397776780e-01 4.895267461469213766e-01 7.566960083457077713e-02 8.024728392819033274e-02
1.388555982973054825e-01 1.585095443087820299e-01 6.329550878273890735e-01 5.380747436131915196e-01 5.308366327520075423e-01 5.176676300374002393e-01 8.785998214821161278e-01 1.384503961396268135e-01 1.860732000280324316e-01
1.389721492799899927e-01 2.347796517753074630e-01 2.606250170945927924e-01 2.265017972865950857e-01 3.300313152298246511e-01 2.592482396967386027e-01 3.600402363345108769e-01 7.240975695669589485e-02 1.692039925150221336e-01
1.400319784682825530e-01 4.276338539594345955e-01 3.370363837738368229e-01 4.310174088059683939e-01 4.278053447091557659e-01 3.494824595707900494e-01 2.264171320670212983e-01 2.286859572058757839e-01 1.764738546949332354e-01
1.405664582732610579e-01 1.950600833530858891e-01 3.342639260042690186e-01 2.035562961819007144e-01 4.125881606659877465e-01 2.987658356964300044e-01 2.116721032407696546e-01 1.696618311824198699e-01 1.538260950913243608e-01
1.419705722058310637e-01 1.580781417407110812e-01 5.757182534388489703e-01 5.442664661771826617e-01 6.928512534751792851e-01 5.596546486774907070e-01 5.614125778480060225e-01 8.574743989763333740e-02 1.320801860405528827e-01
1.432531425241617418e-01 2.237087378610889132e-01 3.862714946559557827e-01 3.057813294715945318e-01 5.639226494880508200e-01 4.030138519263394281e-01 2.539677344999858866e-01 7.783375885699987673e-02 1.619542117807670489e-01
1.454696866259169441e-01 2.461209232572379169e-01 3.134693740746804513e-01 2.468979968361338928e-01 4.400480307851940553e-01 3.348446823599082744e-01 3.821162165926638710e-01 8.847057758984598619e-02 1.096037078729812375e-01
1.496833142215631407e-01 3.077749607792672482e-01 4.509700219276063793e-01 3.300561756955527337e-01 6.122243646394273098e-01 4.299799936310355619e-01 2.538299143957433168e-01 1.408443010016071362e-01 2.473991999908259354e-01
1.502082812789404254e-01 1.538617973187164645e-01 5.294574853055931118e-01 2.023534114505192161e-01 3.556412325294316945e-01 3.124070481468142479e-01 3.203381764958360134e-01 1.509193071711566192e-01 1.626888439217437088e-01
1.506191728516936279e-01 2.641184035252472917e-01 4.285189663652979597e-01 2.469794479900822015e-01 5.097644037716502208e-01 3.823475082915207546e-01 3.424456659516205148e-01 8.409533652346573573e-02 2.262214473363365064e-01
1.525251034766796354e-01 1.124361277849518226e-01 3.014068844558547289e-01 1.694281817789850819e-01 3.103138594172294429e-01 2.180141006992325492e-01 3.072588446741210122e-01 7.399715572972738464e-02 2.993246006435562045e-01
1.535172436754714542e-01 3.400130059398681626e-01 7.581601893892502275e-01 5.002836108747982236e-01 8.359648458382235026e-01 6.544226090582033750e-01 4.057025394305093791e-01 1.096530657977984463e-01 1.717163768803258439e-01
1.542927181415078841e-01 2.564240677669085144e-01 7.561880323043107532e-01 4.484984911701013766e-01 7.160640077831919026e-01 5.474697982915229799e-01 5.024964070548589845e-01 1.773364310594909010e-01 1.535794918982450741e-01
1.547529786228156734e-01 1.581421762077314663e-01 1.226150955180062008e+00 1.398788475838510514e+00 9.269424556638806711e-01 8.424149620123063675e-01 7.349805000503188968e-01 1.718827501199218788e-01 1.244516036048173291e-01
1.576732953461778275e-01 3.834114547950519536e-01 4.025725754614688512e-01 3.313338478129412290e-01 6.410485896947036855e-01 4.379514639872355009e-01 2.903806365146858193e-01 1.366181903301031120e-01 1.461810572173915246e-01
1.596686296532488780e-01 1.961248452345452642e-01 5.040844810038210833e-01 3.629099831663130660e-01 5.837522716127409028e-01 4.451208972302809208e-01 6.976223873051503599e-01 1.735854391571924615e-01 1.632307849176787840e-01
1.600086437642494475e-01 1.690381261568878468e-01 4.095797981816236555e-01 2.608681505218721774e-01 4.204734338412481898e-01 3.181512565656816616e-01 4.759860874015024446e-01 1.202605236662040028e-01 1.352285585431828308e-01
1.608132260249638401e-01 3.693485851286406607e-01 4.080834632038477516e-01 4.633584144992602960e-01 5.426609776355020287e-01 4.215959172382071629e-01 3.473782348456818103e-01 1.673368806386988095e-01 1.823296040728509815e-01
1.627072631834313721e-01 3.329651495352253243e-01 2.961142621120412266e-01 3.307165410034818009e-01 4.273104437272523537e-01 2.882870400839512848e-01 2.061034712487726239e-01 2.140566383882913093e-01 1.609896042354640455e-01
1.648605593791290236e-01 1.357605426878467081e-01 5.194482438192312701e-01 5.013657852005923843e-01 1.038586928067012138e+00 1.153362903089864222e+00 8.176189989926075929e-01 4.875253510650575522e-02 1.707976571396538912e-01
1.685984755169646077e-01 3.921384459048348203e-01 3.984999519509788701e-01 3.897016236180554927e-01 4.850965611021033075e-01 4.081604423990213282e-01 3.075826712879285441e-01 1.511265603155093895e-01 1.115980860594584650e-01
1.703971743346975043e-01 1.487653545159399737e-01 4.172554512148658468e-01 2.543449064501606127e-01 5.045348728409442263e-01 3.541838674501899820e-01 3.189951412140029641e-01 5.398219720546299644e-02 1.535436226020991390e-01
1.726297766620152885e-01 2.204054709629394704e-01 3.179429078288649180e-01 2.468479853381435329e-01 4.057477133248720835e-01 3.520935081215776918e-01 3.581800251151780468e-01 1.167979701180527075e-01 1.468848079175161248e-01
1.740320866569072533e-01 1.971865715087228466e-01 2.807712917052830326e-01 2.596876955096353301e-01 3.941014256653696535e-01 3.035984370764693296e-01 2.569532546275145046e-01 7.272008762469719945e-02 8.362074150493029046e-02
1.752148801338903328e-01 3.110428761964500466e-01 4.055870539892267312e-01 3.159869446049901609e-01 5.451452134665467630e-01 4.334676342754870682e-01 3.824728807895481641e-01 6.587514421084886274e-02 1.730576492013105039e-01
1.787552759605848252e-01 1.698055131154211361e-01 7.646330657248040508e-01 6.785924590452468985e-01 9.766472397885942458e-01 6.898006803654221919e-01 7.179581671561300338e-01 5.202939798463061122e-02 3.295935818933461992e-01
1.808116231402169261e-01 3.415245654640076123e-01 4.312216204215157944e-01 4.128710888461265549e-01 6.045630262167823732e-01 4.999221338379515878e-01 3.715945750650394563e-01 8.964243755817360992e-02 2.126537598992358780e-01
1.824693654150503774e-01 2.160552006609718356e-01 4.559226724119511687e-01 3.213849784076195371e-01 6.105686919477109065e-01 4.462822571690680529e-01 3.154127338214098852e-01 5.959954448877721050e-02 1.924056524931194445e-01
1.884681209679286429e-01 1.419141931319240491e-01 5.846564450577785843e-01 3.581902542803446776e-01 6.795184329167087700e-01 5.882677406729893699e-01 8.045154995238397166e-01 1.025818455582431926e-01 2.277883096924881445e-01
1.931694423968250696e-01 4.414619328679115218e-01 4.298548775892520046e-01 4.487579981039365729e-01 6.183643028853206269e-01 5.260199302639461116e-01 3.779017581885487087e-01 1.584501545931574218e-01 1.260709443142535302e-01
1.989938048713937313e-01 2.657187943551574949e-01 4.028531217690597410e-01 3.464609996407290726e-01 4.942413183886438244e-01 4.414751050589564296e-01 3.538112964603231658e-01 1.275676254954788980e-01 7.199736123273116351e-02
1.993961140700209189e-01 2.399815170590948732e-01 4.016160117860181344e-01 4.658660117839254489e-01 4.818888273333172823e-01 4.066268729023886364e-01 3.392350740038653223e-01 1.050867446347884260e-01 2.138072377408843372e-01
2.194408949390242169e-01 1.438477844131315075e-01 3.430953821190820263e-01 2.347375968095749277e-01 4.484939354057894678e-01 3.225601590646219319e-01 2.621895312890695773e-01 6.139844175105157315e-02 1.897112580076527333e-01
2.274134453857765137e-01 5.159245566687964413e-01 5.015793072704015643e-01 5.274532573270959146e-01 6.054762107297113616e-01 5.615951695716303593e-01 4.489114968616889079e-01 1.717174728651967575e-01 1.169912652998938846e-01
2.554730916496873450e-01 1.454038538781418088e-01 6.757463346901623202e-01 5.961570499947161927e-01 5.409146989440176689e-01 5.120380301537020840e-01 1.039402382327315966e+00 6.938478898542138618e-02 3.665764553397702907e-01
