inf inf
inf inf
inf inf
3.081047208769783996e+00 -3.005648192958084763e+01
2.557260746045842303e+00 5.163397173578673716e+01
inf inf
inf inf
8.825871018172010141e-01 -2.142537622387675356e+01
1.090264650733089535e+00 -3.059909746917251816e+00
1.790639579030408868e+01 -5.319944154015523452e+00
2.354617941830819561e+01 -9.930632020392872406e+00
4.031476798530844619e+00 -7.559845595741312430e+00
7.388159761205227438e-01 -1.741700726646172015e+01
inf inf
1.905144361447627555e+00 -2.894078071807842889e+01
1.072468380354658413e+00 -2.049530035587082821e+01
1.603318497980310564e+00 -4.125748647630791766e+01
4.336158794593066190e+00 -4.649623940307400716e+01
9.158457814473697223e-01 -2.307120020518565084e+01
2.114737982402304706e+00 4.998194869965471909e+00
inf inf
1.225700497934443911e+00 -5.277533177741365877e-01
inf inf
inf inf
inf inf
4.078431798145688569e-01 1.248141502647164884e+02
3.940384593603287300e+00 -9.092935246380445591e+00
inf inf
inf inf
8.449782196404537205e-01 1.560698044098673742e+00
1.083867632739037390e+01 1.704349495069400477e+00
8.988683215079120714e+00 -1.221668001754474808e+01
inf inf
1.322835126756233937e+00 -2.144428003194926102e+00
1.474843087200127689e+00 -7.793391695055388091e+00
4.448917330969481276e-01 -1.676990985144216495e+01
7.086103165814744420e-01 -3.217919724950786531e+01
2.488190730566725684e+00 -2.070921867855347642e+01
6.040839806531468348e-01 -4.845236712687042058e+01
4.903428324286367990e-01 -3.103670316907245663e+01
6.722432861372829027e-01 -3.529427581787760460e+01
6.120107386588174991e-01 5.001964823297988527e-01
8.381782704023603259e+00 -4.196402371211820359e+00
6.358492924981746786e-01 -3.792822333393033318e+01
inf inf
2.075174549460689077e-01 1.021768623138485168e+02
inf inf
inf inf
9.907763596883378820e-01 -2.933899745121916780e+01
7.031327856640827711e+00 -1.212994838149882781e+01
inf inf
inf inf
3.902746922598632762e-01 2.628445498352278520e+01
inf inf
5.125946303337916010e-01 -3.376253982935043041e+01
5.082382487217107503e-01 -1.339318795352319569e+01
inf inf
9.577593657792736470e-02 -9.216713485620043400e+01
inf inf
4.431050001337779459e-02 2.838276292044738511e+02
inf inf
3.656227065771851858e+00 -8.239176192819333266e+01
inf inf
9.186964371433060939e-02 -3.891218165448102440e+01
3.343676310659693951e-01 -6.370135023624106196e+01
inf inf
4.331307245141000628e-01 -1.868192664979594753e+01
1.520759722944055037e+00 -5.715008091658543066e+00
1.075193348240954805e+00 -4.419725224269747343e+01
5.445058523846457721e-01 -1.163731409121107419e+01
5.747682469796656646e-01 -9.707230931240513172e+00
inf inf
1.267910396543821649e+00 -3.051644627970713586e+01
6.123348587310482039e-01 -3.233932638813132865e+00
1.515457944310197591e-01 1.323932377254517405e+02
inf inf
inf inf
inf inf
5.419255869777362733e+00 2.415931698009113049e+01
1.166908065931158589e+01 1.012220405396514522e+01
inf inf
3.443816633548194339e+00 2.526883374191723486e-01
4.920326664100740932e-01 -3.058651798088190787e+01
1.235528863348294815e+00 -7.144502906729144343e+01
5.992661351947269344e-01 -3.499129800938064960e+01
-1.050171503358001829e-01 -7.908880514784536331e+01
3.001351868860388517e-01 7.105996292670934622e+01
2.892991282354882454e+00 5.958584994655166334e+00
inf inf
1.159934175999189909e-01 -1.181723412771438149e+02
2.058252335984150083e-01 -1.415311307520782869e+01
inf inf
inf inf
2.225344097484489025e-01 6.166255359357966626e+01
1.522726912706538815e+00 -1.105908383189322919e+01
8.417520452819755583e-01 -3.686855515568902231e+00
4.609272506739783837e-01 -3.213839476965347330e+01
3.889356606789605153e-01 -2.481176613685539323e+01
inf inf
inf inf
inf inf
inf inf
1.212489768238225984e+01 1.574518608768947558e+01
1.083514021672364880e+00 -2.575233819877345454e+01
inf inf
inf inf
inf inf
1.708792477863322889e-01 2.572306893436337418e+02
1.635705550204795955e+01 -7.002263075905210243e+00
inf inf
inf inf
inf inf
4.237927522078011600e-01 -1.275892198527972354e+01
inf inf
inf inf
1.543461946637629900e+01 -6.612157759505806531e+00
1.009475475796567379e+00 -1.021209849183894214e+01
inf inf
inf inf
inf inf
4.320536010504893443e-01 -9.547116833925075596e+00
inf inf
5.353872369036609680e-01 5.417447426093130680e+00
6.007560061905271809e+00 -1.700497779414926569e+01
inf inf
inf inf
1.521989637845528431e+00 8.723232193905881005e+00
4.556862796619910450e-01 -1.662502625024170655e+01
8.688061005484891686e-01 -5.851374378752383620e+01
9.683598335142372671e-01 -1.288642623112158248e+01
inf inf
inf inf
2.395106900481289158e-01 2.465373283448020914e+02
inf inf
inf inf
6.372536255667672345e-01 -2.919287743802912871e+01
2.218309231410681814e+00 -2.201305132330757175e+01
1.239302236086949982e+01 4.858843505494452764e+00
inf inf
5.784009757615004022e-01 -1.604698252776926992e+01
4.835766152708513288e-01 -3.533131429299371007e+01
9.631798105574269631e-01 -1.430735420359089183e+01
9.608439833644373262e-01 -1.394659329917656265e+01
inf inf
4.578083673619411376e-01 -3.513372611608893692e+01
2.078630894009108943e+00 -1.781129353417347261e+01
inf inf
1.642231724711166407e+00 1.023965007623982615e+01
7.278884392138839088e-01 -1.517689500673419190e+01
inf inf
3.306441823679034941e-01 7.232495048044341956e+01
4.167098860297095086e+00 -6.133545666915720673e+00
6.718065385529509159e-01 -2.380107672152107412e+01
9.259929023811302784e+00 1.722098032379826904e+01
inf inf
inf inf
8.583917069451143522e-01 -3.284544220422643690e+01
inf inf
inf inf
5.245234567183362229e-01 -6.243797052201440323e+00
3.176305311571997336e+01 1.843906581224739494e+00
inf inf
inf inf
5.660214988952441129e-01 -2.228975385407790455e+01
7.260078968017320555e-01 -4.242107975145244581e+01
2.243528778303030791e+01 1.462590424713327586e+01
1.199003255613998498e+01 -1.299389279374664774e+01
6.678378792577776224e+00 -1.408717423607545172e+01
4.022686796987910429e-01 -2.734149734576784496e+01
1.248070540683974716e+00 -1.528113296718465897e+01
6.666597982898661456e+00 1.606981688993339574e+01
inf inf
inf inf
3.259855742361307929e+00 6.084396659394763596e+00
1.552249083341104008e+00 7.127029597752446932e+00
inf inf
inf inf
7.775125423455568452e+00 -2.034684350947527065e+01
inf inf
inf inf
2.097940656265554082e+01 -3.468702701082197470e-01
inf inf
inf inf
inf inf
1.584566157648782170e+00 -4.389338997757202776e+01
6.324887234650327095e-01 -3.323198615314000648e+01
inf inf
1.449234792827730489e+00 -1.339774351355394977e+01
inf inf
3.211295449615755859e-01 4.711943573832224530e+01
inf inf
1.137037789215550765e+00 3.636117132882846992e+00
5.554856304814359547e-01 4.175174148546864750e+00
6.961375919994634565e-01 -4.565464629737176949e+01
5.603586100561290806e+00 -7.670277471333381669e+00
inf inf
inf inf
1.617570035086985314e+01 4.809448079877008730e+00
inf inf
inf inf
inf inf
inf inf
2.387635848556378004e+00 -9.156186141329870409e+00
inf inf
inf inf
inf inf
inf inf
inf inf
inf inf
inf inf
inf inf
2.029715164563895780e+00 -2.457403557441848907e+00
inf inf
inf inf
9.094889273790792705e-01 -1.355827714208430912e+01
inf inf
inf inf
1.935837886294706323e+00 -8.144181892611624951e-01
inf inf
1.125733329313302722e+00 3.145151960964097526e+01
inf inf
inf inf
inf inf
inf inf
inf inf
inf inf
inf inf
inf inf
1.149016469424031461e+00 1.594584756071008513e+01
inf inf
inf inf
inf inf
inf inf
inf inf
inf inf
inf inf
inf inf
9.756819137872327019e+00 2.920825860104831762e+01
6.914239480547326178e-01 -3.608471630096496341e+01
inf inf
inf inf
inf inf
4.864745969911986045e-01 -2.917390361759489537e+01
inf inf
inf inf
1.796641937302195235e-01 2.210728184649151444e+02
inf inf
1.438860984450037739e+00 -1.223000218787398907e+01
1.316713498476932642e+00 -4.696331988812228531e+01
inf inf
inf inf
inf inf
inf inf
inf inf
inf inf
inf inf
inf inf
inf inf
inf inf
inf inf
inf inf
1.196941161022738731e+00 -6.069971900068824766e+01
1.251190266595852307e+00 -6.539170019455634986e+01
inf inf
3.066513204109691415e+00 -6.359391374636968131e+00
2.932387880527892194e-03 3.579730091598489525e+04
3.439357735622106671e-01 -1.497648352213703937e+01
inf inf
inf inf
inf inf
inf inf
inf inf
inf inf
3.010177175336665911e+01 1.254809894992834174e+01
inf inf
inf inf
inf inf
inf inf
inf inf
inf inf
inf inf
inf inf
inf inf
inf inf
5.770912245250777950e+00 3.563499375235466715e+01
7.627351386780176767e-01 -1.111482993077034820e+01
4.124460640101797360e+00 -1.132152982866058188e+01
2.985857862114606465e-01 -3.959403264547832180e+01
inf inf
inf inf
1.082701334125571568e+00 -5.429552577294280979e-01
3.659429928201391569e+00 -1.662728842901791637e+01
4.813984946814643395e-01 2.094965101698758403e+01
1.102496813060450798e+01 3.389807968627348567e-01
inf inf
inf inf
inf inf
inf inf
inf inf
inf inf
inf inf
inf inf
inf inf
1.953544419790053777e+00 2.441072229122524817e+01
inf inf
inf inf
inf inf
inf inf
inf inf
inf inf
3.242836770336343100e-01 3.028003252835267034e+01
inf inf
inf inf
inf inf
5.202332191937864003e-01 -4.462557715159395855e+01
-5.099182523716679905e-01 -1.256115376928799350e+02
7.602981152441047108e+00 -4.901802691090259678e+00
4.802581762297673529e-01 -6.132854335589479433e+01
inf inf
inf inf
7.330036381562483605e+00 -4.296457338227150302e+01
inf inf
inf inf
inf inf
1.746175079852729439e+01 -3.005002168040100674e+00
inf inf
inf inf
inf inf
inf inf
-2.397379111386271633e-01 -1.715623061083025505e+02
inf inf
inf inf
inf inf
inf inf
inf inf
1.103558207993692530e+00 5.337361511494253108e+01
3.532792227674769192e-01 -4.179527261683614370e+01
1.013701956599803111e+00 -3.706062775889767380e+01
inf inf
inf inf
inf inf
inf inf
2.704926929941570357e+00 1.906865550279116306e+01
inf inf
7.622601932342192299e-01 -2.079244200413802801e+01
inf inf
inf inf
9.346839265293899190e-01 6.521140177898271872e+01
8.709784774156258180e+00 7.602316562954726520e-02
inf inf
5.386046622671210926e+00 5.306001028149255205e+01
inf inf
inf inf
inf inf
6.155524666578077175e-01 1.984881706221531772e+01
inf inf
inf inf
inf inf
9.781179822746587371e-01 -2.008315828858568963e+01
1.595123793225152964e+00 2.703692501279117089e+00
inf inf
inf inf
inf inf
inf inf
2.275697751645294531e+01 -1.059269274988662302e+00
inf inf
inf inf
inf inf
inf inf
inf inf
inf inf
inf inf
inf inf
inf inf
1.837911073188922273e-01 1.690773369408661040e+02
inf inf
inf inf
inf inf
inf inf
inf inf
inf inf
inf inf
inf inf
inf inf
