inf
inf
inf
1.042614000000000000e+07
1.172928000000000000e+07
inf
inf
5.007808000000000000e+06
6.105192000000000000e+06
3.087389000000000000e+06
2.813043000000000000e+06
2.160572000000000000e+07
6.448124000000000000e+06
inf
6.859642000000000000e+06
1.172928000000000000e+07
4.802050000000000000e+06
5.487914000000000000e+06
8.162784000000000000e+06
7.408334000000000000e+06
inf
7.614092000000000000e+06
inf
inf
inf
8.985821000000000000e+06
7.065401000000000000e+06
inf
inf
7.682679000000000000e+06
3.567494000000000000e+06
3.841840000000000000e+06
inf
5.213568000000000000e+06
4.596290000000000000e+06
3.841840000000000000e+06
6.791056000000000000e+06
4.527704000000000000e+06
6.859642000000000000e+06
5.899432000000000000e+06
5.762260000000000000e+06
6.379537000000000000e+06
5.899432000000000000e+06
5.968018000000000000e+06
inf
5.693673000000000000e+06
inf
inf
5.007808000000000000e+06
5.899432000000000000e+06
inf
inf
6.516710000000000000e+06
inf
5.693673000000000000e+06
5.625086000000000000e+06
inf
4.870636000000000000e+06
inf
5.625086000000000000e+06
inf
4.390531000000000000e+06
inf
4.116185000000000000e+06
7.957024000000000000e+06
inf
6.791056000000000000e+06
4.802050000000000000e+06
4.321944000000000000e+06
5.350740000000000000e+06
3.910426000000000000e+06
inf
7.614092000000000000e+06
9.122994000000000000e+06
5.762260000000000000e+06
inf
inf
inf
5.487914000000000000e+06
4.390531000000000000e+06
inf
5.968018000000000000e+06
5.899432000000000000e+06
5.213568000000000000e+06
5.350740000000000000e+06
2.023399000000000000e+07
9.877444000000000000e+06
7.682679000000000000e+06
inf
1.529577000000000000e+07
5.419327000000000000e+06
inf
inf
5.144982000000000000e+06
4.939222000000000000e+06
1.797064000000000000e+07
5.076395000000000000e+06
6.379537000000000000e+06
inf
inf
inf
inf
3.704667000000000000e+06
7.271160000000000000e+06
inf
inf
inf
6.105192000000000000e+06
2.538698000000000000e+06
inf
inf
inf
5.282154000000000000e+06
inf
inf
3.636080000000000000e+06
1.543294000000000000e+07
inf
inf
inf
1.282666000000000000e+07
inf
7.614092000000000000e+06
9.054407000000000000e+06
inf
inf
4.527704000000000000e+06
6.791056000000000000e+06
1.227797000000000000e+07
6.791056000000000000e+06
inf
inf
4.802050000000000000e+06
inf
inf
4.527704000000000000e+06
6.653882000000000000e+06
5.419327000000000000e+06
inf
8.848648000000000000e+06
6.310950000000000000e+06
1.111200000000000000e+07
1.104341000000000000e+07
inf
6.653882000000000000e+06
1.186645000000000000e+07
inf
5.419327000000000000e+06
1.124917000000000000e+07
inf
1.598164000000000000e+07
8.368543000000000000e+06
8.437130000000000000e+06
4.802050000000000000e+06
inf
inf
6.310950000000000000e+06
inf
inf
8.985821000000000000e+06
2.470111000000000000e+06
inf
inf
6.859642000000000000e+06
6.585296000000000000e+06
2.607284000000000000e+06
5.830846000000000000e+06
1.858792000000000000e+07
6.036605000000000000e+06
1.227797000000000000e+07
9.946031000000000000e+06
inf
inf
1.186645000000000000e+07
6.722469000000000000e+06
inf
inf
7.614092000000000000e+06
inf
inf
3.361734000000000000e+06
inf
inf
inf
5.144982000000000000e+06
1.474708000000000000e+07
inf
1.351253000000000000e+07
inf
1.042614000000000000e+07
inf
1.694185000000000000e+07
6.516710000000000000e+06
9.122994000000000000e+06
6.996815000000000000e+06
inf
inf
4.390531000000000000e+06
inf
inf
inf
inf
2.037117000000000000e+07
inf
inf
inf
inf
inf
inf
inf
inf
7.476920000000000000e+06
inf
inf
7.133988000000000000e+06
inf
inf
8.025611000000000000e+06
inf
8.780062000000000000e+06
inf
inf
inf
inf
inf
inf
inf
inf
5.830846000000000000e+06
inf
inf
inf
inf
inf
inf
inf
inf
6.448124000000000000e+06
9.260167000000000000e+06
inf
inf
inf
9.603099000000000000e+06
inf
inf
5.899432000000000000e+06
inf
1.001462000000000000e+07
5.144982000000000000e+06
inf
inf
inf
inf
inf
inf
inf
inf
inf
inf
inf
inf
1.008320000000000000e+07
7.957024000000000000e+06
inf
1.022038000000000000e+07
1.769630000000000000e+07
9.603099000000000000e+06
inf
inf
inf
inf
inf
inf
1.852833000000000000e+06
inf
inf
inf
inf
inf
inf
inf
inf
inf
inf
5.556500000000000000e+06
3.498908000000000000e+06
1.282666000000000000e+07
7.271160000000000000e+06
inf
inf
1.172928000000000000e+07
6.722469000000000000e+06
7.957024000000000000e+06
5.076395000000000000e+06
inf
inf
inf
inf
inf
inf
inf
inf
inf
7.202574000000000000e+06
inf
inf
inf
inf
inf
inf
8.162784000000000000e+06
inf
inf
inf
5.213568000000000000e+06
4.802050000000000000e+06
6.722469000000000000e+06
1.440415000000000000e+07
inf
inf
9.054407000000000000e+06
inf
inf
inf
2.607284000000000000e+06
inf
inf
inf
inf
5.282154000000000000e+06
inf
inf
inf
inf
inf
8.848648000000000000e+06
5.213568000000000000e+06
4.802050000000000000e+06
inf
inf
inf
inf
8.642889000000000000e+06
inf
5.899432000000000000e+06
inf
inf
5.556500000000000000e+06
4.116185000000000000e+06
inf
5.350740000000000000e+06
inf
inf
inf
6.242364000000000000e+06
inf
inf
inf
7.957024000000000000e+06
2.043975000000000000e+07
inf
inf
inf
inf
3.293148000000000000e+06
inf
inf
inf
inf
inf
inf
inf
inf
inf
1.138635000000000000e+07
inf
inf
inf
inf
inf
inf
inf
inf
inf
