6.928228000000000000e+06
6.173778000000000000e+06
6.722469000000000000e+06
7.614092000000000000e+06
4.527704000000000000e+06
9.534512000000000000e+06
9.603099000000000000e+06
inf
6.996815000000000000e+06
5.282154000000000000e+06
3.567494000000000000e+06
3.209944000000000000e+07
4.047599000000000000e+06
4.596290000000000000e+06
4.471934000000000000e+07
inf
inf
1.632457000000000000e+07
4.184772000000000000e+06
6.242364000000000000e+06
6.928228000000000000e+06
5.693673000000000000e+06
5.968018000000000000e+06
4.870636000000000000e+06
inf
3.636080000000000000e+06
6.448124000000000000e+06
7.133988000000000000e+06
6.585296000000000000e+06
1.124917000000000000e+07
inf
7.408334000000000000e+06
7.065401000000000000e+06
7.819852000000000000e+06
7.682679000000000000e+06
5.213568000000000000e+06
4.253358000000000000e+06
inf
4.733463000000000000e+06
5.968018000000000000e+06
4.733463000000000000e+06
2.881630000000000000e+06
4.184772000000000000e+06
5.899432000000000000e+06
9.260167000000000000e+06
inf
3.636080000000000000e+06
4.802050000000000000e+06
9.534512000000000000e+06
5.762260000000000000e+06
8.917235000000000000e+06
inf
5.762260000000000000e+06
1.509001000000000000e+07
8.231370000000000000e+06
6.242364000000000000e+06
5.556500000000000000e+06
inf
5.857380000000000000e+07
8.574302000000000000e+06
5.693673000000000000e+06
8.025611000000000000e+06
9.122994000000000000e+06
7.819852000000000000e+06
2.470111000000000000e+06
inf
3.704667000000000000e+06
9.122994000000000000e+06
inf
8.985821000000000000e+06
2.428059000000000000e+07
5.968018000000000000e+06
1.097483000000000000e+07
6.310950000000000000e+06
6.722469000000000000e+06
8.574302000000000000e+06
6.379537000000000000e+06
3.018802000000000000e+06
2.607284000000000000e+06
inf
4.321944000000000000e+06
1.337535000000000000e+07
9.808858000000000000e+06
5.213568000000000000e+06
1.337535000000000000e+07
6.791056000000000000e+06
1.289525000000000000e+07
1.454132000000000000e+07
1.385546000000000000e+07
1.852833000000000000e+06
inf
inf
2.744457000000000000e+06
5.213568000000000000e+06
3.676332000000000000e+07
7.202574000000000000e+06
7.545506000000000000e+06
9.671685000000000000e+06
6.448124000000000000e+06
5.007808000000000000e+06
4.253358000000000000e+06
inf
6.585296000000000000e+06
7.133988000000000000e+06
8.780062000000000000e+06
inf
3.087389000000000000e+06
1.776488000000000000e+07
3.567494000000000000e+06
2.881630000000000000e+06
6.791056000000000000e+06
1.138635000000000000e+07
inf
inf
1.584446000000000000e+07
inf
inf
1.989106000000000000e+07
3.511725000000000000e+07
inf
inf
5.830846000000000000e+06
9.465926000000000000e+06
7.133988000000000000e+06
8.648847000000000000e+07
inf
2.675870000000000000e+06
1.118059000000000000e+07
1.351253000000000000e+07
inf
1.028896000000000000e+07
6.585296000000000000e+06
2.950216000000000000e+06
1.330677000000000000e+07
3.910426000000000000e+06
3.979012000000000000e+06
3.704667000000000000e+06
1.289525000000000000e+07
3.841840000000000000e+06
inf
inf
3.120782000000000000e+07
2.777850000000000000e+07
6.310950000000000000e+06
6.585296000000000000e+06
1.193504000000000000e+07
8.094198000000000000e+06
2.764133000000000000e+07
3.087389000000000000e+06
inf
6.310950000000000000e+06
inf
8.985821000000000000e+06
5.899432000000000000e+06
3.910426000000000000e+06
4.047599000000000000e+06
4.184772000000000000e+06
1.330677000000000000e+07
inf
inf
inf
4.527704000000000000e+06
6.242364000000000000e+06
3.773253000000000000e+06
6.653882000000000000e+06
inf
6.585296000000000000e+06
4.733463000000000000e+06
2.188007000000000000e+07
inf
inf
5.487914000000000000e+06
4.253358000000000000e+06
1.522719000000000000e+07
inf
inf
2.950216000000000000e+06
inf
8.642889000000000000e+06
5.624186000000000000e+07
inf
2.881630000000000000e+06
inf
2.538698000000000000e+06
7.888438000000000000e+06
inf
inf
inf
inf
1.605022000000000000e+07
inf
3.319683000000000000e+07
6.859642000000000000e+06
3.360834000000000000e+07
inf
9.877444000000000000e+06
2.401525000000000000e+06
6.173778000000000000e+06
inf
7.957024000000000000e+06
1.042614000000000000e+07
inf
inf
inf
4.596290000000000000e+06
4.321944000000000000e+06
inf
inf
inf
inf
inf
8.848648000000000000e+06
1.104341000000000000e+07
7.271160000000000000e+06
9.397340000000000000e+06
6.653882000000000000e+06
1.083765000000000000e+07
6.379537000000000000e+06
1.015179000000000000e+07
inf
inf
3.861516000000000000e+07
inf
1.179786000000000000e+07
3.430321000000000000e+06
inf
inf
inf
inf
3.430321000000000000e+06
inf
6.448124000000000000e+06
inf
inf
4.047599000000000000e+06
inf
1.152352000000000000e+07
1.316959000000000000e+07
9.946031000000000000e+06
9.946031000000000000e+06
6.173778000000000000e+06
3.224562000000000000e+06
6.585296000000000000e+06
inf
inf
inf
inf
2.744457000000000000e+06
inf
3.224562000000000000e+06
inf
inf
inf
inf
5.693673000000000000e+06
inf
inf
1.577588000000000000e+07
7.408334000000000000e+06
inf
2.950216000000000000e+06
3.704667000000000000e+06
3.773253000000000000e+06
8.985821000000000000e+06
1.159211000000000000e+07
4.307327000000000000e+07
inf
inf
inf
2.744457000000000000e+06
inf
inf
inf
2.167431000000000000e+07
inf
inf
inf
inf
1.921420000000000000e+06
inf
6.105192000000000000e+06
inf
3.293148000000000000e+06
inf
6.173778000000000000e+06
inf
2.127179000000000000e+06
5.144982000000000000e+06
8.299957000000000000e+06
1.056331000000000000e+07
8.231370000000000000e+06
7.888438000000000000e+06
2.380049000000000000e+07
inf
3.430321000000000000e+06
inf
inf
inf
3.704667000000000000e+06
3.155975000000000000e+06
3.567494000000000000e+06
inf
inf
inf
2.813043000000000000e+06
inf
inf
8.231370000000000000e+06
7.339747000000000000e+06
1.049472000000000000e+07
3.498908000000000000e+06
9.740272000000000000e+06
6.791056000000000000e+06
8.917235000000000000e+06
1.090624000000000000e+07
9.603099000000000000e+06
2.813043000000000000e+06
1.543294000000000000e+07
5.487914000000000000e+06
9.191580000000000000e+06
inf
2.744457000000000000e+06
4.802050000000000000e+06
3.841840000000000000e+06
inf
3.087389000000000000e+06
inf
6.722469000000000000e+06
3.704667000000000000e+06
3.120782000000000000e+07
1.913661000000000000e+07
3.910426000000000000e+06
2.524080000000000000e+07
1.578488000000000000e+06
6.173778000000000000e+06
3.910426000000000000e+06
8.162784000000000000e+06
inf
8.299957000000000000e+06
2.942457000000000000e+07
5.899432000000000000e+06
6.859642000000000000e+06
7.271160000000000000e+06
inf
1.220938000000000000e+07
4.459118000000000000e+06
inf
1.076907000000000000e+07
5.487914000000000000e+06
6.791056000000000000e+06
6.448124000000000000e+06
1.028896000000000000e+07
6.791056000000000000e+06
1.550153000000000000e+07
4.664876000000000000e+06
1.303242000000000000e+07
2.215441000000000000e+07
8.231370000000000000e+06
1.570729000000000000e+07
inf
2.195766000000000000e+06
4.870636000000000000e+06
3.087389000000000000e+06
5.419327000000000000e+06
inf
2.881630000000000000e+06
6.791056000000000000e+06
4.802050000000000000e+06
2.538698000000000000e+06
inf
9.328753000000000000e+06
5.830846000000000000e+06
5.625086000000000000e+06
3.773253000000000000e+06
6.928228000000000000e+06
inf
9.534512000000000000e+06
1.131776000000000000e+07
inf
inf
inf
1.921420000000000000e+06
inf
1.268949000000000000e+07
