-8.625278345310094608e+01
inf
-8.923243858371004933e+01
-8.960207742808078990e+01
-8.522419437995272062e+01
-8.464175151208242198e+01
-8.568499338479171001e+01
inf
-8.748728127067518301e+01
-8.511698710749512031e+01
-9.108299295354228775e+01
inf
-7.820729324258215343e+01
-7.993078549740297944e+01
-8.435892554901286644e+01
inf
inf
-8.959290824873961867e+01
-8.537570192648807677e+01
-8.594295106949140006e+01
-8.340060310175434211e+01
inf
-8.601111302119883817e+01
-8.691852156633274262e+01
inf
-1.035323809923498430e+02
-8.675047331029583120e+01
-8.628795938169983515e+01
-8.615076599095573329e+01
-8.576414061302345715e+01
inf
-8.702099858514927178e+01
-8.510427013094819415e+01
-8.714715525989284117e+01
-8.772105762927644435e+01
-8.605827080051163591e+01
-8.619224181383178518e+01
inf
-8.804691279425537687e+01
-7.944653887097355494e+01
-8.732172844044404769e+01
inf
-7.927772910206088852e+01
-9.023531914856675940e+01
-8.831039161448906327e+01
inf
inf
-8.864977950775983118e+01
-8.696604465109321325e+01
-8.495988983745347412e+01
-8.933495622967474503e+01
inf
-8.624415301717762361e+01
-8.562318324697109517e+01
-8.690483695295257860e+01
-8.421305916374981848e+01
-9.154591638074867888e+01
inf
-9.009458516186694510e+01
-8.534414978119409056e+01
-8.872728774528803797e+01
-8.713776820620822150e+01
-8.352608587109588711e+01
-8.643131487716307504e+01
inf
inf
inf
-8.072115700238359182e+01
inf
-8.589817845432790477e+01
-8.776154630023025049e+01
-9.160124655533630289e+01
-8.472660400400141611e+01
-7.759363429943753943e+01
-8.936068963192339254e+01
-7.980709558379362534e+01
-8.574969543819595685e+01
inf
inf
inf
inf
-8.736417921516674312e+01
inf
-9.677927693572929968e+01
-8.905493681191595101e+01
-8.500825571642076284e+01
-9.252624222322761227e+01
-8.718344887652402520e+01
-1.061747257361904531e+02
inf
inf
inf
inf
-8.647610206418568168e+01
-8.818429356445955136e+01
inf
-8.657333355621703674e+01
-8.968042189775070483e+01
-8.742842530669126688e+01
-8.165018996490124437e+01
inf
inf
-8.652271514260353058e+01
-8.833810003481887918e+01
-8.468478163874607390e+01
inf
inf
inf
-8.528912828062209428e+01
inf
inf
-8.697626330254061600e+01
inf
inf
-8.818520330403114826e+01
inf
inf
-8.834760909663962991e+01
-9.073416714552423912e+01
inf
inf
-8.459112103295443319e+01
-8.474721152752073294e+01
inf
-8.561035066543043115e+01
inf
inf
inf
inf
inf
-8.701445184636976649e+01
-8.615711668809335322e+01
inf
-8.804843603824986076e+01
-8.987136038324052834e+01
inf
-7.060300525890072265e+01
-9.120212972738076473e+01
inf
inf
inf
-9.156898229245221899e+01
-8.604610362832416115e+01
-8.670892967986169708e+01
-8.846637822670236062e+01
-8.529802166556984844e+01
-9.012530846971846188e+01
-8.914296792354562626e+01
inf
inf
-8.880026636123228911e+01
inf
-8.496168545961478458e+01
-8.759879195548401754e+01
inf
inf
inf
-8.923962578189139094e+01
inf
inf
inf
inf
inf
inf
inf
inf
inf
-8.745144591777750520e+01
-7.188923212684561292e+01
inf
inf
-8.623010473460610115e+01
inf
-8.578430745497520604e+01
inf
inf
inf
inf
-9.129721392224682575e+01
inf
inf
inf
inf
inf
-8.992001461143867402e+01
inf
inf
inf
inf
-8.620130466708023675e+01
inf
-8.984205202996628259e+01
-7.909615605459597987e+01
-9.213113998441315289e+01
inf
-9.138619789247293568e+01
inf
inf
inf
inf
-9.220464287251610358e+01
inf
inf
inf
-8.914905388152561727e+01
inf
inf
inf
inf
inf
inf
-8.964402056919074369e+01
-9.550743325797006378e+01
-8.611229233184677412e+01
-8.708753046794997488e+01
inf
-8.707594411536250334e+01
-8.679348226803645616e+01
-8.712221920499533212e+01
inf
inf
inf
inf
-7.630727981638234780e+01
inf
inf
inf
inf
inf
inf
inf
-9.826778327183603778e+01
inf
inf
inf
inf
-1.024478642977102822e+02
-8.788698989346134738e+01
-8.771195035858266920e+01
-8.878962715111670434e+01
-8.649351004544170962e+01
inf
-8.079839539421307393e+01
inf
inf
inf
inf
inf
inf
inf
inf
inf
inf
inf
inf
inf
inf
-8.827094350585899463e+01
-8.149098744371090675e+01
inf
inf
inf
inf
inf
-7.869789150586997550e+01
-8.537031265302699978e+01
inf
inf
inf
inf
inf
inf
inf
-8.018565548900916440e+01
inf
inf
inf
inf
-8.340407064033254869e+01
inf
-9.431910856049378822e+01
inf
inf
inf
-9.096095134886944322e+01
inf
-8.394301065184295396e+01
-9.452426781431017844e+01
-8.772890480672008096e+01
-8.588543770703434177e+01
inf
-8.868475132833563634e+01
-8.666803332459285514e+01
inf
inf
inf
inf
inf
inf
inf
inf
inf
inf
inf
inf
inf
inf
inf
-8.583538372105398651e+01
-9.470391761851139734e+01
inf
-9.028475556672786695e+01
-7.922507735510930615e+01
-8.505549568985725273e+01
-8.733779170222526034e+01
-9.019668653170374739e+01
inf
-8.509977916865669556e+01
-8.946358357120971050e+01
-9.037229487364729152e+01
inf
inf
inf
inf
inf
inf
inf
-8.338527938386894789e+01
inf
inf
-8.982262892660762077e+01
inf
-8.589847304837864783e+01
inf
-8.158354312794676844e+01
-8.367782780516793650e+01
-8.501961504428871308e+01
inf
-9.060227821810883597e+01
-8.835693070940973826e+01
-8.656600894058266249e+01
-8.028891664475739276e+01
-8.818167829923592649e+01
inf
-8.802491397785595950e+01
-7.184709572492869256e+01
inf
-9.120200641965648458e+01
-8.957569848002468405e+01
-8.962538021396284194e+01
-8.508862726319217984e+01
-8.653546409321990041e+01
-8.928365307433516307e+01
-9.039676550683478240e+01
inf
-8.929570384292267704e+01
-8.607290318983191924e+01
-8.070760206082952948e+01
-8.854391378939614299e+01
inf
inf
-8.319187553096398346e+01
inf
-8.945276868323443864e+01
inf
inf
-8.690615680920441832e+01
-7.857505895107719596e+01
-9.567981829493930945e+01
inf
inf
-8.729921243050461044e+01
-8.889774955599838790e+01
inf
inf
inf
-7.376264805003162905e+01
-8.304310139598260321e+01
inf
inf
inf
inf
inf
inf
