inf inf
inf inf
inf inf
8.366101218813170703e+00 -2.730216277791465274e+01
3.313996012121607215e+00 4.235714986319814557e+01
inf inf
inf inf
1.489625799246667048e+00 -4.734864783243769182e+01
1.420336848242155670e+00 -1.343784314353621845e+01
2.213089128788093163e+01 1.752811023017769365e+00
3.536099909524548224e+01 -9.164136479832674098e+00
1.857688436227216799e+00 2.471253166081319463e+01
9.023588475232214856e-01 -3.353710203962840097e+01
inf inf
2.003865044037086207e+00 -1.384485484801079913e+01
1.800391506595336644e+00 -1.489330894225227553e+01
4.397955207376716302e+00 -4.315491467509362877e+01
3.416185439520481282e+01 -1.211518523291178440e+01
1.323766901747245983e+00 -1.832594723367860112e+01
2.969634304339692221e+00 -2.259046502783946586e+00
inf inf
1.340354883953459364e+00 -8.191330399613017121e+00
inf inf
inf inf
inf inf
1.386660098657466644e+00 9.832527753432557915e+00
1.311816308200137504e+00 6.068416587224781722e+00
inf inf
inf inf
1.213858318900230548e+00 -3.591832771534532043e+01
1.815411902013734391e+01 -3.588813340638264293e+00
1.511521036985705502e+00 -3.327659256090723261e+01
inf inf
1.407569354149047269e+00 2.001073938442202937e+00
8.649796440198421976e+00 -4.845313365249478643e+00
8.797844743122108513e-01 -3.974423885363443532e+01
4.993889843232818815e-01 -2.671851741638249322e+01
2.077146935255527627e+00 -7.131055859137572561e+00
1.008164811743650136e+00 -2.454275531258616283e+01
7.731686312111255566e-01 -4.328000755837438618e+01
1.304004705506091710e+00 -4.291727636830432857e+01
1.687470910182805373e+00 -3.020725967244307952e+01
2.658285686420909855e+01 -8.743541252700085309e+00
1.082443568790830923e+01 -2.266550883062337718e+01
inf inf
1.669368635628727393e+00 -1.912373871769261413e+01
inf inf
inf inf
2.043193812922940111e+00 -2.791220380724879391e+01
1.336001591874129879e+01 -2.281798437450011097e+00
inf inf
inf inf
4.337702577935370063e-01 -2.330361065902956952e+01
inf inf
1.668857317958452713e+00 -5.246437431640892868e+01
-1.132173319899268046e-02 -6.656340655916561445e+03
inf inf
4.408969672500299697e-01 -7.505905191205390281e+01
inf inf
1.104719872308032258e+00 -5.027316742406882089e-01
inf inf
9.061887446678866809e-01 -4.489005049535297331e+01
inf inf
-6.292746263709453336e-02 -2.929633323885930167e+02
1.145257491099329478e-01 1.022495682779554471e+02
inf inf
6.168677650098509657e-01 -3.088481091507690124e+01
9.942161331065485497e-01 2.545201259990206299e+00
8.283989442992644170e-01 -3.494561795875977595e+01
5.802629809771474578e-01 -5.897370750560604336e+01
9.360983707960761624e-01 -3.441136093777981841e+01
inf inf
1.172446924073655694e+00 -1.946827475292494825e+01
1.491100208535382610e+00 3.930954844260887171e+01
5.473089011895562184e-01 6.843427406472539498e-02
inf inf
inf inf
inf inf
5.006055018872809903e+00 1.114317970614588127e+01
1.183627437539270844e+01 9.685674825839358348e+00
inf inf
5.062830800502934991e+00 -5.308868807737270323e+00
2.434317284089460021e-01 6.603201224006549808e+01
4.081012962325761828e-01 -1.389404104934068584e+01
1.140091932773126260e+00 -5.486679984172548075e+01
7.053908830217260617e-02 -1.432116903976936726e+02
8.608952115064941735e-01 -5.765265846018721163e+01
2.659715114921439039e+01 -1.190053508318171716e+01
inf inf
2.077443951699536537e-02 2.397059421847569638e+02
5.523086077803592842e-01 -4.284877773565431625e+01
inf inf
inf inf
4.653867103332934851e-01 -2.505569768337762682e+01
1.306469310041471765e-01 7.259730782363929791e+01
7.077351642997889769e+00 -1.491793130408256474e+01
5.945142933905306348e-01 -7.137236683841035934e+00
5.510079144922287453e-01 -3.405854426359412201e+01
inf inf
inf inf
inf inf
inf inf
1.134869990474218326e+01 4.115067017893310641e+00
1.935558143147441568e+00 -4.427285660336308837e+01
inf inf
inf inf
inf inf
3.203573022071566911e-01 8.427374685144611988e+01
1.143737567375861275e+01 -3.993336535308833923e+00
inf inf
inf inf
inf inf
6.447849233803215618e-01 -3.369726271486919700e+01
inf inf
inf inf
1.411502764684198041e+01 -4.504315457752102070e+00
1.584209176182745260e+00 -1.254805057590879080e+01
inf inf
inf inf
inf inf
9.420774592689151739e-01 -2.926909159543456695e+01
inf inf
5.860739707816758903e-01 -1.290169073460024762e+01
3.551555943104154345e+00 4.947188796713223979e+00
inf inf
inf inf
2.331974826516101107e+00 1.394979032093339733e+01
6.370386221739655630e-01 -7.181036055737176405e+00
1.132121921308943069e+00 -3.651064742044430744e+01
9.937520431573707569e+00 -9.422550986677274309e+00
inf inf
inf inf
1.089583970494742315e+00 -3.025603838893363218e+01
inf inf
inf inf
8.431322238217887621e-01 -3.281874620108078489e+01
2.560521607431114788e+00 -8.263778191362181502e+00
1.293554318846168982e+01 -5.628997323939108899e-01
inf inf
7.535513621426499498e-01 -3.116183286612382375e+01
7.131795950867537703e-01 -4.617865041673700688e+01
1.154079371002920684e+00 1.574191596833142359e+00
8.940047509647784940e-01 -2.682710659443918289e+00
inf inf
6.344071828700370563e-01 -7.217603922938393701e+00
1.740223137138105169e+00 -7.180424116074840768e+00
inf inf
1.565500791476263531e+00 -5.617732851102922531e+00
1.670881944943442443e+00 -6.266883982014068977e+01
inf inf
5.554864730812769658e-01 -2.674253899994885231e+01
5.424817871328834862e+00 -1.845227718936151007e+00
9.767025549748246105e-01 -3.825757885292050986e+01
1.084543271421667576e+01 1.204922402775810930e+01
inf inf
inf inf
2.132145842340623432e+01 -8.868317477464401577e+00
inf inf
inf inf
9.138360403929071119e-01 -4.425770279656867956e+01
2.323837137683528908e+01 2.798088928956466770e+00
inf inf
inf inf
7.492847174136524346e-01 -1.901543949105861486e+01
7.893687366237942538e-01 -3.775453372688470211e+01
2.889911060332222448e+01 8.707833353224704309e-01
9.100904172756880683e+00 -1.526215217977922300e+01
4.261466391240530172e+00 -1.190040016179198012e+01
1.098006317640318974e+00 2.790452512904001736e+01
1.457966654981624144e+00 -1.328375908619288026e+01
7.432741999667380917e+00 8.097243463578577050e+00
inf inf
inf inf
1.463650131343525507e+00 -6.252570761947660927e+00
1.488579430677259063e+00 -3.230087258031193187e+01
inf inf
inf inf
4.611100948395090993e-01 2.074497136423205390e+01
inf inf
inf inf
1.784079124753833412e+01 1.339761990128787517e+01
inf inf
inf inf
inf inf
2.001821598988978490e+00 -2.466860823685513537e+01
5.613468954098204122e-01 -2.764087152772646760e+01
inf inf
1.446979026662981127e+01 -8.105040044437421543e+00
inf inf
6.165686420662410683e-01 -3.499546429128091063e+01
inf inf
1.153925034798683136e+00 2.468501316759338593e+01
1.682289061593005064e+00 -4.357376572236337609e+01
3.777664380512170683e-01 2.225591824702253518e+01
4.912080560755271996e+00 -2.211548592238742827e+01
inf inf
inf inf
1.919507093646673468e+01 7.279331496423270487e+00
inf inf
inf inf
inf inf
inf inf
8.351759467350166943e+00 -4.176239730145946538e+01
inf inf
inf inf
inf inf
inf inf
inf inf
inf inf
inf inf
inf inf
3.296510801517866351e+00 -1.552015756708810379e+01
inf inf
inf inf
4.249108821970145056e-01 -8.055851653257663614e+00
inf inf
inf inf
1.763189600141866764e+00 5.551222321763762402e+00
inf inf
1.337819781898037297e+00 1.232779335943702925e+01
inf inf
inf inf
inf inf
inf inf
inf inf
inf inf
inf inf
inf inf
1.334710167184252727e+00 1.076748212900620238e+01
inf inf
inf inf
inf inf
inf inf
inf inf
inf inf
inf inf
inf inf
1.698322837797030616e+01 1.824676536821482031e+01
3.919275922815967372e-01 -1.568192786533582961e+01
inf inf
inf inf
inf inf
2.945768366005496741e-01 -1.354301541232878936e+00
inf inf
inf inf
9.265470802966583319e-01 4.326757043626718868e+00
inf inf
1.043853268449097316e+00 -1.855818783012008666e+01
6.619057095527598467e-01 3.675528209829588833e-01
inf inf
inf inf
inf inf
inf inf
inf inf
inf inf
inf inf
inf inf
inf inf
inf inf
inf inf
inf inf
8.569383626524280650e-01 -5.275205024104800344e+01
5.161032160723628692e-01 -3.826601543133194383e+01
inf inf
1.385790114321473698e+00 1.969010398874484258e+00
7.877409741639883611e-01 7.263133204976458046e+01
2.786053566114474744e-01 4.630306297669204696e+01
inf inf
inf inf
inf inf
inf inf
inf inf
inf inf
4.021674511582077827e+01 8.608733559765916254e+00
inf inf
inf inf
inf inf
inf inf
inf inf
inf inf
inf inf
inf inf
inf inf
inf inf
5.439836090030975235e+00 2.376189172496421165e+01
9.997673212933875231e-01 -3.045406544020185535e+01
2.748784532540326175e+00 6.584133835275691737e-01
5.421881410882405383e-01 -8.947979298541605431e+01
inf inf
inf inf
4.358913062870163557e+00 -4.419439248512455620e+00
1.496730011287400686e+01 -1.419193571289087430e+01
6.672718066411587046e-01 2.361088023533241653e+01
1.543554562403504349e+01 6.154591703873226294e+00
inf inf
inf inf
inf inf
inf inf
inf inf
inf inf
inf inf
inf inf
inf inf
2.102403444194242521e+00 5.840822380924974411e+00
inf inf
inf inf
inf inf
inf inf
inf inf
inf inf
4.374202598721158020e-01 3.257816197346651066e+00
inf inf
inf inf
inf inf
8.053647924415969772e-01 -3.796744048441081532e+01
-1.337936201109423025e-02 -1.976131273826517145e+03
5.280865024933079965e+00 -1.339448796679262443e+01
1.803201577065590422e-01 -3.831987647196405788e+01
inf inf
inf inf
2.238392739057929681e+00 1.696688616439470252e+02
inf inf
inf inf
inf inf
1.125669811328609526e+01 -1.194195485228584452e+01
inf inf
inf inf
inf inf
inf inf
3.109003828899480903e-01 2.368006284333813483e+01
inf inf
inf inf
inf inf
inf inf
inf inf
3.534902799843554710e+00 -1.811831985739042139e+01
4.584262739121218733e-01 -5.069278380820794894e+01
2.405778708336138383e+00 -3.932468572734793355e+01
inf inf
inf inf
inf inf
inf inf
4.101299676968035435e+00 9.798338543241811749e+00
inf inf
7.926133077454705633e-01 -3.263035011529825624e+01
inf inf
inf inf
1.220211802569157955e+00 2.828701763988851425e+01
4.897803829913345730e+00 2.495607261180301517e+00
inf inf
6.704695853849892195e+00 1.607617382735877598e+01
inf inf
inf inf
inf inf
1.057699430772191640e+00 -2.128769513506377820e+01
inf inf
inf inf
inf inf
2.705859519445759531e+01 -8.827184564500772268e+00
1.314191035419126852e+00 1.661107349076288209e+00
inf inf
inf inf
inf inf
inf inf
3.069384896714995037e+01 -2.498096511760484528e+00
inf inf
inf inf
inf inf
inf inf
inf inf
inf inf
inf inf
inf inf
inf inf
5.631753370651276791e-01 -1.545778071412824239e+01
inf inf
inf inf
inf inf
inf inf
inf inf
inf inf
inf inf
inf inf
inf inf
