inf
inf
inf
4.661712000000000000e+08
2.758163000000000000e+08
inf
inf
1.435726000000000000e+09
9.657869000000000000e+08
5.690123000000000000e+07
4.313078000000000000e+07
2.672568000000000000e+08
1.653140000000000000e+09
inf
6.044260000000000000e+08
1.345901000000000000e+09
9.987564000000000000e+08
4.574886000000000000e+08
1.328517000000000000e+09
4.572344000000000000e+08
inf
8.036630000000000000e+08
inf
inf
inf
1.354034000000000000e+09
2.790506000000000000e+08
inf
inf
1.148831000000000000e+09
8.094938000000000000e+07
1.335606000000000000e+08
inf
7.221946000000000000e+08
6.705343000000000000e+08
2.665103000000000000e+09
1.764827000000000000e+09
4.237129000000000000e+08
4.665346000000000000e+09
2.906315000000000000e+09
2.360274000000000000e+09
1.435413000000000000e+09
1.164315000000000000e+08
2.527958000000000000e+09
inf
3.798502000000000000e+09
inf
inf
1.455406000000000000e+09
1.677917000000000000e+08
inf
inf
2.930901000000000000e+09
inf
2.901191000000000000e+09
2.115297000000000000e+09
inf
2.057126000000000000e+11
inf
5.236916000000000000e+09
inf
4.945758000000000000e+09
inf
1.538038000000000000e+10
1.335254000000000000e+10
inf
2.675936000000000000e+09
7.768007000000000000e+08
1.835695000000000000e+09
2.029850000000000000e+09
1.920304000000000000e+09
inf
1.048718000000000000e+09
1.600487000000000000e+09
2.757773000000000000e+09
inf
inf
inf
1.606831000000000000e+08
7.875745000000000000e+07
inf
2.816866000000000000e+08
2.930901000000000000e+09
3.744484000000000000e+09
2.562399000000000000e+09
3.410779000000000000e+10
2.582758000000000000e+09
3.071412000000000000e+08
inf
3.076076000000000000e+10
5.835818000000000000e+09
inf
inf
2.899115000000000000e+09
7.601389000000000000e+08
1.216784000000000000e+09
3.653054000000000000e+09
3.744484000000000000e+09
inf
inf
inf
inf
7.174317000000000000e+07
1.061229000000000000e+09
inf
inf
inf
1.600390000000000000e+09
5.743662000000000000e+07
inf
inf
inf
2.592676000000000000e+09
inf
inf
6.357532000000000000e+07
1.040430000000000000e+09
inf
inf
inf
2.357737000000000000e+09
inf
1.760579000000000000e+09
1.865927000000000000e+08
inf
inf
5.817960000000000000e+08
2.683572000000000000e+09
3.198641000000000000e+09
1.122388000000000000e+09
inf
inf
1.509471000000000000e+09
inf
inf
4.116503000000000000e+09
5.529908000000000000e+08
7.185006000000000000e+07
inf
2.140053000000000000e+09
2.966563000000000000e+09
1.116486000000000000e+09
1.142253000000000000e+09
inf
2.924391000000000000e+09
5.948473000000000000e+08
inf
5.077414000000000000e+08
1.588131000000000000e+09
inf
1.916461000000000000e+09
2.712992000000000000e+08
1.737346000000000000e+09
9.356521000000000000e+07
inf
inf
1.992977000000000000e+09
inf
inf
2.041812000000000000e+09
2.978011000000000000e+07
inf
inf
2.171109000000000000e+09
2.631016000000000000e+09
3.667839000000000000e+07
7.836018000000000000e+07
1.850714000000000000e+08
4.119401000000000000e+09
9.079729000000000000e+08
1.315577000000000000e+08
inf
inf
2.956437000000000000e+08
5.862846000000000000e+08
inf
inf
1.782701000000000000e+08
inf
inf
4.399976000000000000e+07
inf
inf
inf
1.288220000000000000e+09
2.949285000000000000e+09
inf
7.588246000000000000e+08
inf
2.166108000000000000e+09
inf
8.311358000000000000e+08
2.068763000000000000e+09
2.678114000000000000e+09
1.989123000000000000e+08
inf
inf
6.029906000000000000e+07
inf
inf
inf
inf
4.424819000000000000e+08
inf
inf
inf
inf
inf
inf
inf
inf
4.867137000000000000e+08
inf
inf
1.283448000000000000e+09
inf
inf
5.053588000000000000e+08
inf
6.577541000000000000e+08
inf
inf
inf
inf
inf
inf
inf
inf
7.275423000000000000e+08
inf
inf
inf
inf
inf
inf
inf
inf
7.519498000000000000e+07
2.204556000000000000e+09
inf
inf
inf
2.894812000000000000e+09
inf
inf
1.649205000000000000e+09
inf
8.169277000000000000e+08
1.704065000000000000e+09
inf
inf
inf
inf
inf
inf
inf
inf
inf
inf
inf
inf
3.049006000000000000e+09
3.321293000000000000e+09
inf
3.305865000000000000e+08
1.425891000000000000e+09
3.529653000000000000e+09
inf
inf
inf
inf
inf
inf
2.848925000000000000e+07
inf
inf
inf
inf
inf
inf
inf
inf
inf
inf
1.396185000000000000e+08
1.472334000000000000e+09
3.716263000000000000e+08
6.186845000000000000e+09
inf
inf
9.108625000000000000e+08
2.665426000000000000e+08
1.653555000000000000e+09
8.898055000000000000e+07
inf
inf
inf
inf
inf
inf
inf
inf
inf
4.316769000000000000e+08
inf
inf
inf
inf
inf
inf
1.965603000000000000e+09
inf
inf
inf
3.362004000000000000e+09
6.347930000000000000e+09
1.395283000000000000e+08
6.517627000000000000e+09
inf
inf
2.281734000000000000e+08
inf
inf
inf
4.480772000000000000e+07
inf
inf
inf
inf
5.083246000000000000e+09
inf
inf
inf
inf
inf
6.578856000000000000e+08
5.055917000000000000e+09
1.614619000000000000e+09
inf
inf
inf
inf
2.906315000000000000e+08
inf
1.430111000000000000e+09
inf
inf
6.978483000000000000e+08
1.198355000000000000e+08
inf
1.428750000000000000e+08
inf
inf
inf
1.327446000000000000e+09
inf
inf
inf
1.456695000000000000e+09
5.562031000000000000e+08
inf
inf
inf
inf
4.319981000000000000e+07
inf
inf
inf
inf
inf
inf
inf
inf
inf
2.719886000000000000e+09
inf
inf
inf
inf
inf
inf
inf
inf
inf
