1.182137000000000015e-11
1.598941999999999913e-11
4.483318000000000385e-12
1.898383999999999881e-11
5.721466000000000372e-12
1.293087000000000062e-11
inf
1.120622999999999919e-11
1.218133999999999987e-11
1.674049999999999960e-11
inf
1.150670999999999995e-11
1.363467999999999941e-11
inf
1.399360999999999978e-11
1.779550999999999876e-11
1.314737999999999926e-11
3.703718999999999720e-12
1.376353999999999933e-11
2.909585999999999958e-11
inf
1.253690999999999934e-11
9.285039000000000014e-12
1.217470000000000062e-11
1.162151999999999954e-11
2.048851000000000112e-11
1.581044999999999954e-11
1.709078999999999972e-11
1.247543000000000029e-11
1.099912999999999940e-11
1.211045000000000036e-11
1.176016000000000025e-11
6.681821999999999839e-12
1.521670000000000159e-11
8.350316999999999385e-12
1.319599999999999991e-11
1.178988000000000065e-11
1.661418999999999991e-11
1.401150999999999954e-11
9.307135000000000206e-12
1.199925000000000059e-11
1.568007999999999876e-11
1.515268000000000001e-11
1.016234000000000050e-11
1.563016999999999983e-11
1.387086999999999944e-11
1.359381999999999993e-11
3.427777000000000046e-12
1.322455000000000023e-11
6.404121999999999922e-12
6.228629999999999886e-12
inf
1.514992999999999904e-11
8.420295999999999687e-12
1.843564999999999930e-11
7.930927000000000705e-12
1.273291999999999983e-11
1.262324999999999955e-11
5.566067999999999987e-12
7.857752000000000464e-12
7.013053999999999775e-12
1.410272999999999922e-11
1.082692000000000048e-11
8.803752999999999635e-12
5.964896000000000274e-12
8.435461000000000663e-12
1.189492999999999968e-11
7.938075000000000787e-12
6.255256000000000261e-12
inf
1.319318000000000054e-11
9.590450000000000600e-12
9.585723000000000594e-12
5.820744000000000385e-12
2.287896999999999940e-11
1.174863999999999991e-11
inf
7.368014000000000112e-12
1.282898999999999944e-11
1.267168000000000039e-11
inf
6.268133000000000389e-12
1.807167999999999919e-11
1.179169999999999953e-11
1.172589000000000023e-11
1.534205999999999895e-11
1.349953999999999965e-11
inf
1.209974000000000070e-11
6.412925999999999730e-13
1.003941000000000033e-11
8.598440999999999631e-12
1.442075999999999963e-11
inf
1.349632000000000039e-11
1.168562000000000045e-11
1.124592999999999952e-11
3.892247000000000389e-12
inf
1.352251000000000031e-11
inf
1.550462999999999873e-11
1.497340999999999850e-11
1.381819000000000092e-12
1.170047999999999984e-11
1.084093999999999965e-11
9.624546000000000337e-12
6.706689000000000202e-12
4.823367000000000161e-12
1.162313999999999928e-11
1.155622999999999992e-11
inf
1.060844999999999970e-11
inf
1.055749999999999980e-11
9.163803000000000308e-12
1.231619999999999956e-11
5.278440000000000276e-12
inf
2.333659999999999893e-11
inf
1.376212999999999964e-11
1.482353999999999926e-12
1.107237000000000000e-11
inf
9.227476999999999254e-12
7.040658999999999838e-12
3.239388000000000050e-12
1.386216000000000078e-11
1.381354000000000013e-11
1.014334000000000068e-11
8.601913999999999530e-12
9.533504000000000006e-12
8.622979999999999675e-12
inf
9.883837999999999672e-12
inf
1.031931000000000038e-11
3.739346000000000009e-11
1.033418000000000070e-11
1.311078000000000000e-11
inf
3.125638999999999825e-12
5.636844999999999697e-12
9.886002000000000026e-12
inf
1.620833000000000027e-11
7.889991999999999931e-12
2.575471999999999913e-11
1.413504000000000032e-11
9.767094000000000024e-12
8.245720999999999898e-13
1.281586000000000028e-11
2.524009999999999865e-12
4.029743999999999636e-12
7.075528999999999668e-12
5.572900000000000215e-12
7.539233999999999458e-12
9.165572999999999400e-12
inf
1.889640000000000014e-11
inf
8.865784000000000101e-12
9.879829999999999110e-13
1.224584000000000066e-11
7.975924000000000498e-12
7.351984000000000634e-12
1.039549999999999948e-11
inf
1.074215000000000023e-11
4.709032999999999893e-12
1.036553000000000016e-11
8.357430000000000266e-12
1.447139000000000060e-11
1.401541999999999967e-11
1.062566999999999949e-11
3.838699000000000019e-12
6.216459000000000179e-12
inf
2.202317999999999906e-11
9.551962999999999332e-12
9.010608000000000171e-12
1.665923999999999920e-12
9.683061999999999277e-12
inf
7.574119000000000121e-14
1.276681999999999951e-11
inf
1.230180000000000075e-11
inf
1.013961999999999997e-12
7.469409999999999775e-12
6.733734000000000113e-12
8.748198000000000687e-12
7.314590999999999200e-12
2.027528000000000002e-12
2.013166999999999877e-12
2.240748999999999947e-12
1.091968999999999989e-11
1.752585000000000049e-12
6.960539000000000377e-12
2.111585999999999844e-11
1.047820000000000073e-12
inf
8.251517999999999616e-12
inf
inf
inf
2.610960000000000014e-12
inf
2.666129999999999909e-11
6.925419000000000018e-12
inf
1.002475000000000007e-11
7.091954999999999945e-12
9.044129999999999753e-12
1.302682999999999974e-11
5.090270000000000281e-12
1.849071000000000089e-12
5.126808999999999869e-12
1.066145999999999969e-11
5.052518999999999789e-12
inf
3.090194999999999941e-13
inf
6.473919999999999944e-12
inf
6.413769999999999640e-12
inf
8.920785000000000747e-12
inf
inf
9.398476999999999637e-13
8.630891999999999732e-12
1.176850000000000019e-11
8.853558999999999918e-12
7.163361000000000055e-12
1.512366000000000142e-11
6.619599000000000014e-12
1.296409000000000035e-11
6.987900000000000143e-12
inf
1.937898000000000110e-13
1.006972000000000043e-11
1.302097000000000000e-11
4.664471999999999958e-13
9.203231000000000329e-12
1.290541999999999975e-11
inf
1.010259999999999938e-11
1.388351000000000008e-11
1.100617999999999946e-11
inf
4.429697000000000083e-13
inf
1.376847999999999951e-11
1.048562000000000071e-11
inf
8.314434000000000436e-12
6.024606000000000229e-12
9.071875000000000661e-12
inf
9.519276999999999283e-12
5.649187000000000372e-12
5.195748999999999775e-12
6.795053999999999694e-12
4.258759999999999920e-12
1.066384000000000033e-11
1.203762000000000056e-11
8.940616999999999404e-12
6.800960000000000134e-12
1.634860000000000003e-11
1.978497000000000147e-11
1.296795000000000070e-11
6.367037999999999956e-12
1.008767999999999928e-11
8.184463999999999526e-12
inf
inf
8.250520999999999232e-12
1.008928999999999971e-11
7.649879999999999307e-12
9.696185999999999817e-12
3.536411000000000248e-13
7.934892000000000274e-12
1.448292999999999956e-11
inf
1.326172000000000057e-11
1.303633000000000045e-11
9.099432999999999442e-13
1.947666000000000114e-11
6.056342000000000166e-13
inf
1.074960999999999947e-11
1.135749999999999962e-11
1.148241999999999986e-11
8.129620000000000654e-12
1.412902999999999962e-11
1.088562999999999993e-11
5.720682999999999930e-12
inf
inf
inf
inf
8.039172000000000715e-12
1.091422000000000072e-11
1.235146000000000077e-11
1.199654000000000009e-11
7.926771000000000737e-12
1.507328999999999867e-11
8.649290999999999965e-12
8.430121999999999569e-12
1.386741999999999989e-11
1.132455999999999996e-11
1.244308000000000033e-11
2.260692000000000077e-12
1.066496000000000063e-11
3.526685000000000133e-12
7.166455999999999852e-12
1.120958000000000079e-11
9.155505000000000377e-12
1.213833999999999935e-11
1.008008999999999931e-11
5.838248000000000146e-12
1.283143000000000079e-11
2.423528000000000091e-11
2.321737999999999815e-12
3.911142999999999948e-12
2.400775999999999907e-12
1.036356999999999963e-11
7.083906999999999736e-12
1.217009999999999961e-11
1.084920000000000026e-11
2.910427000000000034e-12
5.873292999999999885e-15
1.488541999999999899e-11
2.119871000000000025e-11
8.616315000000000530e-12
1.144182000000000021e-11
1.049432999999999937e-11
1.321131999999999989e-11
2.021610999999999917e-11
inf
2.245428999999999883e-11
inf
9.388438999999999755e-12
2.008280000000000082e-11
1.534925000000000066e-11
1.145709000000000041e-11
inf
1.901952999999999943e-11
4.906075999999999945e-13
2.293122000000000172e-12
7.981483999999999921e-12
1.077911999999999982e-11
6.803664000000000402e-12
3.093456000000000142e-12
1.065524999999999986e-11
inf
4.035948999999999810e-12
1.505637999999999849e-11
1.633516999999999895e-11
1.909454999999999844e-11
1.057794000000000046e-11
1.393717999999999979e-11
1.419657000000000077e-11
1.014374000000000056e-11
1.315940000000000065e-11
inf
5.002070999999999679e-12
1.529764999999999874e-11
inf
inf
2.634712999999999903e-12
1.192715999999999984e-11
6.947222999999999669e-12
inf
5.009609000000000328e-12
5.508169000000000175e-12
1.205978999999999985e-11
5.709988999999999814e-12
1.608431000000000015e-12
1.553979999999999968e-11
1.906847000000000064e-11
