-8.528464413167664304e+01
-9.240718330350162546e+01
-8.509910492808437255e+01
-8.177653001842523395e+01
-8.293112923128055058e+01
-8.310037126191002699e+01
-8.327382008457018969e+01
-7.808728051307451778e+01
-8.290726181805888473e+01
inf
-8.429814979234053851e+01
-8.375218891846736824e+01
-8.688537847252757729e+01
-8.501451851953915195e+01
-8.238158441120995690e+01
-8.499475328324369627e+01
-8.244238420426044911e+01
inf
-8.629115748754708193e+01
-8.518307709919238846e+01
-8.517908674735096497e+01
-8.539926955784051188e+01
-8.580646191498708220e+01
-8.732382275998907062e+01
-8.566168064948386984e+01
-8.466566878627081394e+01
-8.296009654353770202e+01
-8.279345569516274850e+01
-8.374119441491102123e+01
-8.326101341189864513e+01
-8.128956473660986148e+01
-8.277011016937551346e+01
-7.392167974875803793e+01
-7.816209005246318497e+01
-8.409447061149326430e+01
-8.407893068117135726e+01
-9.545113506578525175e+01
-8.445398427968540034e+01
-8.549085245790018917e+01
-8.422015877111886084e+01
-8.512838026266724967e+01
-8.455619774327668381e+01
-8.493253282197404985e+01
-8.497483058324407068e+01
-8.519677926908124732e+01
-8.540405318270859425e+01
-8.669375635561797822e+01
-8.825928132728911635e+01
-8.471561307025747567e+01
-8.275599022556133377e+01
-8.444144125519481747e+01
-8.797970244606425183e+01
-8.159877988954063710e+01
-8.293693132458589901e+01
-8.146900802835416755e+01
inf
-8.366654230051477725e+01
-8.197507451214215735e+01
-8.369798164665928653e+01
-1.015696335499762029e+02
-8.507625598678555434e+01
-8.357181226719063716e+01
-8.421349860054807834e+01
-7.746016664555982345e+01
-8.462868263440746830e+01
inf
-8.586670807050464305e+01
-8.597977921355077058e+01
-8.414433217195143300e+01
-8.541608665069124129e+01
-8.543561697177401015e+01
inf
-9.705945903270988140e+01
-8.391236426908099588e+01
-8.377775011579153386e+01
-8.394788502892068038e+01
-8.242766593856266866e+01
-8.162951854576250810e+01
-8.392961477607880738e+01
-8.047421874284593457e+01
-8.300015581334740489e+01
-8.239310245396804078e+01
inf
inf
-8.294130634168310223e+01
-7.015280794249248686e+01
-8.354517407946997309e+01
-7.617479897912444642e+01
-8.280082262395069392e+01
-8.331748077767841210e+01
-8.477433790263867763e+01
-8.220536078224112941e+01
-8.469774309435221937e+01
-8.399010089038485205e+01
-8.550258396514797710e+01
-8.731328870015373411e+01
-9.987183702459751089e+01
-8.409454606864635196e+01
-8.470188184298862666e+01
-8.382577633847047593e+01
-8.202187798058319856e+01
-8.178540383759131771e+01
inf
-8.284103036634846262e+01
-8.129651696204275879e+01
-8.338807335766443884e+01
inf
-7.169382175774290999e+01
-8.390532256707753334e+01
-8.467163423869325811e+01
-8.392651932198940301e+01
-8.286592769304890282e+01
inf
-8.455748086372739181e+01
-8.469336957022359513e+01
inf
-8.431064501052165383e+01
-8.088602434809840247e+01
inf
-8.628467193510221023e+01
-8.285014322709535861e+01
-8.389813311238415849e+01
-8.453500273892150574e+01
-8.518494489140540793e+01
-8.175941997355808155e+01
-8.230921625103484018e+01
-9.196821979290508864e+01
-8.418135265383766352e+01
-8.303975125078810038e+01
-8.265242753644103857e+01
-8.417677908290671951e+01
-8.460855639458401356e+01
-8.474184023314069236e+01
-8.380778286998251758e+01
-8.339309070420833336e+01
-8.286071525029626628e+01
-8.423775029046802842e+01
-8.415701609317862619e+01
-9.520018397309846137e+01
-8.546359164748096759e+01
-8.146181856286973755e+01
-8.519337106660248082e+01
inf
-8.584091517182770303e+01
-8.475169354788442888e+01
-8.510695251156684549e+01
-8.314476992899028573e+01
-7.980122455040994112e+01
-8.172453289209178706e+01
inf
-8.440452420347486395e+01
-8.310639614142796461e+01
-7.505043322279674101e+01
-8.396187997184857466e+01
-8.342715193996174605e+01
-8.392693939205953768e+01
-8.427784549082811338e+01
-8.629723429423540892e+01
-8.251574408522270687e+01
inf
-8.308948021817313645e+01
-8.566803143132966625e+01
inf
-1.044755142027879060e+02
-8.429875974016979967e+01
-8.976035674461343206e+01
-8.625614136623586603e+01
inf
-8.437905945149681486e+01
-8.428031636558405637e+01
-8.517791557767679933e+01
-8.388331124951935180e+01
inf
-8.309885871073534247e+01
-8.188774881065609179e+01
-8.531550179777360654e+01
inf
-8.284750766164314939e+01
-8.714120622158819174e+01
-8.262579243443965993e+01
-8.335578742608983305e+01
inf
inf
-8.265860850810358329e+01
-8.514565466016978235e+01
-8.500759766369434089e+01
-8.548823449437878708e+01
-8.608692658814891274e+01
-8.332886423639511975e+01
-8.263049936967452425e+01
-8.639539937916831036e+01
-8.719769660748566764e+01
-8.337998369183293335e+01
-7.945966464849462341e+01
-8.547342996627730827e+01
-8.236704650719917709e+01
-8.225937209758846791e+01
-8.214944222851487154e+01
-7.118427526950989659e+01
inf
-8.320831060510607813e+01
-7.661824821056052315e+01
inf
-8.695111075006654744e+01
-8.433313700151573755e+01
-8.540909770756360331e+01
-8.189775869277592335e+01
-8.328715943054041304e+01
-8.501795368027477195e+01
-8.572894996777904453e+01
-8.469813551578282329e+01
-8.441409067577234282e+01
-8.473049287550425390e+01
-8.476564001409380467e+01
-8.558862127787898544e+01
-8.665986844421318835e+01
-8.443388362203130271e+01
-8.393502105450872364e+01
-8.396647241040626852e+01
-8.589839065577784538e+01
-7.902394183217779755e+01
-8.659579189755369555e+01
-8.497259119807415573e+01
-8.381484623957892666e+01
-9.311721342183381012e+01
-8.245488070943834202e+01
-9.066358284311216664e+01
-8.517145063792031578e+01
-8.441480722644716650e+01
-8.503839546918183601e+01
-8.530749400428874196e+01
-8.414978284967462230e+01
-8.239553830935584244e+01
-8.523320084003952957e+01
-8.562137151423277714e+01
-8.588212321111096514e+01
-8.358351634859121759e+01
-8.387234463319455813e+01
-8.620825193259233288e+01
-8.454035027459050866e+01
-8.429753732938590360e+01
-8.485656074778393076e+01
-8.166136365394420693e+01
-8.534235779920750531e+01
-8.138008098391554768e+01
inf
-8.340804485230282239e+01
-8.428345107978479689e+01
-7.255029870919294410e+01
-8.285747474898580833e+01
-8.540146148973379070e+01
-8.421778399855061537e+01
-8.347342936484319864e+01
-8.536762979261735040e+01
-8.302652327105496965e+01
-8.404383943288297587e+01
-8.556775112541249939e+01
-8.581428867842033981e+01
-7.883385359955471472e+01
-8.496923537275118576e+01
-8.547914849176854091e+01
-8.442692128248519623e+01
-8.670002285527576191e+01
-8.650493736197608996e+01
-8.341207554019105430e+01
inf
-9.902936983835739682e+01
-8.436144333601224332e+01
-8.278523068433509025e+01
-8.217331831310617929e+01
-8.213510340690412193e+01
-8.562344536430435937e+01
-8.234638380595751528e+01
-7.825215526265687060e+01
-8.482470404684111998e+01
-8.428385579036593356e+01
-8.520691687968933081e+01
-8.999052519453547916e+01
inf
-8.257721585910925910e+01
-8.016894148512561458e+01
-1.093569287411568212e+02
inf
-8.460780788004468889e+01
inf
-8.512487228318516941e+01
-8.557342998480601182e+01
-9.179863969079215735e+01
-8.574233273832248869e+01
inf
-8.347144399226721134e+01
-8.596953318222584528e+01
-8.105602399755728982e+01
-8.170466595020532452e+01
inf
-8.324622667890979244e+01
-8.453346482880664325e+01
-8.272544271330482957e+01
-8.403547916623978153e+01
-9.125537952480021886e+01
-8.553635031070994899e+01
-9.033907868407415265e+01
-8.375565982361044348e+01
-8.262627200990350218e+01
-9.239954123699880029e+01
inf
inf
-8.596423935479489842e+01
inf
-8.524333279890016968e+01
-8.649388255213293064e+01
inf
inf
-8.148471986607511042e+01
-8.479356321214200420e+01
-8.417632495311393370e+01
inf
-8.049870429802244587e+01
-8.321669621183882271e+01
-8.332442314460901400e+01
-8.351803148556804501e+01
-8.312524639750492383e+01
-8.483617465893748033e+01
-8.598519167526970364e+01
-8.556184419126412877e+01
-9.134907432449713838e+01
-8.230093789384289948e+01
-8.123251525609923362e+01
-8.334611411561718342e+01
-8.458975933089794808e+01
-8.125897635437102906e+01
-7.459181554356409549e+01
-8.616798532867562699e+01
-8.414823899297341825e+01
inf
-8.560295271354479496e+01
inf
inf
-8.469833057912993013e+01
-8.524254744935774397e+01
-8.016987461467240905e+01
-8.042922422596753051e+01
-8.203872514849562947e+01
inf
-8.229213286729090271e+01
-8.220702547415487516e+01
-8.581877595194144703e+01
-8.582236030599980836e+01
-8.535766357085071832e+01
-8.491865561646217486e+01
-8.120427276213902701e+01
-8.252209904399286700e+01
-8.460356656280195864e+01
inf
-8.501577909043011516e+01
inf
-9.548288989212797162e+01
inf
-8.450593551082802435e+01
-8.544870792774723611e+01
-8.424933264350603679e+01
-7.983018395116044985e+01
-8.443798791413892957e+01
-8.182272299036077357e+01
-7.996871536187410356e+01
-7.786524984822445106e+01
-7.241159581375151788e+01
-8.177317966984072939e+01
-8.057069634673162284e+01
-7.866135992394039533e+01
-8.336891269003380955e+01
-8.586164951860988026e+01
-8.340694567004774740e+01
-8.338380090238101161e+01
-8.065083354099985513e+01
-7.905989329542164512e+01
inf
-8.707430049915778625e+01
-8.498975048823768930e+01
-8.497801861085939379e+01
-8.433064865703393309e+01
-8.333309546467482676e+01
-8.215668686139800059e+01
-8.370336293183240173e+01
