1.048865999999999946e-11
inf
1.222731000000000074e-11
4.576416999999999886e-12
1.347023999999999936e-11
1.424380999999999967e-11
1.446066000000000071e-11
inf
1.192921000000000062e-11
1.112842999999999967e-11
9.321873999999999221e-12
1.205908999999999966e-11
1.050471000000000079e-11
inf
9.479602999999999426e-12
9.686926999999999281e-12
1.354509000000000040e-11
inf
8.994337999999999474e-12
5.146258000000000386e-12
1.673746999999999855e-11
1.694653000000000049e-11
1.005681000000000064e-11
1.178717000000000015e-11
inf
3.092617000000000251e-11
1.691787999999999899e-11
7.065032999999999952e-12
6.964254000000000225e-12
6.671911999999999935e-12
1.253240000000000020e-11
5.290063000000000296e-12
1.567495000000000037e-11
1.255435000000000012e-11
1.437226999999999971e-11
1.309393999999999984e-11
6.142457999999999715e-12
inf
5.873916000000000192e-12
5.495961000000000112e-12
1.111174000000000047e-11
5.501211999999999683e-12
1.202966999999999957e-11
1.454082999999999995e-11
1.062191000000000033e-11
5.896792999999999671e-12
6.027935000000000204e-12
4.466896999999999763e-12
5.499827999999999655e-12
1.195290000000000009e-11
1.148991999999999957e-11
1.134892000000000007e-11
1.919586000000000016e-11
1.079933000000000019e-11
1.620783999999999852e-11
9.215218000000000447e-12
1.090471000000000070e-11
1.495641000000000129e-11
1.006991999999999957e-11
5.246148999999999642e-12
1.266617000000000075e-11
9.222587999999999436e-12
1.464853000000000039e-11
7.514543000000000527e-12
9.439460999999999212e-12
1.536992000000000000e-11
1.191392000000000019e-11
1.421354000000000004e-11
1.127150999999999950e-11
1.445155999999999987e-11
6.985576000000000324e-12
6.010923999999999884e-12
1.576135999999999899e-11
1.720519999999999943e-11
1.254414999999999921e-11
1.187103999999999947e-11
1.674058999999999986e-11
5.259623000000000277e-12
8.717616999999999244e-12
9.321157000000000527e-12
1.262757999999999980e-11
2.060377999999999968e-11
6.431404999999999898e-12
1.235407000000000009e-11
9.267297999999999959e-12
1.936423000000000058e-11
1.351811000000000004e-11
1.123667999999999933e-11
4.549547000000000021e-12
7.429645000000000701e-12
3.260395999999999833e-12
4.757361999999999778e-12
9.108241000000000549e-12
9.393576999999999526e-12
1.336456000000000016e-11
2.348341000000000000e-11
inf
9.799280999999999592e-12
1.003020999999999993e-11
4.974909000000000082e-12
1.041987999999999982e-11
1.066918999999999970e-11
inf
4.637699000000000149e-12
4.484307999999999960e-12
1.044821000000000077e-11
4.115427000000000252e-12
6.946335000000000007e-12
9.753242999999999864e-12
3.158263999999999799e-12
1.537661000000000066e-11
1.243029000000000034e-11
5.597268000000000097e-12
1.049661000000000045e-11
1.170350999999999927e-11
1.196950999999999996e-11
7.451864999999999772e-12
3.917159000000000071e-12
4.608223000000000043e-12
8.968731000000000066e-12
1.720191999999999947e-11
3.700718000000000064e-12
1.003568000000000071e-11
inf
8.831604999999999303e-12
inf
2.068960000000000021e-11
inf
1.555418999999999918e-11
4.966965999999999901e-12
1.044742999999999964e-11
9.324851000000000370e-12
5.418134000000000347e-12
1.221001999999999930e-11
1.089844000000000016e-11
8.572765000000000782e-12
6.926792000000000157e-12
1.033360000000000032e-11
4.521135000000000203e-12
2.909880000000000118e-12
inf
1.294392000000000045e-11
2.713311000000000049e-12
1.003573000000000050e-11
1.051193000000000043e-11
inf
inf
4.671594999999999947e-12
1.395287999999999941e-11
7.554811000000000775e-12
3.593515999999999932e-12
1.192053999999999921e-11
6.443451000000000147e-12
8.265669000000000088e-12
inf
3.425156999999999801e-12
1.266887000000000032e-11
8.467931999999999384e-12
1.083243000000000012e-11
4.205182000000000004e-12
6.476736000000000242e-12
1.015494000000000035e-11
6.522175999999999693e-12
9.742536999999999283e-12
2.565550000000000110e-12
inf
8.888963000000000239e-12
5.910860000000000120e-12
1.223109999999999945e-11
9.091029999999999483e-12
8.267642000000000043e-12
5.084131000000000240e-12
inf
2.315587000000000117e-12
1.083500000000000058e-11
1.515257000000000114e-11
inf
5.873524000000000086e-12
1.192992999999999943e-11
8.914194999999999661e-12
7.821036000000000482e-12
2.582543999999999906e-12
1.180842999999999960e-12
3.188134000000000196e-11
inf
3.583084000000000002e-12
1.041580999999999942e-11
1.128776999999999927e-11
2.555020000000000154e-12
9.200841999999999338e-12
inf
inf
inf
1.112678000000000038e-11
inf
9.312075999999999347e-12
2.608221000000000141e-11
9.883576999999999256e-12
5.817144999999999645e-12
1.114533999999999984e-11
4.210609000000000199e-12
inf
4.453471000000000179e-12
3.916223000000000165e-12
inf
inf
inf
9.606176000000000689e-12
inf
1.870612999999999958e-12
inf
3.103236999999999896e-12
inf
inf
6.974545000000000348e-12
7.279133000000000019e-12
4.360629000000000402e-12
1.017091000000000073e-11
1.729374000000000018e-12
2.271045000000000043e-12
inf
8.328198000000000457e-12
1.081762999999999982e-11
1.509473999999999915e-12
6.711945000000000235e-12
8.253809999999999542e-12
3.260050000000000028e-12
6.454833999999999757e-12
4.423129999999999955e-12
1.619659000000000016e-12
7.927355000000000405e-13
1.137007000000000024e-11
inf
9.025875999999999213e-12
9.011645999999999990e-12
4.166140999999999625e-12
6.818775999999999863e-12
1.629851999999999990e-11
1.133203999999999944e-11
1.067091000000000062e-11
9.170495999999999459e-12
6.597236999999999751e-12
4.241996000000000012e-12
1.721745000000000112e-11
4.170145999999999667e-12
5.618100000000000063e-12
1.027452000000000053e-11
9.439094000000000614e-12
7.431168999999999958e-12
6.818453000000000007e-12
inf
2.908850999999999921e-11
1.110190000000000059e-11
7.970492999999999609e-12
inf
1.887134999999999915e-12
4.936746000000000056e-12
9.439214000000000415e-12
9.496545000000000305e-12
7.193821000000000311e-12
inf
7.213431000000000063e-12
8.570940999999999597e-12
9.221081999999999260e-12
9.823762000000000081e-12
1.314720999999999967e-11
1.344896000000000008e-11
9.098619000000000492e-12
inf
1.648915999999999918e-11
1.252570000000000023e-11
7.322231999999999531e-12
3.159554000000000090e-12
1.661310999999999879e-10
9.229268000000000776e-12
1.007185999999999986e-11
inf
inf
5.771119000000000382e-12
inf
4.209890000000000351e-12
4.153962999999999917e-12
9.154682000000000270e-12
inf
7.324243999999999381e-12
7.497941000000000433e-12
1.303078000000000034e-11
9.770904999999999552e-12
inf
9.335923999999999550e-12
1.999644000000000037e-12
2.282383999999999860e-11
2.785412999999999897e-11
1.478318999999999933e-11
6.869661000000000206e-12
1.393211999999999981e-11
7.326382999999999843e-12
inf
9.313912999999999958e-12
1.332628000000000044e-11
4.866195999999999716e-12
9.607049999999999540e-12
6.149113000000000357e-12
inf
1.898685000000000123e-11
4.244960999999999889e-12
inf
inf
2.685360999999999951e-12
inf
9.726967999999999352e-12
1.221284000000000029e-11
inf
8.911392000000000405e-12
1.183102000000000021e-11
1.137487999999999969e-11
9.223360999999999760e-12
1.692929999999999977e-11
1.205121999999999962e-11
1.539657000000000050e-11
6.184077000000000328e-12
1.112008999999999972e-11
8.618268000000000250e-12
1.257159000000000015e-11
7.794798000000000326e-12
1.026188999999999920e-11
1.743597000000000007e-11
1.234235999999999993e-11
4.629100000000000137e-12
inf
1.640524999999999939e-11
8.409498999999999890e-12
9.046488000000000620e-12
4.738024000000000330e-12
1.306086000000000015e-11
inf
inf
inf
7.671418999999999464e-12
1.003241999999999937e-11
4.473132000000000291e-12
1.318978000000000077e-11
1.388009000000000008e-11
7.371149999999999343e-12
9.254380000000000397e-12
1.270539999999999956e-11
8.035433000000000744e-12
5.164459000000000219e-12
inf
1.442138999999999980e-11
4.769156999999999729e-12
2.553522000000000153e-12
9.433102999999999574e-12
inf
2.786114000000000017e-12
9.459211999999999579e-12
1.137190000000000004e-11
1.129459000000000065e-11
4.649556000000000348e-12
8.512736999999999818e-12
7.714128000000000025e-12
1.554763999999999856e-11
3.384620000000000173e-11
1.323703000000000060e-11
1.334912999999999969e-11
inf
1.490574999999999917e-11
1.305256000000000068e-11
9.183666999999999666e-12
1.154077999999999922e-11
1.284156999999999937e-11
6.378636999999999854e-12
1.668236999999999892e-11
7.998982000000000257e-12
inf
1.301375000000000036e-11
8.000010000000000765e-12
1.974276000000000139e-11
8.923718000000000730e-12
inf
1.289867999999999932e-11
6.692838999999999811e-12
8.256159000000000061e-12
1.093898000000000071e-11
