5.017371114764052065e-01 1.566472933980853810e+01
inf inf
4.921608946087534520e-01 -3.110110162629188224e+01
5.915894824714147404e-01 -4.612066506935227750e+01
3.942019033601348865e-01 -1.148576401378890210e+01
3.366721039243129598e-01 2.329340381862959664e+00
5.712812839180820834e-01 1.923941825812905293e+01
inf inf
9.237239263925007826e-01 -2.556137628831854158e+01
inf inf
6.562458438845530928e-01 -2.394387163824746523e+01
8.799375196429869428e-01 1.632658662546202777e+01
3.042136507698003922e-01 5.085766237318181737e+01
4.869063855701271648e-01 -2.021607724255668970e+01
5.193792822791476471e-01 -1.524958775334092209e+01
6.413061602903823433e-01 -3.653085650994783151e+01
5.118637259309005705e-01 -1.296716801357652571e+01
4.702402064118253455e-01 -9.306762691345434746e+01
9.615593082272482217e-01 9.269390833999379353e+00
2.502429955764424729e-01 3.374848789553964679e+01
inf inf
3.484301388948172762e-01 -5.287596626807164313e+01
8.773769438631752182e-01 2.403994594857871370e+00
7.205228867059944031e-01 3.256631002419357213e+00
9.305575506478007408e-02 -2.489440952380947891e+01
5.229504861884829436e-01 -8.944495299212759321e+00
3.829130455223849872e+00 -4.095136999745993656e+00
3.286946342891708395e-01 -4.403575869919802699e+01
2.837395616826496325e-01 -2.577157968297011337e+01
1.262383491462884810e-01 -6.587462283796395646e+00
2.374079341942819443e+00 2.663093210821429579e+01
5.152495475192657715e-01 -3.914582217127440344e+01
3.181931885608839106e-01 -5.220934153099619834e+01
3.262032992269276832e+01 1.332699171183716391e+00
1.743388072386521825e+00 1.023731231341862191e+01
3.896490425675033897e+00 -8.852467482688162193e+01
7.296251306198803244e-01 -1.823230734291098543e+01
6.490270114328055007e-01 -1.833834378738956161e+01
2.218267632643605936e+01 1.673142270695968392e+01
9.567167910638180173e-01 -2.571870911845668672e+01
4.339880064256029790e-01 -4.668429778114816742e+01
2.276190605265158151e-01 5.808825039936574086e+01
4.260540076826700995e-01 -5.052668458689338138e+01
7.845313915965297369e-01 -4.194408702207528705e+00
1.176482764798384650e+00 3.496354793821337736e+00
4.811421452631758910e-01 -4.898772606263730722e+01
5.290010734692773831e-01 -1.844772444120924249e+01
6.885686959011095842e-01 -4.979864262264673158e+01
inf inf
7.799614789958576599e-01 -4.700478187609350300e+01
2.492911232657436804e-01 3.118799464340731475e+01
4.973420640453618535e-01 -5.463647979172827007e+01
5.286007205748981530e-01 -2.986405434194556818e+01
3.396453727227435881e-01 -2.783181584273360798e+01
4.186868132826726541e-01 -2.004240767987504057e+01
1.999530628950501876e-01 8.794113781614949499e-01
9.708519826947479281e-01 5.242579608112536960e+01
4.129549658018515368e-01 -1.873606981365541913e+01
2.260025322968054695e+00 1.256921958358098657e+01
inf inf
2.844234569771809107e-01 1.136342960688102188e+01
1.358095640567627349e+01 2.044503359484695793e+01
8.568713033220016762e-01 -5.470987759486570212e+01
3.670850412573518212e-02 4.435833822555670167e+02
3.248911696096222101e+00 1.134180888237263218e+01
2.668284030124458139e-01 -3.201085437021433933e+01
3.906960460177984484e-01 -1.645996605811752644e+01
inf inf
9.633257689664753709e-01 -3.479006210917916064e+01
7.178431165443185380e-01 -2.896807114442945874e+01
4.117949941232863509e-01 -4.213646461413138411e+01
3.460050240242774078e-01 -5.855170533706940006e+01
inf inf
inf inf
5.031304236860550949e-01 8.540866167511872442e-01
6.682509617972274274e-01 -3.670372669564887502e+01
3.248652693715863848e-01 -6.167343638588856436e+01
1.103848358812497388e+01 -6.548019219406016056e+00
7.174480923399522148e-01 -5.092786306383493411e+01
4.490545969792876790e-01 -1.680709299331122253e+01
inf inf
3.421084194524531608e+00 4.119726258455891355e+01
1.878116567238652612e+00 2.533859104802694517e+01
2.120214239444551119e-01 -4.834741572082489114e+01
7.614769965536520857e+00 1.313170153862558820e+01
8.285969936569751448e-01 -2.394478069401991860e+01
1.739641063775372132e+01 2.100326228449364052e+01
2.261994876911110808e+01 6.169755955020630012e+00
4.591764436585084042e-01 -3.666964424612976359e+01
3.688378998141778053e-01 -6.483767724103313412e+01
9.595195417818410677e-01 -1.549994973889297256e+01
-9.740050527125035273e+00 -1.131979608070633532e+02
5.932782565194030244e-01 -4.649925377705170604e+01
1.192018378233270326e+01 1.541075694265110485e+01
4.751867732591882887e-01 -5.571156423864400153e+01
1.198654883026703422e+00 7.510929136476931056e+00
9.833396695795510567e+00 4.552723843503418522e+00
4.659295766488786295e-01 -5.816046363720899848e+01
5.797324460496208198e-01 -1.358450963142420953e+01
3.301241254994337071e-01 -5.705971601200239718e+01
4.259266800371024342e-01 -2.626396132577761833e+01
6.369924454963759031e-01 -3.152409344198940744e+01
4.285729355431714405e-01 -3.522251840576805648e+01
2.329518171711188190e-01 -2.271072599707358819e+01
2.330676460645539072e-01 -4.372319022927848664e+01
5.979215087220929314e-01 -4.382975494361224378e+01
2.210219740163084534e+00 3.446530978977724757e+00
5.061137889497732134e-01 -1.132970862911653676e+01
7.244401750087893221e-01 -2.068249995193049173e+01
8.313328552924695858e-01 -3.119620539049716257e+01
2.171745798967520003e+01 2.055414433707398558e+01
3.030487710872760698e-01 -1.494852392110692918e+01
1.699254838031519199e+01 3.689102637975044452e+00
inf inf
1.171232462620294124e+00 -7.052228333031810337e+01
2.069452717697030764e+00 1.644389854272001017e+01
inf inf
1.996424283130437960e+00 -8.444909709156597444e+00
3.940528402684623788e-01 -3.595607025630050657e+01
8.245840693913202291e-01 -4.599051468118609876e+01
4.402920570537143696e+00 -7.673635717672698320e+01
6.553297298884135369e-01 -4.176864574936766417e+01
1.785983923581370547e+01 3.872041315218055058e+00
7.694326886740842086e-01 -2.682452896687945554e+01
3.229258309408245964e+01 1.707467862505270162e+01
6.189410873921278311e-01 -2.670882486541818324e+01
5.270586257309450851e-01 -7.455481438616399004e+00
3.920725307853027419e-01 -1.176400738544173663e+01
inf inf
1.206229756108514239e+00 1.366782188521052532e+01
5.545594339720153476e-01 -2.452896254622262617e+01
-1.113512933774281732e+00 -8.344927568748295243e+01
4.403797700958979600e-01 -5.623042450527096037e+01
3.854509323010364974e-01 -5.198330452367525822e+01
9.702348082083238623e+00 9.828940117013246436e+00
7.724404537289126793e-01 4.000427761017720130e+00
1.211427192072529913e+00 -4.754268113063245949e+01
4.310373144453844563e-01 -3.319700093184896872e+01
4.593358836728373973e-01 -4.412152508329206313e+01
inf inf
6.320325569239809704e-01 -5.385012348955003603e+01
2.233287919685652767e+01 2.382896780229524225e+01
3.993625994087998676e-01 -4.974627319368134692e+01
5.594229994609952961e+00 -5.757263301151082757e+00
1.679018338404595079e-01 -2.658195777372556634e+00
8.612683139546287725e-01 -6.506924454342232877e+01
9.292919867697719827e-01 -3.350986010560365003e+01
3.946395570846032985e-01 -5.649002830942542630e+00
6.008827178536523261e-01 -1.342600863784368670e+01
2.820130661185182297e-01 -4.108449704820684190e+01
1.495859988280101582e+01 1.527444934572076107e+01
4.386733272336566514e-01 -2.188862690391373533e+01
3.936398667924741468e-01 -4.887097334594876230e+01
1.270267035925118471e+01 2.919690445828180714e+01
1.041076544713842589e+00 2.117221878448541705e+00
inf inf
2.218314020292453392e+00 4.098791161744195222e+01
1.228402126748465939e+01 1.045618445518029382e+01
inf inf
1.245019253912913237e+00 -1.737410822919023090e+01
2.083323424006037072e+01 1.918649675639310459e+01
1.662042253853446561e-01 5.195852207336318429e+01
5.856952501738891259e-01 -4.432655923454989022e+01
1.732983103993201990e+00 -1.049804727265892090e+01
6.112512267889897988e-01 -1.028042071350346198e+01
1.826715420392311628e+01 1.194059631357691309e+01
5.584127779946570502e-01 -1.387951387497260392e+01
5.316255935292416579e-01 -3.749001666959889434e+01
1.685938623986944773e-01 2.745293812246421084e+01
1.084517427984634658e-01 7.091816243250519847e+01
inf inf
5.268092991298218841e-01 -2.985503856886208851e+01
3.798539848147491349e-01 -2.550121649614946762e+01
3.544707699390088895e-01 -7.788946449587609067e+00
5.420260746046554612e-01 1.591042963536345667e+02
1.237769150464511497e-01 1.779590701338394965e+01
9.566388239152107120e-01 -1.741669114094886339e+01
1.232767838338701694e+01 7.355360051356109707e+00
inf inf
inf inf
1.848551059892062653e+01 1.672946279082109200e+01
inf inf
8.416035266745987897e+00 1.366180352582914637e+01
5.706804040048019111e-01 -5.350314801723220270e+00
4.169551292572132306e-01 8.761911478936190179e+01
1.683990020209360594e+01 2.106660577646847798e+01
3.084110879385813853e+00 2.079689477349264592e+01
1.770804168479257612e+01 1.461417158535628147e+01
inf inf
inf inf
2.830723536015794517e-01 -3.276718862657904907e+01
1.202083754821224038e-01 -3.980996939370280785e+01
2.852104203548534445e-01 -5.374813286166025961e+01
8.519069274317011553e-01 4.315937559155243797e+00
1.805735989194662550e-01 -6.783327405488398654e+01
3.993951324636144662e-01 2.009158769783258691e+00
1.387526458262711060e+01 1.534321075676643531e+01
8.855721886454173131e-01 -1.877845263068991599e+01
inf inf
inf inf
9.321837827024815892e-01 1.187542528024288657e+01
inf inf
inf inf
6.124414878634168780e+00 2.361194376212383972e+01
inf inf
2.645625879275502745e-01 2.705624617730927284e+01
1.371587911725650066e+01 1.218080067931154886e+01
inf inf
inf inf
8.649505789821241297e-01 -3.100317770194361700e+01
2.444589830249703499e-01 1.129209495887464527e+02
7.265626763780782538e-01 -2.489787467422713974e+01
2.854688309701614202e+01 1.689343019289389147e+01
3.454441092860931484e-01 -3.134814696341174489e+00
4.520034659866073445e-01 -6.734100430889654376e+01
4.549011515240675152e-01 -3.376682620863055462e+01
inf inf
8.139226227339658726e-01 -1.992669067435384633e+01
2.938715048271576813e-01 -4.234292100957255656e+01
5.232326263017894608e-01 -2.213520439941840934e+01
8.601107542094373670e+00 1.980479101138586628e+01
5.308041338951705601e-01 4.701671460241777112e+01
2.545681432151001999e+01 2.069902371031497523e+01
inf inf
6.259065266109009595e-01 -2.149920574948783170e+01
1.827420826767053086e+01 8.572142981248482840e+00
1.142097218946497783e+01 1.101084083575815775e+01
inf inf
inf inf
-4.022841238226329552e-01 -4.330625921265263401e+02
inf inf
inf inf
1.555882534881020263e+01 9.650423012985722693e+00
1.456804672981276694e+00 -2.922141471114300870e+01
inf inf
2.356129369177498989e-01 -9.331286289470604345e+00
3.913999940142194878e-01 -1.736264635966103498e+01
inf inf
1.186610220624987111e+00 2.576441188305635066e+00
2.456732232044548381e-01 -1.695817458709266035e+01
5.052931706878093232e-01 -2.023354784661953953e+00
3.238108898924842993e-01 -3.265821600005418190e+01
4.154494938712418040e-01 -4.075974969540284576e+01
1.920698269359230881e-01 -4.229433364240561843e+01
1.526791547380065728e+00 1.080637795942138446e+01
3.651759258773360717e+00 8.096678493577920577e+00
inf inf
1.798597101115974795e+01 1.956399701534210323e+01
3.189010629604724367e-01 9.527398954921613150e-01
inf inf
7.410604993872443869e-01 2.706097326404853476e+01
1.189032993676495131e+01 1.194195391239937365e+01
inf inf
9.354337647641266074e+00 5.701285536116250441e+00
2.203225413835295521e-01 7.124399676418661898e+01
inf inf
1.558436491866920903e+01 3.246515311054502195e+00
1.459206762301814564e+01 1.569411441059800971e+01
9.483862256009890634e-01 -2.499902021841832411e+00
inf inf
inf inf
4.873120671545188021e-01 -9.264933828740048227e+00
4.364913689021198140e-01 -3.992084857433489731e+01
7.275344611619827262e-01 -3.431648693702367581e+01
2.681571258899936971e+00 -8.230652197956808691e-02
2.355157584393594017e-01 -6.832437578693486557e+01
2.041921760288782917e-01 7.046072308672449047e+00
4.338083734806995051e-01 -1.605930828100444785e+01
8.219709078548036452e-01 4.011146110267780784e+01
1.074201827331976844e+01 -7.244192985358466785e+00
inf inf
1.233031384128437269e+00 5.389514304099040487e+01
inf inf
inf inf
2.878364268388742531e+01 9.036035601301330544e+00
inf inf
2.438689007204005443e-01 1.969704387377232280e+01
inf inf
7.812849573206033238e-01 -2.647182419379361562e+01
inf inf
inf inf
1.868664901488615371e+01 -1.908080679276579872e+00
inf inf
5.792326710178983262e-01 -8.701940196839998976e+00
1.561679252151312625e+01 1.200822685017053182e+01
5.380277341221930687e-01 -8.007755591395655514e+00
3.086532909225292998e-01 -4.708193598782887790e+01
6.664106005412447908e-01 -6.063078181228094365e+01
inf inf
9.299444708389654757e-01 -1.306270574384849859e+01
2.822450043627576233e-01 7.045326342559194188e+01
4.704038532866903211e-01 -6.221866338276663555e+01
7.739784819410144845e-01 2.164617099098784081e+01
1.573713201081530322e+01 2.275092664559771904e+01
4.766945821897698110e+00 -8.187812972364572062e+00
9.057806846040376003e-01 -5.159645020549912431e+01
inf inf
6.091301277065456210e-01 -3.122905890203591639e+01
1.964835247820111153e-01 5.979585953117581454e+01
inf inf
3.707821705254091826e-01 -2.004989088639901595e+01
9.580217031107304493e+00 4.941041276271148419e+00
inf inf
1.991221841002382931e+01 1.226672152154706552e+01
inf inf
inf inf
inf inf
9.225441824694146087e-01 -6.830312897913016990e+00
4.904684746149666208e-01 -2.233105925445383377e+01
8.201135789279909716e-01 -2.086865414894311854e+01
5.913356685523859513e-01 -2.196628322414659706e+01
8.103676853520379586e-01 9.697129462274434175e+00
8.489542161584250124e+00 6.422770163461622417e+01
4.566998648607399902e-01 -7.111532239506276198e+01
9.716805939917307899e-01 -2.856204781166699291e+00
1.969862446161086966e+00 -1.351962734389264931e+01
6.367419970657761663e-01 -6.499057266289918289e+01
4.218808020305788165e-01 -2.867767241257045896e+01
9.835641336349041364e-01 -6.380996138152810460e+01
inf inf
1.134719072686236530e+01 -6.203279928197582116e+00
1.888634153288531436e+01 1.641658660171349737e+01
inf inf
6.106692216566496079e+00 1.189068727428795924e+01
inf inf
inf inf
2.647399870295089030e+01 2.552342020652792343e+01
7.416329128775618340e-01 -2.676351288779168058e+01
1.456828147263070683e+01 2.430253580464485808e+01
3.137814539163795158e-01 -3.268542835959749926e+00
2.098388906753114291e+00 2.516650713230541925e+01
inf inf
7.852175305500138647e-01 1.676772648278288003e+01
3.041201603058135028e+00 -1.472779642610081474e+01
4.560309740354552832e-01 -5.373924785540527438e+01
2.488440742194107380e-01 -4.891168853031458497e+01
2.200151601070044816e+00 -2.653646298069089582e+01
1.388562425715531568e+01 6.703597894404228263e+00
4.125527899345733385e-01 5.418627505098627672e+00
inf inf
inf inf
1.289510379916613303e+01 2.164372138522794842e+01
5.717022504290891760e-01 2.829818422923671051e+01
3.688862787103462937e-01 -4.326836773796643598e+01
9.229795925349302266e-01 7.342984019957648378e+00
3.807492047368912225e-01 -2.510190640696341902e+01
1.167823783756348544e+00 8.904635142872573184e+00
1.083603697876132754e+00 -4.263623582167217307e+01
1.392283618225857467e+01 7.293369973909308968e+00
5.167617736534105832e-01 -2.438560692830144205e+01
8.930996644318510702e-01 -3.583428296864328644e+01
8.990971050412026599e+00 3.055915377463764404e+00
8.457900119831164298e-01 -2.815866650418639949e+01
1.308867757874381921e+00 3.754962363168134942e+01
2.255947570981533445e+01 6.268982693436839781e+00
3.262932180663193349e-01 -2.136088140337604102e+01
5.740966552177135807e-01 -4.158715695453349959e+00
2.195085292948948563e+01 2.126746893441522346e+01
8.062401942511088215e-01 -5.501410809732442431e+01
1.882530825999478297e-01 -1.009520334129866548e+01
1.546926605576589253e+01 -4.224566480854590189e-01
1.831794293003543572e+01 3.250447432151069904e+00
2.085022434747998332e+01 8.203591273791383642e+00
inf inf
3.671031307576582137e-01 -6.871375108213771910e+01
9.957126774461320551e+00 1.150061244993672815e+01
1.284044714524798181e+01 4.622858789888799613e+00
3.001818657460737505e+00 9.578812479362914800e+00
4.486013778708348720e-01 4.350540120097402763e+01
1.285604926914794532e+01 7.353860825607365648e+00
1.912186416253021193e+01 6.459368982521535685e+00
2.997939230902769703e-01 7.027461845221824710e+00
1.961577707432368101e+01 8.354567223573569734e+00
4.273450931812859399e-01 -4.302486009620378127e+01
5.726220103710270015e-01 -3.948801954963157357e+01
9.492159026359743734e+00 1.276550545610753673e+01
4.517466792194664293e+00 5.491921471483621531e+00
2.825832682024801557e+01 -2.790914495601436229e+00
inf inf
4.316346101134872981e+01 1.398446678311434432e+01
3.231484075180834026e+01 1.542836812585501427e+01
9.023311991928886222e-01 -1.753916527629096933e+01
8.435051257971228900e-01 -4.331505710328912784e+01
3.531125149004954444e-01 -5.170526001882083023e+01
