inf
inf
inf
inf
-8.368290203667967830e+01
inf
inf
inf
inf
-1.000671500860210585e+02
inf
inf
inf
inf
inf
inf
inf
inf
inf
inf
inf
inf
inf
inf
inf
-7.720451257249527544e+01
-9.482779512812841460e+01
inf
-8.183743920458390164e+01
inf
inf
inf
inf
inf
-8.855183901547910352e+01
-1.026000869483231810e+02
-1.036674483983532014e+02
-1.015861783427973677e+02
-9.414312022397908208e+01
inf
-9.035463254927226728e+01
inf
-9.087628838241764129e+01
inf
inf
-7.639957621842528113e+01
inf
inf
inf
inf
inf
inf
inf
inf
inf
inf
-8.676448413698828688e+01
-7.320420400219114754e+01
-9.862259990538299803e+01
inf
-9.494313022939118696e+01
inf
-9.872230130004439275e+01
-9.311254390357619570e+01
inf
inf
-9.163017656784109022e+01
inf
-9.679395535133757278e+01
-8.825959647375012196e+01
inf
inf
-1.021123340578937615e+02
-8.969262050048180868e+01
inf
inf
inf
inf
inf
inf
inf
-8.815992867071078365e+01
-8.346363198452078791e+01
inf
-8.703780893148351083e+01
inf
inf
inf
inf
-1.007477199308715967e+02
-9.997445059904130460e+01
inf
-8.597713877344598643e+01
inf
inf
inf
inf
inf
inf
inf
inf
inf
inf
inf
inf
-8.096740232981564134e+01
-8.504557274382966625e+01
-9.128381279665995862e+01
inf
-9.771280648923686840e+01
-9.444089732492697919e+01
inf
inf
inf
-8.925436413619561904e+01
inf
inf
-8.942034282816932489e+01
-9.203026395828497641e+01
inf
-1.074260994061027645e+02
inf
inf
inf
inf
inf
inf
inf
inf
inf
inf
inf
-8.795904910859172787e+01
inf
-8.903079925448770382e+01
-9.307725065305356793e+01
inf
inf
inf
inf
inf
-9.138960382366552437e+01
-1.054182207140889602e+02
inf
inf
inf
inf
inf
inf
inf
inf
inf
-9.444775294888314932e+01
inf
-1.005806025043532657e+02
inf
inf
-7.962706617159463462e+01
-8.447640054158840428e+01
inf
-9.307121806451377211e+01
inf
inf
inf
inf
inf
inf
inf
-9.267192610729658497e+01
inf
inf
-9.198696586118998653e+01
inf
inf
inf
inf
inf
inf
inf
inf
-8.550835969487853561e+01
inf
inf
inf
-9.027536657035605572e+01
-9.321975543927817398e+01
-1.070191058546674157e+02
inf
inf
inf
inf
inf
inf
inf
-1.029734168721392109e+02
inf
inf
inf
-9.821175541231423267e+01
-1.027409665272074051e+02
inf
inf
inf
-9.518923105630003079e+01
inf
inf
-8.535045727815344208e+01
-9.622835715289367897e+01
inf
-9.568166642472391459e+01
inf
inf
inf
inf
inf
inf
inf
inf
-1.064344689941334821e+02
inf
-8.215454590818367819e+01
inf
inf
-9.625651981772887211e+01
inf
-7.100166612963325008e+01
-8.733307291607310674e+01
inf
inf
-9.148132667335661949e+01
-8.620372574909676189e+01
inf
inf
inf
inf
inf
inf
inf
inf
inf
inf
-7.638309977225276270e+01
inf
inf
inf
inf
inf
inf
inf
inf
inf
-8.551208159083763860e+01
inf
inf
-9.436644777065552603e+01
inf
inf
inf
inf
-8.483288444808785300e+01
inf
-9.918131307097142724e+01
inf
-9.098353356076198395e+01
inf
-7.223162961503065560e+01
inf
inf
inf
inf
inf
-1.055921502467305970e+02
inf
inf
-1.095509661393750065e+02
inf
inf
-7.441150242548576443e+01
inf
-7.653394488787712646e+01
inf
inf
inf
-9.395763922509395627e+01
inf
inf
inf
inf
inf
inf
-9.428715521532339494e+01
inf
inf
-9.525210799414860219e+01
inf
inf
inf
inf
-7.800937357549592832e+01
-9.734896415932313118e+01
inf
inf
inf
inf
inf
inf
inf
inf
inf
inf
inf
inf
inf
inf
inf
-8.349617657484243693e+01
inf
inf
-8.310774248164014466e+01
inf
inf
-8.746256001323523321e+01
inf
inf
inf
-1.091714981209698294e+02
inf
inf
inf
inf
inf
inf
inf
inf
inf
inf
inf
-1.048396061293658761e+02
-9.865837091662606895e+01
inf
inf
inf
-9.521173889893361775e+01
inf
-7.360870437429734636e+01
-7.392527129910183703e+01
inf
inf
-7.878702939572228559e+01
inf
inf
inf
-8.653812520198661673e+01
-9.777782334137462783e+01
inf
inf
inf
-1.032038054680977837e+02
inf
inf
inf
inf
inf
inf
inf
inf
inf
inf
inf
inf
inf
inf
inf
inf
-1.003150365442859311e+02
inf
inf
inf
inf
-7.111634334053181306e+01
inf
inf
inf
inf
