inf
inf
inf
inf
-9.826792986507098249e+01
inf
inf
-9.308073901337984069e+01
inf
-7.717580108540650485e+01
-7.555200588107381066e+01
inf
-8.404864860174460262e+01
inf
-7.894215719986624435e+01
inf
inf
-8.692951736445760957e+01
-9.128450966614292383e+01
inf
inf
-1.026910246857808886e+02
inf
inf
inf
-1.067496346822390620e+02
inf
inf
inf
-8.998304436485625502e+01
inf
inf
inf
-7.968557057394006904e+01
inf
-9.343981017211287110e+01
-8.608072516328444124e+01
inf
-9.181727280148878378e+01
-9.123920268638379127e+01
-8.889989458205610617e+01
-8.976407691446586057e+01
inf
-8.261916931780820050e+01
inf
inf
inf
inf
-9.598295943928097529e+01
inf
inf
inf
-9.238176713962396036e+01
inf
inf
-9.053949597699477181e+01
inf
-7.558204866148506085e+01
inf
-9.804553866241982973e+01
inf
-9.078499930038762500e+01
inf
inf
-9.122630149521307885e+01
inf
-9.262624857087909902e+01
-9.473127425114668654e+01
-8.962174297590831884e+01
-8.996937481217666743e+01
-9.570192896578819841e+01
inf
-8.837153966718953768e+01
inf
-9.460664971653359601e+01
inf
inf
inf
-1.055779079375620313e+02
inf
inf
-7.903988099220924823e+01
-8.999343940732843805e+01
-9.268522705619480462e+01
-9.085250458448869892e+01
-7.212614503592453730e+01
-8.463712877064352824e+01
-9.884718370956285582e+01
inf
inf
-9.105404661591477122e+01
inf
inf
-8.909489743509719517e+01
-9.267004364310717790e+01
inf
-9.303614408664944335e+01
-9.276740714431288382e+01
inf
inf
inf
inf
-9.891889404077628001e+01
-9.062319981864293084e+01
inf
inf
inf
-9.311408617740681848e+01
-8.879284196204069701e+01
inf
inf
inf
-9.522947258050002972e+01
inf
inf
-8.693081662645369079e+01
-9.244718843728904289e+01
inf
inf
inf
inf
inf
-9.441305744130690414e+01
inf
inf
inf
-1.083203187724999310e+02
-9.001192543710497773e+01
-9.481430362850086624e+01
-8.858457837848932570e+01
inf
inf
inf
inf
inf
-8.929480258116548441e+01
-9.422952995829069778e+01
-7.990791739878700639e+01
inf
-9.003185039841032733e+01
-9.313482521259248870e+01
-8.999141998740911674e+01
-9.005129225170949780e+01
inf
-8.956671354587891187e+01
-8.827977697502623755e+01
inf
-9.169936049496945429e+01
-9.195131678627451777e+01
inf
-9.104828981008870414e+01
-8.456698130697665761e+01
-8.992553116105702316e+01
inf
inf
inf
-9.036212739130976956e+01
inf
inf
-9.296767010941449882e+01
inf
inf
inf
-9.265037875907735554e+01
-7.826178747838464744e+01
inf
inf
inf
inf
-9.280666479520850487e+01
inf
inf
inf
inf
inf
inf
inf
inf
inf
inf
inf
inf
inf
inf
inf
-9.366280842476203361e+01
inf
-7.748497288537029704e+01
inf
-9.098049876385276491e+01
inf
-9.901831878554973798e+01
-9.111646755508333229e+01
-9.132056113449512225e+01
inf
inf
inf
inf
inf
inf
inf
inf
-8.486301224970421231e+01
inf
inf
inf
inf
inf
inf
inf
inf
-9.396168074593725805e+01
inf
inf
-9.125949356146635694e+01
inf
inf
-9.170224643784615637e+01
inf
inf
inf
inf
inf
inf
inf
inf
inf
inf
inf
inf
inf
inf
inf
inf
inf
inf
inf
inf
-9.522205174347038792e+01
inf
inf
inf
-9.077647502591581485e+01
inf
inf
-9.533394988427792782e+01
inf
inf
-9.276305465395606120e+01
inf
inf
inf
inf
inf
inf
inf
inf
inf
inf
inf
inf
-9.062778644039545384e+01
-9.402209624102120245e+01
inf
-7.940803377106908556e+01
inf
-9.176853073212164702e+01
inf
inf
inf
inf
inf
inf
inf
inf
inf
inf
inf
inf
inf
inf
inf
inf
inf
inf
-8.420429159076098813e+01
inf
-9.171318856820187193e+01
inf
inf
inf
inf
-9.095188343276750231e+01
inf
inf
inf
inf
inf
inf
inf
inf
inf
inf
-9.001775249042474059e+01
inf
inf
inf
inf
inf
inf
inf
inf
inf
inf
-8.649280817012152056e+01
-9.562904375089968312e+01
inf
-9.129356161892177113e+01
inf
inf
inf
inf
inf
inf
inf
inf
inf
inf
inf
inf
inf
inf
inf
inf
inf
-8.201244827827717643e+01
-8.798791891210692029e+01
inf
inf
inf
inf
inf
-1.063053063609214632e+02
inf
-8.860660504438327223e+01
inf
inf
-9.744080554691556983e+01
inf
inf
-8.291725556065227920e+01
inf
inf
inf
-9.340152259738087537e+01
inf
inf
inf
-8.734909040893364818e+01
-8.724305613496630940e+01
inf
inf
inf
inf
inf
inf
inf
inf
inf
inf
inf
inf
inf
inf
-8.794330522811419826e+01
inf
inf
inf
inf
inf
inf
inf
inf
inf
