5.757723000000000000e+09
inf
1.460781000000000000e+09
4.237861000000000000e+09
2.370949000000000000e+09
1.941833000000000000e+09
1.119313000000000000e+09
inf
5.480357000000000000e+09
2.127814000000000000e+09
2.047905000000000000e+09
1.600376000000000000e+09
1.284225000000000000e+09
inf
2.145107000000000000e+09
1.607002000000000000e+09
2.927396000000000000e+09
inf
2.259515000000000000e+09
1.713968000000000000e+09
1.858167000000000000e+09
6.665000000000000000e+08
2.020934000000000000e+09
2.697608000000000000e+09
inf
2.752753000000000000e+09
5.680887000000000000e+08
1.523517000000000000e+09
3.012601000000000000e+09
1.684972000000000000e+09
3.317421000000000000e+09
1.333000000000000000e+09
1.560263000000000000e+09
1.909245000000000000e+09
1.843630000000000000e+09
2.030261000000000000e+10
1.927088000000000000e+09
inf
7.217148000000000000e+07
1.037476000000000000e+09
1.110833000000000000e+10
1.263810000000000000e+09
1.273321000000000000e+09
1.698854000000000000e+09
1.886860000000000000e+09
2.227667000000000000e+09
5.013944000000000000e+09
7.969022000000000000e+09
2.497483000000000000e+09
3.131633000000000000e+09
3.231317000000000000e+09
4.268014000000000000e+09
2.311156000000000000e+09
2.842891000000000000e+09
2.836780000000000000e+09
1.207632000000000000e+09
1.209597000000000000e+09
7.295025000000000000e+08
1.215166000000000000e+10
1.424514000000000000e+09
2.421413000000000000e+09
1.114586000000000000e+10
7.986383000000000000e+08
1.328705000000000000e+09
1.236804000000000000e+09
1.322315000000000000e+10
3.451020000000000000e+09
1.625209000000000000e+09
1.263991000000000000e+09
1.438176000000000000e+09
1.804800000000000000e+09
7.578974000000000000e+07
6.611573000000000000e+09
4.683002000000000000e+09
3.487500000000000000e+09
7.678750000000000000e+08
7.976729000000000000e+08
8.881837000000000000e+07
2.953118000000000000e+07
9.074886000000000000e+08
6.431140000000000000e+09
8.446429000000000000e+08
1.814229000000000000e+09
1.375229000000000000e+09
5.489476000000000000e+09
1.734126000000000000e+09
2.881376000000000000e+10
1.823756000000000000e+09
2.028389000000000000e+09
2.038415000000000000e+09
2.295877000000000000e+09
7.604009000000000000e+07
8.928453000000000000e+08
7.242975000000000000e+09
8.416263000000000000e+09
1.891187000000000000e+09
inf
1.683253000000000000e+09
1.682823000000000000e+09
1.304795000000000000e+09
1.644244000000000000e+09
1.513036000000000000e+09
inf
1.659545000000000000e+09
1.314151000000000000e+09
1.087401000000000000e+09
1.067176000000000000e+09
8.266537000000000000e+08
3.442019000000000000e+09
3.079025000000000000e+09
1.133737000000000000e+09
9.618586000000000000e+08
1.107477000000000000e+09
1.964964000000000000e+09
1.309716000000000000e+09
4.038158000000000000e+09
1.242861000000000000e+09
1.114022000000000000e+09
1.493177000000000000e+09
1.928215000000000000e+09
8.885470000000000000e+08
2.039045000000000000e+09
6.149441000000000000e+09
inf
6.126602000000000000e+09
inf
7.298252000000000000e+08
inf
1.920917000000000000e+09
1.197958000000000000e+09
1.759560000000000000e+09
2.369246000000000000e+09
8.998466000000000000e+08
2.654204000000000000e+09
2.584548000000000000e+09
1.296846000000000000e+09
2.253294000000000000e+07
8.301508000000000000e+08
1.407198000000000000e+09
1.262359000000000000e+09
inf
7.855179000000000000e+09
3.352820000000000000e+09
2.231434000000000000e+09
2.367546000000000000e+09
inf
inf
5.844264000000000000e+07
2.272942000000000000e+09
4.485126000000000000e+07
9.885169000000000000e+08
7.523774000000000000e+08
2.910609000000000000e+09
2.279223000000000000e+09
inf
9.255646000000000000e+08
2.116891000000000000e+09
9.138989000000000000e+08
8.677473000000000000e+08
5.793108000000000000e+08
1.745595000000000000e+09
1.272584000000000000e+09
4.924142000000000000e+08
6.530918000000000000e+08
2.011692000000000000e+09
inf
1.349356000000000000e+10
2.235627000000000000e+07
2.989737000000000000e+09
1.509575000000000000e+09
2.393308000000000000e+09
1.146941000000000000e+09
inf
5.110939000000000000e+08
1.605047000000000000e+09
1.308418000000000000e+09
inf
1.477463000000000000e+09
2.306309000000000000e+09
5.143709000000000000e+08
1.292021000000000000e+09
1.199046000000000000e+09
1.906487000000000000e+09
4.999129000000000000e+08
inf
2.975691000000000000e+07
5.211967000000000000e+08
1.386499000000000000e+09
1.156793000000000000e+09
5.216087000000000000e+09
inf
inf
inf
1.457233000000000000e+09
inf
2.714672000000000000e+08
7.329057000000000000e+08
1.815221000000000000e+08
1.779011000000000000e+09
1.910904000000000000e+09
1.575537000000000000e+09
inf
5.328555000000000000e+08
8.624167000000000000e+08
inf
inf
inf
1.745584000000000000e+08
inf
3.158333000000000000e+07
inf
5.327071000000000000e+07
inf
inf
7.430574000000000000e+09
1.689718000000000000e+09
4.571077000000000000e+09
1.261153000000000000e+09
1.028902000000000000e+09
1.487455000000000000e+09
inf
7.906003000000000000e+08
1.884166000000000000e+09
1.949291000000000000e+09
1.553284000000000000e+09
1.705441000000000000e+09
7.657763000000000000e+07
9.264743000000000000e+08
1.033414000000000000e+09
2.445645000000000000e+09
1.662001000000000000e+09
2.741317000000000000e+09
inf
4.904013000000000000e+08
1.027140000000000000e+09
1.062215000000000000e+09
6.350674000000000000e+08
2.769681000000000000e+08
2.094714000000000000e+09
6.230736000000000000e+09
7.195583000000000000e+08
1.251109000000000000e+09
2.086765000000000000e+09
2.121656000000000000e+09
1.354897000000000000e+09
1.885243000000000000e+09
1.399438000000000000e+09
5.103132000000000000e+09
1.788050000000000000e+09
2.559484000000000000e+09
inf
9.245660000000000000e+07
1.220786000000000000e+09
5.960569000000000000e+08
inf
2.390706000000000000e+09
1.186754000000000000e+09
1.727317000000000000e+09
1.767573000000000000e+09
1.371798000000000000e+09
inf
3.709022000000000000e+09
1.785268000000000000e+09
1.067521000000000000e+09
3.076154000000000000e+09
2.561471000000000000e+09
5.707915000000000000e+09
1.140794000000000000e+09
inf
1.378102000000000000e+09
5.443285000000000000e+08
2.328282000000000000e+09
2.365000000000000000e+09
5.805906000000000000e+06
1.512377000000000000e+08
1.085791000000000000e+09
inf
inf
5.795334000000000000e+08
inf
9.169469000000000000e+08
1.126984000000000000e+09
8.916689000000000000e+09
inf
7.076737000000000000e+08
5.118571000000000000e+08
5.013944000000000000e+09
1.850351000000000000e+09
inf
3.785628000000000000e+09
5.160504000000000000e+09
1.643015000000000000e+09
1.873467000000000000e+09
1.598050000000000000e+09
4.126522000000000000e+07
2.508306000000000000e+08
1.959712000000000000e+09
inf
6.755759000000000000e+08
5.449129000000000000e+08
5.846492000000000000e+08
7.933570000000000000e+08
1.543113000000000000e+09
inf
2.219696000000000000e+08
2.168512000000000000e+08
inf
inf
3.635454000000000000e+09
inf
2.100716000000000000e+09
2.875098000000000000e+09
inf
1.275783000000000000e+09
1.428214000000000000e+10
3.653571000000000000e+09
6.369064000000000000e+09
1.167457000000000000e+08
1.585427000000000000e+09
4.574880000000000000e+08
5.411145000000000000e+07
6.803124000000000000e+08
1.004315000000000000e+09
6.265644000000000000e+08
9.840940000000000000e+08
1.091177000000000000e+09
8.223268000000000000e+08
8.061515000000000000e+08
9.791290000000000000e+08
inf
5.925242000000000000e+08
1.087222000000000000e+09
8.919100000000000000e+08
5.364512000000000000e+09
2.178392000000000000e+09
inf
inf
inf
3.076313000000000000e+07
4.023384000000000000e+10
1.844145000000000000e+09
1.587668000000000000e+09
1.332731000000000000e+09
1.529166000000000000e+09
2.208027000000000000e+07
8.521697000000000000e+08
1.934433000000000000e+09
1.658710000000000000e+09
inf
9.919348000000000000e+08
3.328138000000000000e+07
5.852682000000000000e+07
1.247089000000000000e+09
inf
6.576082000000000000e+07
1.410808000000000000e+09
1.999500000000000000e+09
3.193780000000000000e+09
2.684439000000000000e+09
1.544196000000000000e+09
5.622118000000000000e+07
2.185608000000000000e+09
6.575992000000000000e+08
2.954926000000000000e+09
8.988353000000000000e+08
inf
1.015131000000000000e+10
4.591754000000000000e+09
2.242049000000000000e+09
2.252765000000000000e+09
1.516653000000000000e+08
7.156562000000000000e+09
1.784302000000000000e+09
2.901649000000000000e+09
inf
4.906566000000000000e+08
1.397363000000000000e+09
8.386751000000000000e+07
1.487581000000000000e+09
inf
4.155132000000000000e+09
3.403220000000000000e+07
1.407498000000000000e+09
1.423899000000000000e+09
