1.987911000000000000e+09
inf
4.351426000000000000e+09
6.059201000000000000e+09
2.735440000000000000e+09
4.418505000000000000e+09
2.227165000000000000e+09
inf
2.342718000000000000e+09
inf
2.305845000000000000e+09
1.502629000000000000e+09
2.650481000000000000e+09
1.840427000000000000e+09
2.997913000000000000e+09
6.537495000000000000e+08
3.832796000000000000e+09
6.505400000000000000e+09
3.250695000000000000e+09
3.066237000000000000e+09
inf
9.680484000000000000e+09
3.212675000000000000e+09
8.318499000000000000e+08
1.703465000000000000e+10
1.780289000000000000e+09
3.223672000000000000e+09
9.130762000000000000e+09
3.097027000000000000e+09
8.789880000000000000e+09
1.649747000000000000e+08
5.757563000000000000e+09
9.431202000000000000e+09
4.069342000000000000e+07
1.346159000000000000e+08
2.992469000000000000e+09
2.687352000000000000e+09
8.484440000000000000e+09
5.527896000000000000e+07
3.380723000000000000e+09
8.651457000000000000e+09
2.607757000000000000e+09
1.232226000000000000e+10
1.838887000000000000e+09
6.994600000000000000e+08
4.159249000000000000e+09
2.922168000000000000e+09
5.303628000000000000e+09
inf
6.166894000000000000e+09
3.447913000000000000e+09
9.694721000000000000e+09
9.394913000000000000e+08
1.348141000000000000e+10
2.037209000000000000e+09
4.626253000000000000e+09
3.239514000000000000e+09
3.684969000000000000e+09
6.553091000000000000e+08
inf
4.597218000000000000e+09
4.987506000000000000e+07
3.610301000000000000e+09
4.821657000000000000e+09
4.525423000000000000e+08
5.586788000000000000e+09
2.331121000000000000e+09
inf
3.347952000000000000e+08
4.515350000000000000e+09
6.236906000000000000e+09
3.279806000000000000e+10
inf
inf
3.682911000000000000e+09
6.852817000000000000e+09
7.970511000000000000e+08
4.183598000000000000e+08
2.506620000000000000e+09
5.507444000000000000e+09
inf
1.672389000000000000e+08
4.668184000000000000e+08
1.494878000000000000e+10
8.912893000000000000e+07
1.875508000000000000e+09
4.551980000000000000e+07
3.373364000000000000e+07
8.595059000000000000e+09
9.595939000000000000e+09
1.569014000000000000e+09
4.047838000000000000e+09
2.479282000000000000e+09
6.419501000000000000e+07
5.146300000000000000e+09
9.010948000000000000e+08
7.900826000000000000e+07
6.166894000000000000e+09
5.162420000000000000e+09
1.846613000000000000e+10
3.493593000000000000e+09
4.102309000000000000e+09
1.547964000000000000e+08
4.506090000000000000e+09
1.009557000000000000e+10
6.831513000000000000e+09
1.846924000000000000e+08
2.483953000000000000e+09
1.860686000000000000e+09
2.988400000000000000e+09
2.702962000000000000e+07
4.756429000000000000e+09
4.939434000000000000e+07
inf
3.189361000000000000e+09
1.225355000000000000e+09
inf
6.925073000000000000e+08
7.603702000000000000e+09
8.731668000000000000e+09
1.989261000000000000e+09
7.958003000000000000e+08
3.873832000000000000e+07
2.182195000000000000e+09
2.787482000000000000e+07
5.170518000000000000e+09
9.760749000000000000e+08
8.148838000000000000e+09
inf
4.119098000000000000e+08
2.413918000000000000e+09
5.199062000000000000e+09
7.952244000000000000e+09
1.508561000000000000e+10
8.604903000000000000e+07
1.751437000000000000e+09
1.865953000000000000e+09
4.490742000000000000e+09
5.086736000000000000e+09
inf
3.446111000000000000e+09
4.154813000000000000e+07
1.379165000000000000e+10
2.043524000000000000e+09
3.739314000000000000e+09
9.694721000000000000e+09
1.147929000000000000e+09
1.287731000000000000e+08
2.766433000000000000e+09
1.458498000000000000e+10
4.957305000000000000e+07
2.591356000000000000e+09
8.778175000000000000e+09
6.378121000000000000e+07
1.075895000000000000e+09
inf
3.157795000000000000e+08
7.905504000000000000e+07
inf
1.394334000000000000e+09
5.089014000000000000e+07
3.598232000000000000e+09
4.234046000000000000e+09
7.418142000000000000e+08
5.036218000000000000e+09
4.776663000000000000e+07
6.976095000000000000e+09
5.697848000000000000e+09
6.463147000000000000e+09
7.096243000000000000e+09
inf
3.660417000000000000e+09
3.680854000000000000e+09
1.371419000000000000e+09
6.979603000000000000e+08
1.185685000000000000e+10
9.632394000000000000e+08
6.538224000000000000e+07
inf
inf
4.907253000000000000e+07
inf
1.243300000000000000e+08
7.160215000000000000e+08
1.537409000000000000e+09
6.380521000000000000e+07
7.358730000000000000e+07
5.133101000000000000e+07
inf
inf
5.572620000000000000e+09
6.514481000000000000e+08
1.111705000000000000e+10
1.901337000000000000e+09
5.833991000000000000e+10
4.742741000000000000e+09
4.761204000000000000e+07
2.099494000000000000e+09
inf
inf
1.030587000000000000e+09
inf
inf
2.414006000000000000e+08
inf
2.785722000000000000e+09
4.476548000000000000e+07
inf
inf
1.114373000000000000e+08
2.179849000000000000e+09
1.421123000000000000e+09
3.896998000000000000e+07
7.079098000000000000e+09
1.744024000000000000e+10
2.680931000000000000e+09
inf
1.565150000000000000e+09
2.450710000000000000e+10
1.042690000000000000e+10
5.845520000000000000e+07
1.636341000000000000e+09
2.876072000000000000e+07
inf
1.251169000000000000e+09
5.269017000000000000e+07
6.105249000000000000e+07
inf
inf
7.096358000000000000e+07
inf
inf
4.538328000000000000e+07
8.093018000000000000e+07
inf
1.102410000000000000e+10
3.815052000000000000e+09
inf
8.784024000000000000e+08
4.491768000000000000e+07
3.326770000000000000e+09
9.458264000000000000e+09
4.032055000000000000e+09
1.111705000000000000e+10
1.269419000000000000e+09
2.893629000000000000e+08
inf
5.261080000000000000e+07
4.111263000000000000e+09
inf
1.160227000000000000e+09
5.905081000000000000e+07
inf
1.043020000000000000e+08
2.720763000000000000e+09
inf
5.114469000000000000e+07
5.075233000000000000e+07
2.701807000000000000e+09
inf
inf
3.312769000000000000e+09
5.215514000000000000e+09
3.664486000000000000e+09
8.302783000000000000e+08
1.826152000000000000e+10
6.566146000000000000e+09
2.663062000000000000e+09
7.799823000000000000e+08
9.575850000000000000e+07
inf
2.746594000000000000e+08
inf
inf
3.379740000000000000e+07
inf
4.626253000000000000e+09
inf
1.523552000000000000e+09
inf
inf
6.449087000000000000e+07
inf
1.866084000000000000e+09
5.736484000000000000e+07
2.892677000000000000e+09
6.831513000000000000e+09
3.491742000000000000e+09
inf
2.105949000000000000e+09
2.888874000000000000e+09
6.903047000000000000e+09
1.277661000000000000e+09
5.141138000000000000e+07
2.733512000000000000e+08
1.985666000000000000e+10
inf
3.061965000000000000e+09
3.548122000000000000e+09
inf
1.888402000000000000e+09
9.123070000000000000e+07
inf
3.432130000000000000e+07
inf
inf
inf
3.663468000000000000e+08
2.068207000000000000e+10
2.023919000000000000e+09
2.679842000000000000e+09
1.248799000000000000e+09
1.321124000000000000e+09
1.580914000000000000e+10
1.632593000000000000e+09
2.331121000000000000e+09
2.358644000000000000e+09
1.152519000000000000e+09
9.913398000000000000e+09
inf
9.267806000000000000e+07
3.928953000000000000e+07
inf
1.259037000000000000e+08
inf
inf
3.505098000000000000e+07
1.435590000000000000e+09
4.856404000000000000e+07
3.477009000000000000e+09
4.104160000000000000e+08
inf
1.616183000000000000e+09
1.182283000000000000e+09
1.132717000000000000e+10
1.026855000000000000e+10
2.024074000000000000e+09
3.830091000000000000e+07
4.154008000000000000e+09
inf
inf
3.634234000000000000e+08
3.888754000000000000e+09
3.741436000000000000e+09
7.531171000000000000e+08
8.819278000000000000e+09
9.108998000000000000e+07
2.270896000000000000e+09
5.205697000000000000e+07
2.954913000000000000e+09
1.575624000000000000e+09
1.111068000000000000e+08
2.845235000000000000e+09
8.210237000000000000e+08
2.495210000000000000e+07
6.369478000000000000e+09
6.702320000000000000e+07
3.728467000000000000e+07
7.990800000000000000e+09
9.311314000000000000e+09
6.402092000000000000e+07
6.274474000000000000e+07
4.539794000000000000e+07
inf
3.139243000000000000e+11
5.265204000000000000e+07
6.806491000000000000e+07
3.026019000000000000e+08
5.439563000000000000e+08
5.534178000000000000e+07
3.385143000000000000e+07
6.070359000000000000e+09
4.938528000000000000e+07
6.462355000000000000e+09
4.890512000000000000e+09
1.106982000000000000e+08
1.847700000000000000e+08
1.841455000000000000e+09
inf
2.191126000000000000e+07
4.461596000000000000e+07
9.504628000000000000e+08
1.006936000000000000e+09
6.533607000000000000e+09
