inf inf
inf inf
3.104047567354119241e+00 -7.810055460081149370e+00
inf inf
1.751726598497954646e+00 -2.404046142542646791e+01
1.578944817742363504e+01 -9.405101979140166435e+00
inf inf
5.243521040788019505e-01 -2.115253600661117517e+01
inf inf
inf inf
2.118396668816830530e+00 1.037645576982350626e+01
inf inf
inf inf
5.255366567598119154e+00 1.669898676581494001e+01
inf inf
inf inf
inf inf
inf inf
3.030442264356918880e+00 4.337313395154554740e+01
2.077893295508789961e+01 -1.894694017310820877e+00
6.308679268839762599e+00 -3.977205992592600214e+00
2.531975540923617984e+00 3.967243936386336856e+01
inf inf
inf inf
inf inf
4.937206382964614004e-01 7.286753317153397802e+01
6.803571681410702787e+00 -1.130008937195656316e+00
1.180124444724331667e+01 -1.118055716459369897e+01
-2.964846724384322951e-01 -2.676332549630445214e+02
3.666494735451883424e-01 -4.978544074831533273e+00
4.936124702060757374e-01 5.845865429326108398e+01
8.281335268755766421e+00 -3.244317623874594325e+00
4.162778901444845192e-01 2.222204193526387783e+01
inf inf
6.365627666716296984e-01 5.780323697339462274e-01
4.160919026792280206e+00 3.911090377568793741e+01
8.590018975895546971e-01 -5.635205578801258941e-01
8.836720685874970282e-01 -6.496519118587681163e+00
1.560013090042084771e+00 -2.959768590980048941e+01
6.446909261164116556e-01 -5.425608623285734566e+00
inf inf
1.596079021567565204e-01 7.286166318739714143e+02
inf inf
4.705295118090274120e-01 -3.532102497537353969e+01
7.500964006714935017e+00 -9.049812123471797420e+00
inf inf
1.534149987539550064e-01 8.901672272814106890e+00
3.537427785364527288e+00 7.452637931736601828e+00
1.018643160915121015e+01 -1.619054493939745143e+01
2.316823184239636957e-01 -3.508699198359536098e+01
1.896413048859844297e+00 -1.774311878329812231e+01
inf inf
6.101320619227829090e-01 -1.332908731896553611e+01
7.687094248246333084e-02 1.085937364093535251e+02
1.474387201669849645e+01 3.557409899261679609e+00
9.873827088963148535e-01 -1.678811384908062010e+01
4.263939885353727477e-01 -2.798969672513702989e+01
-6.440162766925673632e-02 -8.806293436922325100e+02
6.432745126116057310e-01 -2.957269190199995279e+01
2.958516228928724345e+00 -9.453054145726355273e+00
1.561414651451579205e+00 9.816127721774460468e+00
4.724343630898503177e-01 -2.838618643410121933e+01
3.084916247108820730e+00 1.257740074599059632e+01
9.148092061809807163e-01 3.194819845010162851e+01
1.365368114245473441e+00 -1.217985976221362066e+01
-5.985325754840780110e-01 -1.146112507135051430e+02
6.503523767124340660e-01 -3.396055017054845848e+01
7.586216294833023621e-01 -9.959055956560531442e+00
2.513474734158549495e-01 -2.083982315770065341e+01
2.376118731597667733e+01 1.740734320696494208e+01
1.530593471168743003e+00 -1.114769182308118722e+01
inf inf
inf inf
6.746850128272947611e-01 -4.549396030475919872e+01
4.661764467415320246e-01 -3.663285584729930378e+01
8.812684110867607945e-01 -3.870783561496599390e+01
inf inf
inf inf
inf inf
3.217804529228680543e-01 -3.197171694476370263e+01
8.584824945959536047e-01 -2.333129747492415973e+01
inf inf
4.224132066494252769e-01 -2.991546227143157566e+01
4.893922333117481926e-01 3.921161502155483447e+01
3.381426980771103374e-01 -4.013166178407935547e+01
3.370106461518872720e+00 -9.858547074531298193e+00
inf inf
5.538816985145061267e+00 -1.697312475077908722e+00
inf inf
inf inf
inf inf
6.200032408551292562e-01 -1.123996816714522673e+01
inf inf
1.142169424755033580e+00 -4.698255831507226787e+01
6.976565805095027439e-01 -7.001768003969036158e+01
-8.152399185244036534e-03 -3.875035196961384372e+03
inf inf
inf inf
2.651260144422287746e-01 -2.619196473268977954e+01
7.400099924598190215e-01 -2.736433492802485290e+01
1.014636864250339876e+01 1.473775137126216705e+01
4.022065106350715125e-01 -3.426246578256624531e+01
2.136957304305468486e-01 -3.652992495407562501e+01
inf inf
inf inf
1.257770148159888635e+01 -1.572729769343209072e-01
2.282658180799991499e+00 -2.364950537060710190e+01
1.827645045282954461e+00 -4.764227683849345141e+00
inf inf
inf inf
inf inf
inf inf
inf inf
inf inf
inf inf
inf inf
inf inf
6.592922171774300288e-01 -4.927179716049335667e+01
2.760854596414487050e-01 -3.883662452872025739e+01
1.400644923121921126e+00 1.775754186557557235e+00
3.452850146670287668e-01 5.899295115514960486e+01
5.777927452936645336e-01 -3.895304101868930502e+01
1.303644487497905402e+00 -2.005535109391347248e+01
-4.593610163625849174e-01 -2.194725663249836884e+02
inf inf
4.471226095972488102e-01 -3.234245087949975073e+01
4.939918992070664316e-01 -1.896815790040951200e+01
9.632215724480770458e-01 -3.800888611149531471e+01
8.783225119930275770e-01 -5.150620700590855705e+01
4.828624955963979892e-01 -3.530455796693303938e+01
2.916830740925130172e+00 -1.767087386350227973e+01
5.835002934307971234e-01 -4.758090919882058500e+01
inf inf
4.132367134581838020e-01 -3.146854425493340912e+01
inf inf
6.445355395720619995e-01 -2.004548746730841557e+01
2.140052144694641889e+00 1.995143837594303415e-01
inf inf
2.413835319391563772e+01 -3.150679520778119080e+00
6.528696667537186027e-01 -3.768236247065253508e+01
inf inf
7.476031962451539226e-01 -1.896436372611961474e+01
6.702806659967405212e-01 -3.841922262822033218e+01
-3.521686105588937465e+00 -9.297264771376873682e+01
inf inf
inf inf
2.936662771818120965e-01 -3.314255184228816375e+01
inf inf
inf inf
2.563965693198797080e+00 -1.841302352728022029e+01
6.559523172156078274e+00 9.727642995771972778e+00
inf inf
inf inf
7.325987968991101162e-01 -5.563609456500064709e+01
inf inf
inf inf
inf inf
6.355175154355180434e-01 -1.618877213892520928e+01
1.900363285870527719e+00 6.179551888675749005e+00
1.869310076626967687e+00 6.926404592561876683e+00
inf inf
inf inf
3.222035975251544837e-01 -3.947279764130774193e+00
inf inf
inf inf
inf inf
1.173866878661279145e+00 -3.469501509938498884e+01
inf inf
inf inf
inf inf
1.031821425085496102e+01 -3.607215614588569874e+00
1.488228766021425464e+01 -9.262730742722409261e-01
4.827847322671701136e-01 2.007341609265857230e+01
inf inf
2.035477000347378329e+00 1.756129191232233211e+01
inf inf
1.275299964165405697e+00 1.206865476280868776e+01
4.205757502539334558e-01 1.419151819023177552e+01
inf inf
1.302275306458474446e+01 -5.221007256085820281e+00
inf inf
inf inf
inf inf
8.880290568499809023e-01 -2.496612022585606283e+01
inf inf
2.202372377308611240e-01 3.930059766227566342e+02
1.516069228855007900e+01 3.814372591196101947e+00
inf inf
1.111923132652058999e-01 3.302267191962876609e+02
4.906902503963779694e+00 6.391401008240127801e+00
5.342958340956063701e+00 -1.863105134249567740e+01
3.976023610883384629e-01 -4.299976426246939809e+01
inf inf
9.813415490710885036e-01 -2.552126839422479065e+01
3.793055604626491828e-01 -4.579801583159062517e+01
4.127837245511666309e-01 -2.217504620078242894e+01
inf inf
1.804330758495714893e+00 -1.593272123079555902e+00
2.982611791975019466e-01 3.675752149745091657e+01
inf inf
6.423363085530261474e-01 5.645093401216060514e+00
inf inf
inf inf
inf inf
7.692200006295116799e-01 -2.168238382082372340e+01
5.600457524227344663e-01 1.705761895195378131e+01
inf inf
inf inf
inf inf
inf inf
6.029925476149987640e-01 8.266947254635887532e+00
9.653529882394615846e-01 -2.019746359151486459e+01
-1.683367307770358423e-01 -1.908969793062576628e+02
2.633402601521156461e-01 -4.057975586734549722e+01
1.477695211660983166e+00 -2.924406434567844215e+01
1.495279672168120300e+00 3.472188986667350985e+00
1.115042843295174713e+01 -6.593449455510058499e+01
4.123764128429390219e-01 -3.774720592617348558e+01
6.399313900253292831e-01 -4.090648143055488362e+01
9.689477557614031289e-01 -6.653204462761638638e+01
1.820029143012329875e+00 -1.883415632116233196e+00
9.456628929365749059e-01 -3.652948875383480498e+01
4.102332274665900225e-01 -3.525982702443980799e+01
8.841031996938666926e-02 5.457189190074401495e+02
inf inf
1.972330795074309862e+00 1.144108369367120304e+01
inf inf
3.133644052264369151e+01 6.098817761218848776e-01
inf inf
1.978756287894261279e+00 -1.092359266085517611e+01
inf inf
inf inf
1.063834850313800207e+00 3.231732743445673606e+01
8.401667365316251690e+00 -6.039263754880554558e+00
1.284578180198125086e+00 -2.490148420364578996e+01
2.975055438199751268e-01 -5.106988454027802504e+01
inf inf
1.725860833827392637e+00 1.517397739548283830e+01
1.265985038236727922e+00 -2.247164349517912285e+01
inf inf
inf inf
3.178601863196118149e+00 5.662128252953245067e+00
inf inf
inf inf
inf inf
4.109840989644885645e-01 -4.398732765809465661e+01
3.445452121835609893e-01 -7.542582709544760178e+01
inf inf
3.789552751958557009e-01 8.148774889673401134e+00
inf inf
inf inf
2.806481354125937022e-01 9.549816401455744597e+01
7.797462130107616352e-01 -2.951622021725946965e+01
2.043848958337847410e+00 1.526516439853347329e+01
inf inf
inf inf
inf inf
1.254874830258680074e+00 1.421570190808004730e+00
inf inf
inf inf
inf inf
1.987430738229723204e+01 -1.225437499174404543e+01
-5.003632606232577587e+02 -1.099395709436641511e+02
9.030338765383451261e+00 3.291927565813801237e+01
inf inf
inf inf
1.520921814724362220e-01 2.752019868790197847e+02
1.414219738237127988e+00 -1.699783439110965233e+01
1.355915764400926449e+01 -2.986006168517457482e+00
8.718228988106215827e-01 5.800518558256541013e+01
inf inf
inf inf
inf inf
9.048760687906435507e+00 -2.815140590022795664e+01
inf inf
inf inf
inf inf
inf inf
inf inf
1.121064036860194291e+00 -2.580223196479699865e+01
inf inf
inf inf
8.181147097089821685e+00 8.448406911954796428e+00
inf inf
inf inf
inf inf
2.854473237958773391e-01 -3.373106453850261488e+01
4.456846185200084021e-01 -4.656114466204040525e+01
inf inf
inf inf
inf inf
6.842099698019420417e-01 -5.735440686233745566e+01
inf inf
1.194438852151846087e+00 -4.394514838231570053e+01
inf inf
inf inf
inf inf
inf inf
3.328948643241175231e-01 -3.232470441037236242e+01
inf inf
inf inf
inf inf
inf inf
1.664016148491622271e+00 8.359876170869103618e+00
8.105787425362411813e-01 3.509777537929269187e+01
inf inf
inf inf
inf inf
3.992376328278367525e-01 -5.515438932397447047e+01
8.603172888234175142e-01 -2.329088621680888238e+01
2.146917189478777743e+01 1.177479657882936515e+01
inf inf
inf inf
3.224072533792682549e+00 -1.792855904473642781e+01
inf inf
inf inf
inf inf
4.209456514956675388e-01 -3.950190493245358425e+01
inf inf
5.901153606371380977e-01 -1.366123565031213793e+01
inf inf
inf inf
3.909071486129550022e-01 -4.997482353137956324e+01
7.639772950528247897e+00 -7.937124029820009419e+00
inf inf
inf inf
1.150054808487105618e+01 5.147290699958519511e+00
inf inf
inf inf
inf inf
8.844344854877890683e+00 6.467730225190124749e+00
1.149389784902393297e+00 -3.626955854318221384e+01
4.260816741914996153e-01 -3.782438351197188808e+01
inf inf
2.486660537099616430e+00 -3.798599587605219341e+01
-1.473394519845437571e+02 -1.097905024567770198e+02
8.442469013534674716e-01 -1.211271995685782477e+00
inf inf
inf inf
inf inf
1.986334499470177928e+00 3.460655024199947860e+01
inf inf
inf inf
3.630869322677921507e-01 -1.013150359694461429e+02
inf inf
6.548145906690627793e-01 -1.587999625258032488e+01
1.502508018819564417e-01 -5.549215608270706923e+01
inf inf
inf inf
5.490367908982004508e+01 -1.443811372782255553e+01
inf inf
8.533139934501841495e+00 -1.336438292244824133e+00
1.089177667103860969e+01 -1.254044747769939505e+01
inf inf
2.392346229015479775e+00 -2.662050228283951547e+00
1.288504457696559191e+00 -1.387891870705877295e+01
inf inf
inf inf
inf inf
inf inf
4.139806535112230534e+01 -2.779835932590053016e+00
inf inf
inf inf
inf inf
inf inf
inf inf
inf inf
inf inf
1.141728205432980037e+00 1.161406138409732591e+02
1.203728837769528148e+01 9.698947452163793059e+00
6.187465574319811479e-01 8.609090270369499365e+00
2.415974399424587205e+01 1.097542235736014504e+00
2.711260367657230663e+00 1.586305732798762058e+01
inf inf
inf inf
1.674654872500565883e+00 3.159746002515549179e+01
8.556146390596619522e-01 -3.066933062214875960e+01
9.726644225561877910e-01 -1.487054724480426238e+01
inf inf
inf inf
inf inf
inf inf
9.397799919948853997e+00 -3.310449740523147000e+00
5.700868197094755452e+00 -1.690285913266595230e+01
