inf
inf
6.996815000000000000e+06
inf
4.664876000000000000e+06
4.733463000000000000e+06
inf
1.344394000000000000e+07
inf
inf
6.859642000000000000e+06
inf
inf
4.184772000000000000e+06
inf
inf
inf
inf
4.527704000000000000e+06
2.675870000000000000e+06
4.939222000000000000e+06
7.202574000000000000e+06
inf
inf
inf
9.054407000000000000e+06
9.808858000000000000e+06
5.007808000000000000e+06
1.015179000000000000e+07
5.762260000000000000e+06
7.957024000000000000e+06
4.116185000000000000e+06
4.939222000000000000e+06
inf
5.556500000000000000e+06
5.968018000000000000e+06
7.476920000000000000e+06
5.419327000000000000e+06
5.487914000000000000e+06
4.184772000000000000e+06
inf
7.476920000000000000e+06
inf
7.545506000000000000e+06
5.556500000000000000e+06
inf
6.242364000000000000e+06
1.022038000000000000e+07
4.116185000000000000e+06
6.310950000000000000e+06
5.762260000000000000e+06
inf
1.989106000000000000e+07
4.802050000000000000e+06
3.773253000000000000e+06
6.791056000000000000e+06
7.476920000000000000e+06
6.928228000000000000e+06
9.808858000000000000e+06
3.979012000000000000e+06
7.202574000000000000e+06
4.596290000000000000e+06
5.968018000000000000e+06
6.242364000000000000e+06
3.361734000000000000e+06
3.449997000000000000e+07
6.242364000000000000e+06
9.603099000000000000e+06
1.124917000000000000e+07
2.675870000000000000e+06
6.722469000000000000e+06
inf
inf
8.025611000000000000e+06
6.996815000000000000e+06
8.511674000000000000e+07
inf
inf
inf
7.888438000000000000e+06
7.339747000000000000e+06
inf
2.620101000000000000e+07
9.465926000000000000e+06
5.419327000000000000e+06
6.379537000000000000e+06
inf
1.433556000000000000e+07
inf
inf
inf
6.653882000000000000e+06
inf
7.819852000000000000e+06
1.618740000000000000e+07
5.144982000000000000e+06
inf
inf
9.328753000000000000e+06
1.001462000000000000e+07
3.841840000000000000e+06
6.791056000000000000e+06
9.808858000000000000e+06
inf
inf
3.841840000000000000e+06
1.248373000000000000e+07
9.671685000000000000e+06
inf
inf
inf
inf
inf
inf
inf
inf
inf
4.664876000000000000e+06
8.368543000000000000e+06
8.917235000000000000e+06
4.870636000000000000e+06
7.888438000000000000e+06
6.585296000000000000e+06
6.448124000000000000e+06
inf
1.214080000000000000e+07
7.957024000000000000e+06
1.982248000000000000e+07
9.603099000000000000e+06
1.680467000000000000e+07
1.200362000000000000e+07
9.328753000000000000e+06
inf
6.722469000000000000e+06
inf
8.094198000000000000e+06
4.596290000000000000e+06
inf
3.361734000000000000e+06
2.256593000000000000e+07
inf
8.231370000000000000e+06
8.505716000000000000e+06
9.328753000000000000e+06
inf
inf
7.957024000000000000e+06
inf
inf
1.563870000000000000e+07
7.545506000000000000e+06
inf
inf
1.385546000000000000e+07
inf
inf
inf
1.111200000000000000e+07
9.328753000000000000e+06
8.505716000000000000e+06
inf
inf
6.516710000000000000e+06
inf
inf
inf
6.474658000000000000e+07
inf
inf
inf
6.585296000000000000e+06
4.116185000000000000e+06
2.983609000000000000e+07
inf
1.200362000000000000e+07
inf
1.172928000000000000e+07
2.661253000000000000e+07
inf
6.242364000000000000e+06
inf
inf
inf
6.379537000000000000e+06
inf
5.968018000000000000e+06
4.253358000000000000e+06
inf
1.611881000000000000e+07
6.791056000000000000e+06
4.459118000000000000e+06
7.133988000000000000e+06
inf
1.323818000000000000e+07
1.166069000000000000e+07
1.015179000000000000e+07
inf
3.038478000000000000e+07
1.426698000000000000e+07
inf
8.984921000000000000e+07
inf
inf
inf
1.131776000000000000e+07
2.071410000000000000e+07
inf
inf
inf
inf
1.584446000000000000e+07
2.949316000000000000e+07
1.248373000000000000e+07
1.694185000000000000e+07
3.511725000000000000e+07
6.242364000000000000e+06
5.487914000000000000e+06
6.585296000000000000e+06
9.808858000000000000e+06
7.271160000000000000e+06
1.989106000000000000e+07
6.448124000000000000e+06
1.063190000000000000e+07
1.083765000000000000e+07
inf
8.162784000000000000e+06
inf
3.773253000000000000e+06
inf
4.802050000000000000e+06
inf
inf
1.790206000000000000e+07
5.968018000000000000e+06
1.364970000000000000e+07
6.379537000000000000e+06
inf
1.303242000000000000e+07
6.653882000000000000e+06
inf
inf
1.063190000000000000e+07
inf
inf
inf
8.848648000000000000e+06
1.028896000000000000e+07
inf
9.122994000000000000e+06
inf
inf
1.028896000000000000e+07
6.791056000000000000e+06
8.437130000000000000e+06
inf
inf
inf
1.646174000000000000e+07
inf
inf
inf
4.184772000000000000e+06
9.946031000000000000e+06
6.859642000000000000e+06
inf
inf
8.574302000000000000e+06
9.122994000000000000e+06
4.733463000000000000e+06
9.946031000000000000e+06
inf
inf
inf
5.144982000000000000e+06
inf
inf
inf
inf
inf
5.762260000000000000e+06
inf
inf
8.025611000000000000e+06
inf
inf
inf
8.094198000000000000e+06
4.870636000000000000e+06
inf
inf
inf
8.299957000000000000e+06
inf
1.316959000000000000e+07
inf
inf
inf
inf
7.888438000000000000e+06
inf
inf
inf
inf
1.035755000000000000e+07
1.131776000000000000e+07
inf
inf
inf
5.762260000000000000e+06
9.808858000000000000e+06
2.950216000000000000e+06
inf
inf
5.282154000000000000e+06
inf
inf
inf
6.173778000000000000e+06
inf
1.186645000000000000e+07
inf
inf
5.968018000000000000e+06
9.122994000000000000e+06
inf
inf
3.979012000000000000e+06
inf
inf
inf
6.310950000000000000e+06
6.379537000000000000e+06
7.065401000000000000e+06
inf
2.373190000000000000e+07
5.762260000000000000e+06
6.791056000000000000e+06
inf
inf
inf
4.327903000000000000e+07
inf
inf
8.025611000000000000e+06
inf
5.282154000000000000e+06
5.556500000000000000e+06
inf
inf
8.780062000000000000e+06
inf
4.664876000000000000e+06
6.173778000000000000e+06
inf
8.574302000000000000e+06
6.791056000000000000e+06
inf
inf
inf
inf
1.921420000000000000e+06
inf
inf
inf
inf
inf
inf
inf
8.162784000000000000e+06
3.224562000000000000e+06
5.762260000000000000e+06
2.607284000000000000e+06
1.022038000000000000e+07
inf
inf
6.105192000000000000e+06
1.083765000000000000e+07
4.870636000000000000e+06
inf
inf
inf
inf
4.459118000000000000e+06
8.368543000000000000e+06
