5.625086000000000000e+06
3.333400000000000000e+07
5.556500000000000000e+06
7.408334000000000000e+06
4.197589000000000000e+07
5.144982000000000000e+06
7.545506000000000000e+06
1.618740000000000000e+07
5.076395000000000000e+06
inf
4.802050000000000000e+06
5.693673000000000000e+06
6.928228000000000000e+06
4.596290000000000000e+06
1.049472000000000000e+07
6.242364000000000000e+06
5.899432000000000000e+06
4.664876000000000000e+06
4.596290000000000000e+06
4.664876000000000000e+06
5.282154000000000000e+06
5.693673000000000000e+06
6.173778000000000000e+06
6.448124000000000000e+06
4.733463000000000000e+06
5.762260000000000000e+06
5.693673000000000000e+06
5.487914000000000000e+06
5.830846000000000000e+06
7.202574000000000000e+06
4.321944000000000000e+06
4.939222000000000000e+06
7.476920000000000000e+06
8.780062000000000000e+06
8.437130000000000000e+06
4.870636000000000000e+06
6.585296000000000000e+06
4.390531000000000000e+06
5.144982000000000000e+06
5.556500000000000000e+06
3.910426000000000000e+06
6.036605000000000000e+06
8.094198000000000000e+06
4.802050000000000000e+06
5.556500000000000000e+06
6.105192000000000000e+06
5.693673000000000000e+06
5.007808000000000000e+06
5.556500000000000000e+06
1.056331000000000000e+07
6.310950000000000000e+06
5.213568000000000000e+06
5.762260000000000000e+06
5.899432000000000000e+06
5.556500000000000000e+06
7.065401000000000000e+06
5.419327000000000000e+06
4.596290000000000000e+06
5.282154000000000000e+06
5.693673000000000000e+06
5.282154000000000000e+06
6.379537000000000000e+06
6.379537000000000000e+06
4.253358000000000000e+06
4.870636000000000000e+06
1.412980000000000000e+07
6.791056000000000000e+06
5.350740000000000000e+06
5.556500000000000000e+06
7.614092000000000000e+06
5.282154000000000000e+06
inf
8.437130000000000000e+06
7.545506000000000000e+06
7.682679000000000000e+06
5.625086000000000000e+06
4.939222000000000000e+06
7.476920000000000000e+06
6.859642000000000000e+06
5.144982000000000000e+06
7.339747000000000000e+06
7.339747000000000000e+06
inf
inf
8.642889000000000000e+06
4.802050000000000000e+06
5.487914000000000000e+06
1.921420000000000000e+06
1.001462000000000000e+07
5.830846000000000000e+06
5.830846000000000000e+06
6.036605000000000000e+06
6.859642000000000000e+06
6.859642000000000000e+06
7.888438000000000000e+06
6.105192000000000000e+06
1.049472000000000000e+07
7.957024000000000000e+06
6.859642000000000000e+06
1.049472000000000000e+07
5.762260000000000000e+06
8.437130000000000000e+06
9.260167000000000000e+06
7.133988000000000000e+06
7.133988000000000000e+06
8.917235000000000000e+06
2.950216000000000000e+06
8.711475000000000000e+06
6.310950000000000000e+06
6.242364000000000000e+06
5.282154000000000000e+06
8.231370000000000000e+06
2.950216000000000000e+06
9.260167000000000000e+06
1.509001000000000000e+07
inf
8.848648000000000000e+06
7.202574000000000000e+06
1.728478000000000000e+07
1.124917000000000000e+07
6.242364000000000000e+06
8.025611000000000000e+06
6.928228000000000000e+06
8.094198000000000000e+06
7.545506000000000000e+06
8.231370000000000000e+06
3.704667000000000000e+06
5.762260000000000000e+06
7.614092000000000000e+06
8.299957000000000000e+06
5.899432000000000000e+06
7.339747000000000000e+06
5.007808000000000000e+06
7.202574000000000000e+06
5.693673000000000000e+06
7.133988000000000000e+06
6.173778000000000000e+06
8.231370000000000000e+06
7.614092000000000000e+06
6.516710000000000000e+06
8.094198000000000000e+06
9.122994000000000000e+06
inf
8.711475000000000000e+06
8.985821000000000000e+06
6.653882000000000000e+06
8.368543000000000000e+06
7.202574000000000000e+06
5.693673000000000000e+06
1.193504000000000000e+07
8.574302000000000000e+06
8.231370000000000000e+06
6.448124000000000000e+06
8.162784000000000000e+06
6.173778000000000000e+06
6.585296000000000000e+06
7.614092000000000000e+06
7.682679000000000000e+06
1.166069000000000000e+07
inf
7.202574000000000000e+06
6.928228000000000000e+06
inf
1.879368000000000000e+07
6.791056000000000000e+06
7.682679000000000000e+06
6.722469000000000000e+06
inf
6.996815000000000000e+06
8.437130000000000000e+06
7.202574000000000000e+06
8.642889000000000000e+06
2.470111000000000000e+06
8.094198000000000000e+06
6.791056000000000000e+06
1.941096000000000000e+07
inf
7.888438000000000000e+06
7.408334000000000000e+06
6.996815000000000000e+06
7.133988000000000000e+06
inf
inf
5.487914000000000000e+06
7.682679000000000000e+06
8.368543000000000000e+06
9.397340000000000000e+06
7.133988000000000000e+06
6.585296000000000000e+06
8.231370000000000000e+06
9.603099000000000000e+06
8.505716000000000000e+06
6.928228000000000000e+06
2.112562000000000000e+07
8.094198000000000000e+06
6.859642000000000000e+06
7.476920000000000000e+06
6.242364000000000000e+06
2.058593000000000000e+06
inf
6.653882000000000000e+06
1.049472000000000000e+07
1.646174000000000000e+07
1.063190000000000000e+07
7.065401000000000000e+06
5.830846000000000000e+06
7.545506000000000000e+06
1.344394000000000000e+07
9.603099000000000000e+06
6.928228000000000000e+06
1.172928000000000000e+07
9.397340000000000000e+06
8.437130000000000000e+06
9.260167000000000000e+06
5.693673000000000000e+06
1.303242000000000000e+07
5.968018000000000000e+06
5.899432000000000000e+06
7.202574000000000000e+06
8.299957000000000000e+06
9.465926000000000000e+06
4.259317000000000000e+07
4.939222000000000000e+06
6.310950000000000000e+06
3.018802000000000000e+06
6.928228000000000000e+06
3.628322000000000000e+07
9.122994000000000000e+06
7.819852000000000000e+06
1.529577000000000000e+07
7.545506000000000000e+06
1.296383000000000000e+07
1.419839000000000000e+07
9.808858000000000000e+06
2.119420000000000000e+07
7.339747000000000000e+06
8.574302000000000000e+06
8.917235000000000000e+06
7.682679000000000000e+06
8.368543000000000000e+06
7.614092000000000000e+06
8.985821000000000000e+06
6.653882000000000000e+06
6.928228000000000000e+06
5.968018000000000000e+06
inf
6.105192000000000000e+06
7.545506000000000000e+06
1.303242000000000000e+07
5.830846000000000000e+06
5.693673000000000000e+06
6.242364000000000000e+06
6.722469000000000000e+06
8.848648000000000000e+06
7.339747000000000000e+06
6.516710000000000000e+06
6.036605000000000000e+06
7.133988000000000000e+06
1.214080000000000000e+07
6.859642000000000000e+06
8.094198000000000000e+06
6.173778000000000000e+06
1.536436000000000000e+07
9.671685000000000000e+06
5.282154000000000000e+06
inf
1.097483000000000000e+07
1.076907000000000000e+07
6.310950000000000000e+06
5.350740000000000000e+06
9.122994000000000000e+06
8.574302000000000000e+06
1.262090000000000000e+07
1.166969000000000000e+06
4.802050000000000000e+06
8.985821000000000000e+06
7.751266000000000000e+06
1.385546000000000000e+07
1.550153000000000000e+07
8.368543000000000000e+06
7.819852000000000000e+06
1.214080000000000000e+07
7.133988000000000000e+06
1.159211000000000000e+07
2.470111000000000000e+06
6.310950000000000000e+06
9.534512000000000000e+06
5.830846000000000000e+06
6.791056000000000000e+06
1.647074000000000000e+06
5.556500000000000000e+06
1.186645000000000000e+07
1.234656000000000000e+07
7.682679000000000000e+06
inf
7.819852000000000000e+06
2.256593000000000000e+07
6.859642000000000000e+06
7.614092000000000000e+06
7.682679000000000000e+06
5.830846000000000000e+06
1.611881000000000000e+07
6.859642000000000000e+06
7.957024000000000000e+06
7.408334000000000000e+06
inf
8.848648000000000000e+06
6.105192000000000000e+06
inf
9.328753000000000000e+06
6.379537000000000000e+06
7.751266000000000000e+06
inf
7.339747000000000000e+06
7.339747000000000000e+06
7.065401000000000000e+06
6.310950000000000000e+06
5.968018000000000000e+06
6.448124000000000000e+06
5.830846000000000000e+06
6.379537000000000000e+06
5.144982000000000000e+06
5.625086000000000000e+06
7.065401000000000000e+06
5.282154000000000000e+06
7.133988000000000000e+06
5.830846000000000000e+06
5.762260000000000000e+06
6.996815000000000000e+06
5.144982000000000000e+06
4.733463000000000000e+06
1.563870000000000000e+07
7.888438000000000000e+06
5.487914000000000000e+06
3.841840000000000000e+06
5.830846000000000000e+06
inf
6.310950000000000000e+06
8.025611000000000000e+06
5.899432000000000000e+06
6.310950000000000000e+06
5.693673000000000000e+06
6.653882000000000000e+06
8.848648000000000000e+06
8.162784000000000000e+06
4.802050000000000000e+06
5.419327000000000000e+06
4.802050000000000000e+06
5.830846000000000000e+06
6.105192000000000000e+06
6.928228000000000000e+06
5.899432000000000000e+06
4.733463000000000000e+06
inf
7.476920000000000000e+06
1.070048000000000000e+07
6.859642000000000000e+06
inf
5.487914000000000000e+06
5.282154000000000000e+06
6.791056000000000000e+06
5.625086000000000000e+06
5.144982000000000000e+06
5.968018000000000000e+06
4.596290000000000000e+06
5.487914000000000000e+06
3.361734000000000000e+06
5.282154000000000000e+06
4.939222000000000000e+06
1.913661000000000000e+07
6.448124000000000000e+06
6.173778000000000000e+06
5.076395000000000000e+06
6.242364000000000000e+06
8.231370000000000000e+06
9.671685000000000000e+06
8.574302000000000000e+06
7.888438000000000000e+06
4.939222000000000000e+06
5.625086000000000000e+06
5.762260000000000000e+06
4.939222000000000000e+06
6.105192000000000000e+06
4.939222000000000000e+06
