-8.470289537429943039e+01
-8.594205138378167419e+01
-8.783696341186619350e+01
-8.499307293229036020e+01
inf
-8.447987692627839351e+01
-8.411208402392873040e+01
-8.982090179314663203e+01
-8.155805277655839802e+01
inf
-8.444087370704875184e+01
-8.743520447742457691e+01
inf
-8.907975803743362064e+01
inf
-8.262488594310470091e+01
-8.295989925172817436e+01
inf
-8.408788617985052838e+01
-8.562637480454381489e+01
-8.662674496831373006e+01
-8.661283653384056436e+01
-8.745257346658532072e+01
inf
-8.591108442198387252e+01
-8.402859398902361932e+01
-8.617563415132684668e+01
-8.306336003034483895e+01
-9.898153657327459598e+01
-8.151843916501846365e+01
-8.759524344965738862e+01
-1.004421785542878069e+02
inf
-8.534676841816175852e+01
-8.567218362689222033e+01
-8.337321731001391356e+01
-8.525585310145999074e+01
-8.541148264783784327e+01
inf
-8.456017235591087911e+01
-9.342510964611581414e+01
inf
-8.330451676277651529e+01
-8.641110984050511945e+01
inf
-8.699350665196325849e+01
-8.527223122582041981e+01
-8.405458301188427583e+01
inf
-8.479376707750853370e+01
-8.263225462896382112e+01
-8.405953415526695949e+01
-8.218593161430477778e+01
-8.280451987792440605e+01
-8.319798149496746476e+01
-8.412693258811107455e+01
-8.398503782236510062e+01
-8.516140897706418400e+01
-8.395479627436003511e+01
-8.310633566295928176e+01
-8.857259445066291903e+01
-8.619369229981397496e+01
-8.428809907037042137e+01
-8.445830049434793807e+01
-8.414701004756898328e+01
-8.361011390601460391e+01
inf
-8.099278677613851585e+01
-8.439862608277645961e+01
-1.045390908518724586e+02
-8.542718900383380287e+01
-8.735153370821484486e+01
-8.364487424698072005e+01
-8.152173371144367309e+01
-8.350423037084195244e+01
-8.398137628032260693e+01
-8.286325551535347245e+01
-8.094198671181752047e+01
-8.274162014190092407e+01
-8.332288945056363616e+01
-8.381577140813197957e+01
-8.287153250770340662e+01
inf
-8.471996201617990607e+01
-8.570866316193951207e+01
-8.675910652770144793e+01
-8.331471602212134542e+01
-9.050641556952066935e+01
inf
-9.259724318178555791e+01
-8.024268429093076804e+01
-8.563153315997080028e+01
inf
-8.345324091914611131e+01
inf
-8.804868509144995414e+01
inf
inf
-8.552749696666768386e+01
inf
-8.265074630406496681e+01
-8.234372484606190312e+01
-8.360562484389339488e+01
-8.251624919840820382e+01
-8.373539806965713694e+01
-1.036304410163203329e+02
-8.405011546804998090e+01
-8.340339449615038347e+01
-1.066119074386470089e+02
-8.555637419092364837e+01
inf
-8.343390228976035417e+01
-8.528098310602987908e+01
-8.306264303750695888e+01
-8.526093672629463072e+01
-8.505002875988121502e+01
-8.332495100099578167e+01
-7.994363623003957287e+01
-9.448839461259434813e+01
-8.142337539586746686e+01
inf
-8.244791356728470078e+01
-8.387442198168744767e+01
-8.439534941283579883e+01
-8.288568791679689696e+01
-8.208551821266057402e+01
-8.171717257503480880e+01
-8.309759718615001134e+01
-8.382569613882226633e+01
-8.326026784918768442e+01
-8.295739788266507730e+01
-8.627295765362231350e+01
-8.118979582191697375e+01
-8.494153276647787720e+01
-8.624640081744922782e+01
-8.359418570654395353e+01
-8.221889608657170356e+01
-8.502788904403963954e+01
-9.081646290412284372e+01
-8.492094271101387903e+01
inf
-8.722106742729872053e+01
-8.485958221383879163e+01
-9.925958917979046703e+01
-8.368443916326445731e+01
-8.310432311623260659e+01
inf
-8.380550274733984395e+01
-7.247395511787657085e+01
-8.030717985174246110e+01
-8.821650261232511525e+01
inf
-8.409000638548158690e+01
-8.075029443143114349e+01
-7.692230622057131484e+01
-8.597090689599083646e+01
-8.480031316491424320e+01
-8.595055290330847697e+01
-8.360328420131430960e+01
inf
-8.156378862742552371e+01
-8.646344405696997626e+01
-8.485734273812667539e+01
-8.748497029117051227e+01
-8.641286140518593584e+01
-8.670878649329695520e+01
-7.176360701773832318e+01
inf
inf
-8.392132121031455938e+01
-8.591258056604658577e+01
inf
-8.218899262102689818e+01
-8.174550759419115309e+01
-1.034523785056289569e+02
-8.644323959968275517e+01
-8.437119733957767664e+01
-8.473939229324345490e+01
-8.490211549645086109e+01
-8.438342132839525789e+01
-8.410649251721305575e+01
-8.346030400165008700e+01
-8.374204401357916083e+01
-7.358659336277203522e+01
-8.626715505029542896e+01
-7.827956326286546584e+01
-8.485705175279314005e+01
-8.732392480682040059e+01
-8.736527256298010968e+01
-8.742844877291686601e+01
-8.575089255236328256e+01
-9.112654822539660415e+01
-8.425759803623124355e+01
-1.023099033655429793e+02
-7.635741235992043130e+01
-8.564469374192766793e+01
-8.791287525354040611e+01
-8.327839656055968476e+01
-8.465350371923491934e+01
-8.472980247177436297e+01
-8.448352795403192772e+01
-9.791638648333066897e+01
-8.599790886868267137e+01
-8.593852487971240350e+01
-8.578899273465172826e+01
-9.452386896071317324e+01
-8.690207835263355207e+01
inf
-8.592295704127664635e+01
-8.537906106618983415e+01
-8.748793677950502001e+01
-8.532700970416544806e+01
-8.747404182989090771e+01
inf
-8.277677644943136670e+01
-7.351819009529086202e+01
-8.398237832051107432e+01
-8.273602344504381279e+01
-8.507724507049424290e+01
-8.625093192998564007e+01
-8.334282823154005371e+01
-1.036868420401516602e+02
-8.477785370336418680e+01
-8.443554537587837672e+01
-8.466666065668644592e+01
-8.322826225795532196e+01
-9.042730467067021038e+01
-8.762356366036740951e+01
-8.417147092798103358e+01
-8.575775639867629252e+01
-8.376676046043330359e+01
inf
-8.725838873603129286e+01
-7.737011015914788459e+01
-8.545896624636486649e+01
-8.468987537281454081e+01
inf
-8.628374562714154195e+01
-8.745832094510696209e+01
inf
-8.393149833311123587e+01
-8.450347831885035532e+01
-8.523395518966664497e+01
-8.634237947154888104e+01
inf
inf
-8.445712795805397377e+01
-8.511197650305540208e+01
-8.537933078971802558e+01
-8.362837621375041408e+01
-8.679548936510835233e+01
inf
-8.558047609837451830e+01
-8.588882553950953991e+01
-9.368489531709816731e+01
-8.424136777677608734e+01
-8.628288626960370777e+01
-8.645893736545440333e+01
-8.596448981351134933e+01
inf
-8.813268768429662714e+01
inf
-9.716339312435304976e+01
-8.558550021400813534e+01
-7.002461806561130686e+01
-8.350749303302191606e+01
-8.576469417178465449e+01
-8.653631018299479649e+01
-8.180649909817280729e+01
inf
-8.512592488514927425e+01
-8.567610336659103609e+01
inf
inf
-8.713552532760017755e+01
inf
-8.668479878877224110e+01
inf
-8.567846762048145592e+01
-8.371872434021823040e+01
-8.731098734988732701e+01
-8.871836082591863715e+01
-8.454360313296723461e+01
-8.132761052497814092e+01
-1.001499946903695388e+02
-7.489918614258506580e+01
-8.683822436932746314e+01
-8.594677396314841644e+01
-8.369657809896649781e+01
-9.423667330239935325e+01
-9.866597127517516697e+01
-8.763628907875175855e+01
-7.744330634455489815e+01
-8.125512511935200166e+01
-8.455398111579677334e+01
-7.142701581715967052e+01
-8.522319279056080177e+01
inf
-8.701113207710925224e+01
inf
-9.720143039320703338e+01
-8.351597888349877508e+01
-8.475295663603374408e+01
inf
-8.771953800010648195e+01
inf
-8.592558426621128831e+01
-8.409324398378998922e+01
-8.323423763590201929e+01
-8.856213497741774177e+01
-8.563645326910767608e+01
-7.136677472682795553e+01
-8.384246139485348692e+01
inf
-8.374994653941091372e+01
-8.748845389042539011e+01
-8.184306493889664580e+01
-8.081103683341798671e+01
-8.470257013676067004e+01
-8.343879594058472549e+01
-8.458431793813727495e+01
-7.336147811222610926e+01
-8.992586483510802964e+01
-8.805909665485064863e+01
-8.704606216247587724e+01
-8.619721251038924947e+01
-8.355343580744931842e+01
inf
-8.507091724836206481e+01
-8.519613087485598157e+01
-8.763726385326830837e+01
inf
-8.433449025739474791e+01
-8.697337816043652481e+01
-8.797616479729174443e+01
inf
inf
-8.372158188061337114e+01
-8.642169557184797668e+01
-8.531890527423175286e+01
-8.287097694302050854e+01
-8.207431260719650368e+01
inf
-8.612065982616613269e+01
-8.624752464601884583e+01
-8.363631840676707441e+01
-8.768403748035370882e+01
-8.986918594669253935e+01
-9.322094812046140078e+01
-8.591593788175468660e+01
-8.493231886316797841e+01
inf
-8.827448285770358893e+01
-8.799430039739908693e+01
-8.128528043652880797e+01
-8.760843051082377997e+01
-8.402150176393347181e+01
-8.715135011239652840e+01
-8.681672872116833162e+01
-8.630716643650777087e+01
-8.381273296972082676e+01
-8.239816882056636871e+01
-8.655068519346731648e+01
-8.552830658380807449e+01
-8.754011104625740813e+01
-8.275374811302967260e+01
-8.615241318402807735e+01
-8.468216010920579606e+01
inf
-8.408836103691871244e+01
inf
-8.847162402820795535e+01
-8.485676268699549496e+01
inf
-8.367535251709797706e+01
-8.821967913459036481e+01
-8.639077848831442452e+01
-8.555867168351645091e+01
-8.910381329846659071e+01
-8.710798246833377334e+01
-8.577102159813894389e+01
-8.716716742136431151e+01
-8.644233751007637068e+01
-8.625262994228124569e+01
