4.459118000000000000e+06
5.693673000000000000e+06
8.985821000000000000e+06
7.271160000000000000e+06
4.321944000000000000e+06
3.841840000000000000e+06
inf
5.899432000000000000e+06
5.350740000000000000e+06
5.693673000000000000e+06
inf
6.036605000000000000e+06
4.390531000000000000e+06
inf
4.459118000000000000e+06
6.859642000000000000e+06
6.791056000000000000e+06
2.058593000000000000e+06
4.733463000000000000e+06
6.448124000000000000e+06
inf
6.448124000000000000e+06
6.242364000000000000e+06
4.870636000000000000e+06
4.527704000000000000e+06
7.682679000000000000e+06
5.625086000000000000e+06
6.791056000000000000e+06
5.556500000000000000e+06
4.939222000000000000e+06
4.596290000000000000e+06
4.116185000000000000e+06
8.711475000000000000e+06
5.625086000000000000e+06
7.408334000000000000e+06
1.124917000000000000e+07
6.859642000000000000e+06
5.007808000000000000e+06
1.611881000000000000e+07
8.368543000000000000e+06
7.202574000000000000e+06
7.339747000000000000e+06
1.200362000000000000e+07
1.090624000000000000e+07
1.447274000000000000e+07
5.144982000000000000e+06
5.968018000000000000e+06
5.007808000000000000e+06
5.144982000000000000e+06
2.813043000000000000e+06
3.567494000000000000e+06
inf
4.870636000000000000e+06
1.179786000000000000e+07
6.379537000000000000e+06
6.105192000000000000e+06
5.076395000000000000e+06
7.065401000000000000e+06
8.711475000000000000e+06
1.083765000000000000e+07
3.361734000000000000e+06
5.693673000000000000e+06
5.144982000000000000e+06
4.527704000000000000e+06
3.361734000000000000e+06
6.036605000000000000e+06
6.859642000000000000e+06
5.830846000000000000e+06
8.162784000000000000e+06
inf
5.282154000000000000e+06
3.636080000000000000e+06
9.671685000000000000e+06
3.293148000000000000e+06
7.202574000000000000e+06
1.131776000000000000e+07
inf
3.910426000000000000e+06
5.076395000000000000e+06
6.516710000000000000e+06
inf
1.715660000000000000e+06
5.282154000000000000e+06
5.282154000000000000e+06
5.350740000000000000e+06
1.193504000000000000e+07
8.917235000000000000e+06
inf
6.379537000000000000e+06
1.647074000000000000e+06
9.465926000000000000e+06
7.614092000000000000e+06
6.928228000000000000e+06
inf
1.042614000000000000e+07
6.310950000000000000e+06
6.242364000000000000e+06
1.784247000000000000e+06
inf
9.808858000000000000e+06
inf
9.603099000000000000e+06
6.448124000000000000e+06
3.498908000000000000e+06
6.242364000000000000e+06
6.791056000000000000e+06
7.065401000000000000e+06
6.448124000000000000e+06
1.852833000000000000e+06
5.899432000000000000e+06
5.007808000000000000e+06
inf
7.545506000000000000e+06
inf
6.859642000000000000e+06
6.105192000000000000e+06
7.957024000000000000e+06
1.214080000000000000e+07
inf
3.979012000000000000e+06
inf
5.968018000000000000e+06
2.881630000000000000e+06
6.105192000000000000e+06
inf
1.049472000000000000e+07
9.740272000000000000e+06
3.293148000000000000e+06
6.310950000000000000e+06
6.996815000000000000e+06
5.487914000000000000e+06
7.202574000000000000e+06
4.733463000000000000e+06
6.242364000000000000e+06
inf
9.122994000000000000e+06
inf
6.653882000000000000e+06
2.476070000000000000e+07
5.762260000000000000e+06
1.124917000000000000e+07
inf
6.242364000000000000e+06
9.603099000000000000e+06
6.516710000000000000e+06
inf
7.408334000000000000e+06
7.133988000000000000e+06
2.311462000000000000e+07
1.063190000000000000e+07
6.448124000000000000e+06
3.361734000000000000e+06
1.941096000000000000e+07
3.979012000000000000e+06
7.888438000000000000e+06
2.345756000000000000e+07
8.780062000000000000e+06
4.664876000000000000e+06
8.368543000000000000e+06
inf
2.647536000000000000e+07
inf
7.614092000000000000e+06
8.025611000000000000e+06
5.968018000000000000e+06
7.133988000000000000e+06
6.448124000000000000e+06
6.516710000000000000e+06
inf
6.996815000000000000e+06
5.968018000000000000e+06
1.646174000000000000e+07
7.202574000000000000e+06
9.328753000000000000e+06
5.830846000000000000e+06
5.830846000000000000e+06
8.437130000000000000e+06
5.322406000000000000e+07
inf
7.339747000000000000e+06
6.310950000000000000e+06
8.231370000000000000e+06
1.578488000000000000e+06
5.350740000000000000e+06
inf
3.087389000000000000e+06
8.368543000000000000e+06
inf
6.996815000000000000e+06
inf
4.253358000000000000e+06
1.028896000000000000e+07
7.065401000000000000e+06
6.105192000000000000e+06
7.271160000000000000e+06
1.647074000000000000e+06
4.596290000000000000e+06
5.282154000000000000e+06
9.328753000000000000e+06
1.605022000000000000e+07
1.371828000000000000e+07
6.791056000000000000e+06
6.173778000000000000e+06
inf
6.448124000000000000e+06
inf
inf
inf
4.939222000000000000e+06
inf
8.437130000000000000e+06
6.653882000000000000e+06
inf
6.722469000000000000e+06
1.611881000000000000e+07
9.603099000000000000e+06
8.642889000000000000e+06
1.001462000000000000e+07
1.921420000000000000e+06
2.743557000000000000e+07
6.516710000000000000e+06
4.184772000000000000e+06
inf
5.487914000000000000e+06
inf
8.094198000000000000e+06
inf
1.707902000000000000e+07
inf
6.722469000000000000e+06
inf
inf
3.773253000000000000e+06
8.505716000000000000e+06
5.693673000000000000e+06
6.859642000000000000e+06
7.476920000000000000e+06
1.179786000000000000e+07
9.740272000000000000e+06
6.653882000000000000e+06
7.065401000000000000e+06
inf
2.607284000000000000e+06
6.310950000000000000e+06
8.162784000000000000e+06
2.813043000000000000e+06
6.310950000000000000e+06
9.534512000000000000e+06
inf
2.264352000000000000e+06
1.358111000000000000e+07
5.144982000000000000e+06
inf
4.116185000000000000e+06
inf
4.664876000000000000e+06
5.419327000000000000e+06
inf
1.515860000000000000e+07
6.859642000000000000e+06
6.791056000000000000e+06
inf
7.751266000000000000e+06
1.488425000000000000e+07
9.603099000000000000e+06
7.545506000000000000e+06
4.596290000000000000e+06
1.193504000000000000e+07
6.448124000000000000e+06
3.567494000000000000e+06
2.208583000000000000e+07
7.682679000000000000e+06
8.299957000000000000e+06
5.350740000000000000e+06
5.487914000000000000e+06
6.242364000000000000e+06
6.036605000000000000e+06
inf
inf
2.332938000000000000e+06
1.035755000000000000e+07
2.264352000000000000e+06
9.191580000000000000e+06
2.538698000000000000e+06
7.476920000000000000e+06
1.310101000000000000e+07
inf
6.791056000000000000e+06
4.596290000000000000e+06
1.715660000000000000e+06
5.282154000000000000e+06
1.647074000000000000e+06
inf
2.119420000000000000e+07
6.859642000000000000e+06
6.036605000000000000e+06
8.231370000000000000e+06
8.848648000000000000e+06
4.596290000000000000e+06
8.025611000000000000e+06
inf
inf
inf
inf
9.260167000000000000e+06
5.762260000000000000e+06
7.819852000000000000e+06
9.191580000000000000e+06
4.664876000000000000e+06
6.310950000000000000e+06
7.271160000000000000e+06
8.094198000000000000e+06
5.282154000000000000e+06
5.213568000000000000e+06
7.202574000000000000e+06
2.264352000000000000e+06
6.516710000000000000e+06
2.675870000000000000e+06
2.881630000000000000e+06
6.996815000000000000e+06
7.133988000000000000e+06
5.762260000000000000e+06
6.722469000000000000e+06
3.293148000000000000e+06
4.390531000000000000e+06
8.642889000000000000e+06
4.253358000000000000e+06
1.509001000000000000e+07
2.950216000000000000e+06
2.744457000000000000e+06
1.124917000000000000e+07
6.242364000000000000e+06
7.888438000000000000e+06
1.227797000000000000e+07
3.293148000000000000e+06
6.516710000000000000e+06
7.408334000000000000e+06
5.899432000000000000e+06
5.282154000000000000e+06
5.282154000000000000e+06
4.253358000000000000e+06
6.242364000000000000e+06
inf
1.248373000000000000e+07
inf
5.007808000000000000e+06
7.476920000000000000e+06
4.733463000000000000e+06
6.310950000000000000e+06
inf
7.339747000000000000e+06
3.224562000000000000e+06
2.470111000000000000e+06
3.704667000000000000e+06
2.744457000000000000e+06
9.534512000000000000e+06
4.596290000000000000e+06
5.899432000000000000e+06
inf
2.950216000000000000e+06
8.505716000000000000e+06
4.459118000000000000e+06
5.625086000000000000e+06
5.556500000000000000e+06
4.596290000000000000e+06
4.184772000000000000e+06
4.664876000000000000e+06
5.282154000000000000e+06
inf
5.693673000000000000e+06
6.448124000000000000e+06
inf
inf
3.087389000000000000e+06
5.899432000000000000e+06
6.928228000000000000e+06
inf
3.773253000000000000e+06
6.036605000000000000e+06
4.802050000000000000e+06
3.155975000000000000e+06
2.470111000000000000e+06
6.173778000000000000e+06
1.166969000000000000e+06
