inf
inf
inf
inf
1.477840999999999943e-11
inf
6.936585000000000124e-14
inf
inf
1.280804000000000002e-11
inf
inf
inf
9.492862000000000350e-12
inf
inf
inf
inf
1.280387999999999936e-11
inf
1.099584000000000013e-11
inf
inf
inf
inf
2.980519999999999906e-12
1.136967000000000036e-11
inf
3.081097000000000154e-12
inf
inf
inf
1.115470999999999983e-11
1.229239999999999960e-11
3.590300000000000161e-12
4.739668000000000196e-12
1.405549000000000032e-11
1.336048000000000044e-11
1.734525000000000144e-11
inf
9.176865999999999562e-12
inf
1.354080999999999994e-11
1.957656000000000075e-12
1.190518000000000037e-11
8.919722999999999999e-12
1.857767000000000055e-13
inf
inf
inf
inf
inf
7.749983999999999544e-12
inf
inf
inf
1.951622999999999913e-11
2.521612000000000141e-12
1.459634999999999970e-11
inf
1.177782999999999971e-11
inf
8.948849000000000010e-12
1.470667999999999969e-11
inf
6.007016000000000099e-12
6.179824999999999873e-12
inf
2.511214999999999817e-12
9.142113000000000225e-12
1.176550000000000030e-11
inf
2.613062000000000120e-12
1.674960999999999935e-12
inf
inf
1.673425000000000092e-11
inf
inf
inf
inf
1.625151000000000130e-11
1.368583000000000006e-11
6.930114000000000131e-12
9.316357999999999348e-12
5.450479999999999612e-12
inf
inf
inf
4.091420000000000352e-12
2.107755000000000080e-11
1.163968000000000074e-11
5.606112000000000175e-12
8.233160000000000433e-12
inf
inf
7.333076000000000610e-12
inf
inf
inf
inf
1.126208999999999973e-11
inf
inf
inf
2.948623000000000127e-12
1.137508999999999975e-11
1.103936999999999964e-11
inf
1.279506000000000021e-11
1.644220999999999967e-11
inf
inf
inf
2.635924000000000068e-11
inf
4.673231999999999812e-12
1.913262999999999902e-11
5.829077000000000326e-12
inf
1.764111999999999986e-12
1.318797000000000080e-12
9.561212000000000558e-12
inf
inf
inf
inf
inf
6.022728000000000184e-12
6.567360999999999768e-12
inf
6.519420000000000104e-12
1.090907999999999980e-11
inf
2.353871000000000119e-12
3.133014999999999853e-12
inf
inf
1.078368000000000035e-11
inf
9.654302999999999480e-12
2.032988000000000102e-11
2.688600999999999845e-13
inf
1.163865000000000070e-11
inf
1.242317999999999958e-11
5.931889999999999678e-12
inf
inf
inf
inf
1.675018000000000083e-11
inf
1.369857999999999957e-11
inf
inf
8.614729999999999987e-12
1.211026000000000054e-11
inf
1.669996000000000067e-11
inf
1.418889000000000054e-12
inf
inf
inf
4.986906000000000319e-12
inf
7.221362000000000184e-13
inf
1.618904999999999876e-11
1.006267999999999969e-11
inf
inf
inf
inf
inf
4.282481000000000319e-12
inf
inf
1.023095999999999986e-11
inf
inf
inf
4.762348999999999623e-12
1.130734000000000016e-11
6.335557000000000001e-12
inf
inf
2.619319000000000019e-12
inf
inf
1.005737000000000080e-11
inf
1.266165999999999999e-11
inf
3.026339000000000036e-12
inf
7.616342000000000183e-12
9.254089000000000434e-12
inf
2.740168000000000083e-12
7.281152999999999641e-12
6.312878000000000114e-12
inf
inf
5.303565999999999901e-12
5.272859000000000040e-12
8.941844000000000082e-12
1.787129000000000028e-11
1.018865999999999952e-11
inf
inf
1.294835000000000026e-11
1.029704999999999922e-11
inf
inf
9.486526000000000487e-12
1.033725000000000061e-11
7.856912999999999199e-12
7.042561000000000005e-12
inf
inf
1.066079000000000066e-11
inf
3.638340000000000126e-13
8.963462999999999568e-12
inf
5.179228000000000395e-12
2.651078000000000106e-12
4.390761000000000338e-12
inf
1.248035000000000023e-11
4.743140000000000325e-12
1.089422999999999972e-11
7.803385999999999643e-12
inf
9.911882999999999277e-12
1.049083000000000004e-11
inf
inf
1.571933999999999873e-11
1.422557000000000075e-11
6.875264000000000167e-14
6.595147999999999879e-12
inf
inf
inf
inf
6.120518999999999681e-12
inf
1.112964999999999953e-11
inf
inf
1.300979000000000045e-11
inf
inf
inf
1.062460000000000059e-11
8.573868999999999926e-12
1.014072999999999975e-11
2.063067999999999909e-11
inf
8.141766000000000469e-12
inf
2.515897000000000099e-12
inf
inf
inf
inf
inf
1.073882000000000008e-12
inf
5.704256999999999652e-12
6.548172999999999668e-12
8.273189000000000039e-12
8.667254999999999504e-12
3.832801000000000159e-13
2.117197999999999962e-12
6.991222999999999886e-12
inf
inf
8.640435999999999999e-12
9.248352000000000617e-12
1.422499000000000036e-11
6.071527999999999936e-13
inf
inf
inf
inf
3.584830999999999955e-12
inf
inf
1.507509000000000054e-11
inf
inf
inf
7.415660999999999697e-12
2.152100000000000089e-12
1.454460000000000004e-11
inf
inf
inf
inf
inf
8.344426000000000133e-13
inf
inf
inf
9.303334999999999354e-13
1.308178999999999933e-11
inf
8.949614999999999524e-12
inf
8.724115000000000536e-12
1.567430999999999928e-11
1.006721999999999999e-11
inf
9.960607999999999556e-13
1.469110000000000149e-11
2.272548999999999872e-12
1.300440000000000061e-11
inf
inf
9.135175000000000200e-12
6.638124000000000281e-12
inf
inf
inf
2.406913000000000005e-12
inf
inf
inf
inf
inf
inf
inf
3.770905000000000076e-12
1.210340000000000031e-11
6.276976999999999659e-12
inf
inf
1.232963999999999996e-11
1.205046999999999964e-11
2.906397000000000101e-12
2.774895000000000163e-12
inf
2.814541000000000013e-12
1.766262999999999903e-12
5.473490999999999704e-12
inf
inf
6.637043999999999644e-12
7.533636999999999678e-12
inf
1.260181000000000000e-11
inf
5.916782999999999872e-12
inf
inf
inf
inf
inf
inf
inf
5.372998000000000286e-12
inf
inf
inf
inf
inf
inf
inf
inf
2.909756000000000027e-12
inf
inf
inf
inf
8.858371999999999486e-12
inf
inf
inf
1.192008000000000024e-11
