4.664876000000000000e+06
inf
7.339747000000000000e+06
5.350740000000000000e+06
1.008320000000000000e+07
5.419327000000000000e+06
5.968018000000000000e+06
inf
6.928228000000000000e+06
inf
4.733463000000000000e+06
4.321944000000000000e+06
7.888438000000000000e+06
4.184772000000000000e+06
6.859642000000000000e+06
4.939222000000000000e+06
5.830846000000000000e+06
5.282154000000000000e+06
5.350740000000000000e+06
7.271160000000000000e+06
inf
4.664876000000000000e+06
4.733463000000000000e+06
5.144982000000000000e+06
8.368543000000000000e+06
6.859642000000000000e+06
4.870636000000000000e+06
5.007808000000000000e+06
5.899432000000000000e+06
6.996815000000000000e+06
3.773253000000000000e+06
6.516710000000000000e+06
5.350740000000000000e+06
2.813043000000000000e+06
4.870636000000000000e+06
4.733463000000000000e+06
7.819852000000000000e+06
4.664876000000000000e+06
2.401525000000000000e+06
5.213568000000000000e+06
9.465926000000000000e+06
5.282154000000000000e+06
5.487914000000000000e+06
5.899432000000000000e+06
6.310950000000000000e+06
6.173778000000000000e+06
4.939222000000000000e+06
6.242364000000000000e+06
inf
6.036605000000000000e+06
9.877444000000000000e+06
4.802050000000000000e+06
4.527704000000000000e+06
4.527704000000000000e+06
9.260167000000000000e+06
9.603099000000000000e+06
6.242364000000000000e+06
6.859642000000000000e+06
6.859642000000000000e+06
inf
5.076395000000000000e+06
3.704667000000000000e+06
4.939222000000000000e+06
7.957024000000000000e+06
4.527704000000000000e+06
4.390531000000000000e+06
5.213568000000000000e+06
inf
5.487914000000000000e+06
6.310950000000000000e+06
4.047599000000000000e+06
7.888438000000000000e+06
inf
inf
6.242364000000000000e+06
7.819852000000000000e+06
5.282154000000000000e+06
3.636080000000000000e+06
4.939222000000000000e+06
8.711475000000000000e+06
inf
5.830846000000000000e+06
2.311462000000000000e+07
6.859642000000000000e+06
4.253358000000000000e+06
1.076907000000000000e+07
2.744457000000000000e+06
2.332938000000000000e+06
4.253358000000000000e+06
5.144982000000000000e+06
7.408334000000000000e+06
8.094198000000000000e+06
7.408334000000000000e+06
3.704667000000000000e+06
5.899432000000000000e+06
4.527704000000000000e+06
4.802050000000000000e+06
6.036605000000000000e+06
7.819852000000000000e+06
8.025611000000000000e+06
5.487914000000000000e+06
6.379537000000000000e+06
7.545506000000000000e+06
8.985821000000000000e+06
6.653882000000000000e+06
1.152352000000000000e+07
7.957024000000000000e+06
5.556500000000000000e+06
5.487914000000000000e+06
5.625086000000000000e+06
2.401525000000000000e+06
5.144982000000000000e+06
3.704667000000000000e+06
inf
5.968018000000000000e+06
5.007808000000000000e+06
inf
4.733463000000000000e+06
9.054407000000000000e+06
6.173778000000000000e+06
4.596290000000000000e+06
5.144982000000000000e+06
3.361734000000000000e+06
7.065401000000000000e+06
2.744457000000000000e+06
5.830846000000000000e+06
9.260167000000000000e+06
1.378687000000000000e+07
inf
1.028896000000000000e+07
7.065401000000000000e+06
7.133988000000000000e+06
5.762260000000000000e+06
1.097483000000000000e+07
5.076395000000000000e+06
6.173778000000000000e+06
7.065401000000000000e+06
6.585296000000000000e+06
5.487914000000000000e+06
inf
7.065401000000000000e+06
3.430321000000000000e+06
7.133988000000000000e+06
5.076395000000000000e+06
6.105192000000000000e+06
9.808858000000000000e+06
1.042614000000000000e+07
6.996815000000000000e+06
6.242364000000000000e+06
7.682679000000000000e+06
4.596290000000000000e+06
6.516710000000000000e+06
6.448124000000000000e+06
3.293148000000000000e+06
5.007808000000000000e+06
inf
5.762260000000000000e+06
5.556500000000000000e+06
inf
8.711475000000000000e+06
3.224562000000000000e+06
5.213568000000000000e+06
1.001462000000000000e+07
8.094198000000000000e+06
7.751266000000000000e+06
3.498908000000000000e+06
4.794291000000000000e+07
5.556500000000000000e+06
6.928228000000000000e+06
6.516710000000000000e+06
inf
8.642889000000000000e+06
1.399263000000000000e+07
1.529577000000000000e+07
1.090624000000000000e+07
8.642889000000000000e+06
1.474708000000000000e+07
4.802050000000000000e+06
inf
inf
3.498908000000000000e+06
inf
6.653882000000000000e+06
6.105192000000000000e+06
5.282154000000000000e+06
3.704667000000000000e+06
7.065401000000000000e+06
4.116185000000000000e+06
inf
inf
7.819852000000000000e+06
7.888438000000000000e+06
6.173778000000000000e+06
5.487914000000000000e+06
5.693673000000000000e+06
6.173778000000000000e+06
3.773253000000000000e+06
1.220938000000000000e+07
inf
inf
5.693673000000000000e+06
inf
inf
8.711475000000000000e+06
inf
6.585296000000000000e+06
4.184772000000000000e+06
inf
inf
1.131776000000000000e+07
1.166069000000000000e+07
5.282154000000000000e+06
2.332938000000000000e+06
6.379537000000000000e+06
6.173778000000000000e+06
1.200362000000000000e+07
inf
5.968018000000000000e+06
1.241514000000000000e+07
8.299957000000000000e+06
6.379537000000000000e+06
1.056331000000000000e+07
2.195766000000000000e+06
inf
6.448124000000000000e+06
4.527704000000000000e+06
7.476920000000000000e+06
inf
inf
7.065401000000000000e+06
inf
inf
5.419327000000000000e+06
8.025611000000000000e+06
inf
6.036605000000000000e+06
6.859642000000000000e+06
inf
2.441777000000000000e+07
8.848648000000000000e+06
6.379537000000000000e+06
5.968018000000000000e+06
9.808858000000000000e+06
4.733463000000000000e+06
1.255232000000000000e+07
8.642889000000000000e+06
inf
3.018802000000000000e+06
5.350740000000000000e+06
inf
5.282154000000000000e+06
5.350740000000000000e+06
inf
5.968018000000000000e+06
7.888438000000000000e+06
inf
4.527704000000000000e+06
3.979012000000000000e+06
1.001462000000000000e+07
inf
inf
7.476920000000000000e+06
7.545506000000000000e+06
6.722469000000000000e+06
4.870636000000000000e+06
9.808858000000000000e+06
9.260167000000000000e+06
5.762260000000000000e+06
1.097483000000000000e+07
5.487914000000000000e+06
inf
7.202574000000000000e+06
inf
inf
1.852833000000000000e+06
inf
6.448124000000000000e+06
inf
8.711475000000000000e+06
inf
inf
2.881630000000000000e+06
inf
1.200362000000000000e+07
3.704667000000000000e+06
6.310950000000000000e+06
6.722469000000000000e+06
5.830846000000000000e+06
inf
3.773253000000000000e+06
7.065401000000000000e+06
5.419327000000000000e+06
5.350740000000000000e+06
3.567494000000000000e+06
6.310950000000000000e+06
5.419327000000000000e+06
inf
6.448124000000000000e+06
1.172928000000000000e+07
inf
8.848648000000000000e+06
4.802050000000000000e+06
inf
3.224562000000000000e+06
inf
inf
inf
3.203086000000000000e+07
8.231370000000000000e+06
1.001462000000000000e+07
9.328753000000000000e+06
6.448124000000000000e+06
5.419327000000000000e+06
5.076395000000000000e+06
5.625086000000000000e+06
4.802050000000000000e+06
1.282666000000000000e+07
5.007808000000000000e+06
4.802050000000000000e+06
inf
4.870636000000000000e+06
3.293148000000000000e+06
inf
5.487914000000000000e+06
inf
inf
2.195766000000000000e+06
6.310950000000000000e+06
4.253358000000000000e+06
5.830846000000000000e+06
5.419327000000000000e+06
inf
6.859642000000000000e+06
6.379537000000000000e+06
5.693673000000000000e+06
5.556500000000000000e+06
4.802050000000000000e+06
4.527704000000000000e+06
5.144982000000000000e+06
inf
inf
3.910426000000000000e+06
4.664876000000000000e+06
5.076395000000000000e+06
8.711475000000000000e+06
6.928228000000000000e+06
4.939222000000000000e+06
5.899432000000000000e+06
4.596290000000000000e+06
5.762260000000000000e+06
6.585296000000000000e+06
5.144982000000000000e+06
1.083765000000000000e+07
4.527704000000000000e+06
3.567494000000000000e+06
6.585296000000000000e+06
6.653882000000000000e+06
2.607284000000000000e+06
4.459118000000000000e+06
6.036605000000000000e+06
3.567494000000000000e+06
2.881630000000000000e+06
2.538698000000000000e+06
inf
4.459118000000000000e+06
4.939222000000000000e+06
4.253358000000000000e+06
5.693673000000000000e+06
4.459118000000000000e+06
4.527704000000000000e+06
2.950216000000000000e+06
6.653882000000000000e+06
3.224562000000000000e+06
6.585296000000000000e+06
8.985821000000000000e+06
6.516710000000000000e+06
5.556500000000000000e+06
1.921420000000000000e+06
inf
1.441315000000000000e+06
1.921420000000000000e+06
7.682679000000000000e+06
5.007808000000000000e+06
4.527704000000000000e+06
