4.664876000000000000e+06
inf
7.202574000000000000e+06
6.036605000000000000e+06
inf
7.065401000000000000e+06
inf
1.509001000000000000e+07
6.928228000000000000e+06
9.946031000000000000e+06
3.224562000000000000e+06
9.122994000000000000e+06
5.487914000000000000e+06
inf
2.208583000000000000e+07
2.538698000000000000e+06
inf
1.509901000000000000e+06
inf
4.253358000000000000e+06
5.625086000000000000e+06
5.830846000000000000e+06
4.047599000000000000e+06
4.321944000000000000e+06
5.419327000000000000e+06
6.242364000000000000e+06
inf
4.047599000000000000e+06
5.556500000000000000e+06
5.144982000000000000e+06
2.058593000000000000e+06
2.538698000000000000e+06
4.459118000000000000e+06
6.516710000000000000e+06
5.762260000000000000e+06
inf
6.105192000000000000e+06
4.664876000000000000e+06
4.733463000000000000e+06
3.636080000000000000e+06
5.419327000000000000e+06
5.487914000000000000e+06
4.664876000000000000e+06
5.213568000000000000e+06
5.419327000000000000e+06
4.802050000000000000e+06
6.379537000000000000e+06
4.596290000000000000e+06
6.242364000000000000e+06
5.899432000000000000e+06
4.184772000000000000e+06
5.076395000000000000e+06
6.585296000000000000e+06
inf
9.054407000000000000e+06
2.167431000000000000e+07
inf
4.939222000000000000e+06
5.350740000000000000e+06
3.087389000000000000e+06
5.625086000000000000e+06
4.870636000000000000e+06
inf
7.682679000000000000e+06
5.213568000000000000e+06
5.282154000000000000e+06
inf
3.841840000000000000e+06
inf
6.585296000000000000e+06
4.870636000000000000e+06
5.899432000000000000e+06
5.830846000000000000e+06
8.299957000000000000e+06
6.173778000000000000e+06
5.144982000000000000e+06
5.899432000000000000e+06
5.350740000000000000e+06
1.131776000000000000e+07
1.371828000000000000e+07
7.614092000000000000e+06
4.047599000000000000e+06
5.213568000000000000e+06
5.762260000000000000e+06
6.173778000000000000e+06
7.957024000000000000e+06
6.516710000000000000e+06
4.184772000000000000e+06
5.350740000000000000e+06
6.722469000000000000e+06
5.830846000000000000e+06
2.813043000000000000e+06
4.664876000000000000e+06
8.985821000000000000e+06
4.184772000000000000e+06
3.087389000000000000e+06
6.859642000000000000e+06
5.076395000000000000e+06
9.260167000000000000e+06
7.888438000000000000e+06
8.094198000000000000e+06
9.122994000000000000e+06
3.134499000000000000e+07
6.105192000000000000e+06
6.379537000000000000e+06
4.253358000000000000e+06
9.328753000000000000e+06
4.939222000000000000e+06
8.094198000000000000e+06
7.614092000000000000e+06
4.253358000000000000e+06
7.339747000000000000e+06
7.271160000000000000e+06
7.271160000000000000e+06
5.007808000000000000e+06
6.653882000000000000e+06
2.332938000000000000e+06
inf
9.877444000000000000e+06
3.430321000000000000e+06
4.870636000000000000e+06
4.802050000000000000e+06
7.408334000000000000e+06
6.928228000000000000e+06
1.063190000000000000e+07
6.516710000000000000e+06
inf
8.162784000000000000e+06
8.094198000000000000e+06
8.505716000000000000e+06
6.516710000000000000e+06
1.227797000000000000e+07
6.516710000000000000e+06
inf
2.881630000000000000e+06
5.693673000000000000e+06
5.076395000000000000e+06
6.310950000000000000e+06
8.985821000000000000e+06
6.791056000000000000e+06
7.133988000000000000e+06
7.271160000000000000e+06
inf
inf
6.928228000000000000e+06
7.271160000000000000e+06
5.487914000000000000e+06
9.671685000000000000e+06
5.213568000000000000e+06
5.762260000000000000e+06
5.076395000000000000e+06
6.516710000000000000e+06
7.065401000000000000e+06
7.256543000000000000e+07
7.614092000000000000e+06
1.022038000000000000e+07
7.545506000000000000e+06
6.105192000000000000e+06
1.399263000000000000e+07
9.054407000000000000e+06
7.065401000000000000e+06
1.022038000000000000e+07
2.201724000000000000e+07
9.465926000000000000e+06
8.505716000000000000e+06
7.819852000000000000e+06
inf
2.188007000000000000e+07
2.805285000000000000e+07
1.145493000000000000e+07
3.361734000000000000e+06
4.253358000000000000e+06
5.007808000000000000e+06
1.227797000000000000e+07
inf
7.476920000000000000e+06
8.094198000000000000e+06
7.133988000000000000e+06
9.054407000000000000e+06
inf
6.585296000000000000e+06
4.596290000000000000e+06
inf
6.310950000000000000e+06
1.358111000000000000e+07
6.791056000000000000e+06
8.162784000000000000e+06
1.742195000000000000e+07
7.957024000000000000e+06
8.917235000000000000e+06
6.242364000000000000e+06
4.321944000000000000e+06
6.585296000000000000e+06
5.762260000000000000e+06
5.556500000000000000e+06
1.447274000000000000e+07
7.408334000000000000e+06
5.899432000000000000e+06
9.328753000000000000e+06
inf
1.145493000000000000e+07
7.682679000000000000e+06
7.202574000000000000e+06
inf
4.253358000000000000e+06
inf
9.946031000000000000e+06
8.985821000000000000e+06
5.007808000000000000e+06
7.133988000000000000e+06
3.979012000000000000e+06
1.467849000000000000e+07
9.122994000000000000e+06
1.803923000000000000e+07
1.070048000000000000e+07
4.459118000000000000e+06
1.056331000000000000e+07
2.332938000000000000e+06
6.996815000000000000e+06
1.015179000000000000e+07
1.934237000000000000e+07
1.179786000000000000e+07
9.946031000000000000e+06
5.556500000000000000e+06
8.780062000000000000e+06
4.293610000000000000e+07
9.397340000000000000e+06
1.598164000000000000e+07
inf
inf
1.090624000000000000e+07
9.877444000000000000e+06
6.173778000000000000e+06
8.094198000000000000e+06
7.888438000000000000e+06
6.036605000000000000e+06
7.065401000000000000e+06
7.751266000000000000e+06
7.133988000000000000e+06
1.118059000000000000e+07
8.025611000000000000e+06
6.448124000000000000e+06
6.722469000000000000e+06
7.751266000000000000e+06
6.859642000000000000e+06
5.350740000000000000e+06
6.173778000000000000e+06
7.682679000000000000e+06
6.173778000000000000e+06
4.733463000000000000e+06
7.682679000000000000e+06
5.830846000000000000e+06
6.791056000000000000e+06
6.379537000000000000e+06
inf
4.184772000000000000e+06
7.819852000000000000e+06
9.740272000000000000e+06
8.574302000000000000e+06
7.957024000000000000e+06
1.611881000000000000e+07
7.065401000000000000e+06
6.791056000000000000e+06
7.819852000000000000e+06
6.379537000000000000e+06
inf
9.328753000000000000e+06
5.213568000000000000e+06
3.155975000000000000e+06
7.133988000000000000e+06
7.751266000000000000e+06
8.711475000000000000e+06
inf
2.195766000000000000e+06
7.065401000000000000e+06
5.213568000000000000e+06
3.979012000000000000e+06
inf
inf
5.076395000000000000e+06
2.538698000000000000e+06
8.642889000000000000e+06
6.791056000000000000e+06
7.751266000000000000e+06
9.534512000000000000e+06
7.408334000000000000e+06
3.498908000000000000e+06
4.527704000000000000e+06
3.636080000000000000e+06
4.596290000000000000e+06
inf
5.899432000000000000e+06
3.079630000000000000e+07
6.448124000000000000e+06
6.653882000000000000e+06
5.625086000000000000e+06
4.527704000000000000e+06
9.328753000000000000e+06
3.367693000000000000e+07
5.899432000000000000e+06
4.870636000000000000e+06
1.591305000000000000e+07
inf
9.877444000000000000e+06
6.722469000000000000e+06
5.899432000000000000e+06
7.614092000000000000e+06
5.487914000000000000e+06
4.870636000000000000e+06
6.859642000000000000e+06
inf
5.350740000000000000e+06
5.830846000000000000e+06
4.459118000000000000e+06
5.487914000000000000e+06
5.795652000000000000e+07
9.397340000000000000e+06
5.693673000000000000e+06
5.487914000000000000e+06
6.173778000000000000e+06
6.653882000000000000e+06
4.802050000000000000e+06
inf
inf
4.253358000000000000e+06
2.950216000000000000e+06
1.296383000000000000e+07
inf
6.379537000000000000e+06
4.870636000000000000e+06
4.253358000000000000e+06
7.682679000000000000e+06
4.253358000000000000e+06
9.808858000000000000e+06
5.213568000000000000e+06
4.184772000000000000e+06
7.614092000000000000e+06
4.802050000000000000e+06
5.282154000000000000e+06
5.350740000000000000e+06
9.534512000000000000e+06
5.213568000000000000e+06
3.430321000000000000e+06
5.350740000000000000e+06
6.585296000000000000e+06
3.910426000000000000e+06
4.733463000000000000e+06
4.733463000000000000e+06
5.487914000000000000e+06
6.379537000000000000e+06
6.036605000000000000e+06
5.625086000000000000e+06
1.323818000000000000e+07
6.242364000000000000e+06
7.957024000000000000e+06
4.802050000000000000e+06
5.487914000000000000e+06
1.687326000000000000e+07
6.996815000000000000e+06
3.525442000000000000e+07
4.390531000000000000e+06
5.007808000000000000e+06
inf
5.282154000000000000e+06
5.693673000000000000e+06
3.155975000000000000e+06
4.184772000000000000e+06
6.996815000000000000e+06
4.802050000000000000e+06
inf
9.328753000000000000e+06
6.791056000000000000e+06
4.596290000000000000e+06
inf
5.487914000000000000e+06
7.339747000000000000e+06
5.968018000000000000e+06
4.390531000000000000e+06
5.282154000000000000e+06
9.740272000000000000e+06
inf
inf
1.784247000000000000e+06
9.465926000000000000e+06
