-8.478331248520778729e+01
inf
inf
-8.163895131081086731e+01
inf
-8.374427078161113513e+01
-8.286170953408701223e+01
inf
-8.288492748245235475e+01
inf
-8.439138297170227077e+01
inf
-8.827283149652815553e+01
inf
-8.203341056639546025e+01
-8.499204845822245602e+01
-8.202488200689018072e+01
inf
-8.635218260678972513e+01
-8.461525617905013519e+01
inf
-8.530366783553461119e+01
-8.631976425912908724e+01
inf
-8.589162615460273287e+01
inf
-8.296193185804595771e+01
-8.293272337880799228e+01
-8.410165330757456559e+01
-8.324642628149528889e+01
inf
-8.293644728565472235e+01
inf
-7.573657639592379098e+01
-8.355925402344254849e+01
inf
inf
-8.378349622338099323e+01
-8.528516911383496790e+01
inf
-8.528156161489033593e+01
-8.469738187419756059e+01
-8.481283800379299009e+01
-8.534047723651391948e+01
-8.541255637530809963e+01
inf
inf
inf
-8.431942490590833472e+01
-8.301109822456494669e+01
-8.451130566187269721e+01
inf
inf
-8.338961496404724016e+01
-8.201533626155344336e+01
inf
-8.355964320404697787e+01
-8.241403281751125576e+01
inf
inf
-8.490641751652513847e+01
-8.373827267719120471e+01
-8.434432467408282719e+01
inf
-8.493109469608801021e+01
inf
inf
-8.612582257391302676e+01
-8.456860242498595426e+01
-8.615297970193221033e+01
-8.571447964500826799e+01
inf
inf
-8.435246130875054860e+01
-8.381079375629285266e+01
-8.405127036548047670e+01
-8.523381978505838674e+01
-8.142294889630194632e+01
inf
-8.089833987190392861e+01
-8.276129050954915556e+01
inf
inf
inf
-8.401034916961688737e+01
inf
inf
inf
-8.258235150947110981e+01
-8.350952228333288474e+01
-8.468766414640391815e+01
inf
inf
inf
-8.555969882698360607e+01
-8.743260641677933620e+01
inf
-8.396760640167663325e+01
-8.453674521984291346e+01
-8.388298597286610914e+01
-8.236591431306624145e+01
-8.195408307427473460e+01
inf
-8.270420737853092419e+01
inf
-8.336788996373832106e+01
inf
inf
inf
-8.446396470573486681e+01
-8.421598907828997937e+01
-8.308636728539696037e+01
inf
-8.452115101465481928e+01
-8.526252134708698804e+01
inf
-8.433333913573794405e+01
-7.935050633579014345e+01
inf
inf
inf
-8.429720412811690267e+01
inf
inf
inf
-8.218565561652422957e+01
inf
inf
inf
-8.282688569294754188e+01
-8.431054113759422819e+01
-8.493474985748392214e+01
inf
-8.325863991039443590e+01
inf
-8.364081484354112206e+01
inf
-8.429361945536901146e+01
inf
inf
inf
-8.530605123516070876e+01
inf
inf
-8.435380743357734445e+01
-8.490076619839429384e+01
-8.301245660873328802e+01
inf
inf
inf
-8.407305758916757554e+01
-8.086848778945005733e+01
inf
-7.144071924566166842e+01
-8.423669125607152353e+01
inf
-8.459948462569666106e+01
inf
inf
inf
inf
-8.549864788764151058e+01
inf
inf
-8.412407861343432103e+01
-8.716442813088958985e+01
inf
inf
-8.465574007950772284e+01
inf
-8.499540991948850888e+01
-8.380989886096932651e+01
inf
inf
inf
-8.536276781431084260e+01
inf
-8.440790799481008833e+01
-8.571705979309622592e+01
-8.208385191588992313e+01
-8.438133027398198749e+01
inf
inf
-8.257089065570310993e+01
inf
-8.507993257317340863e+01
-8.577982129631676855e+01
inf
-8.324020462005232446e+01
-8.595021204444910268e+01
inf
-8.696952350426241196e+01
-8.331528740494275098e+01
inf
-8.390307919329562480e+01
-8.192301798701895166e+01
-8.216155335937222048e+01
-8.223717617423298520e+01
inf
inf
-8.322691635142169275e+01
-7.977471243312400873e+01
inf
-8.503516089002513922e+01
-8.363967108361055125e+01
-8.553671042237570532e+01
inf
-8.375170230657786874e+01
-8.515648651709780381e+01
inf
-8.564910611858297784e+01
-8.464923050285972295e+01
-8.496495070476923672e+01
-8.472852156719585537e+01
-8.540698849653401226e+01
-8.667462536226878456e+01
-8.451307458496495428e+01
-8.364368891558608254e+01
-8.373899616984841998e+01
-8.597739779025360463e+01
-7.904636493752525439e+01
inf
inf
inf
inf
inf
inf
-8.502579435508047823e+01
-8.486033173515207295e+01
-8.540741521251548818e+01
-8.422273725132058075e+01
inf
-8.210764621724935353e+01
inf
-8.610702830332860458e+01
inf
inf
-8.382256580784373057e+01
-8.608083000702727361e+01
-8.451107218921727338e+01
-8.440858322268539382e+01
inf
-8.246198232580213983e+01
-8.517527459242542420e+01
-8.112571041355492696e+01
inf
-8.331573075687461483e+01
-8.424184011512063819e+01
inf
-8.309141083070903733e+01
-8.538257067219781504e+01
inf
-8.469429230526145602e+01
-8.528800061444840708e+01
-8.306825122495571634e+01
inf
-8.547735115814104745e+01
inf
inf
-8.441530330364953727e+01
inf
-8.425640667120615035e+01
inf
-8.655350360724490599e+01
-8.337714160880665304e+01
inf
inf
-8.493535998446989765e+01
inf
-8.234792592037769055e+01
-8.188476562855016994e+01
-8.578573092959115343e+01
inf
inf
inf
inf
inf
inf
inf
-8.257601097700441528e+01
inf
inf
inf
-8.432022162292278722e+01
inf
-8.466823708088985256e+01
-8.555267209962227071e+01
inf
inf
inf
inf
inf
-8.130654232509401425e+01
-8.164016059233847500e+01
inf
-8.313494328914303821e+01
inf
-8.313966340738022609e+01
-8.414898425123614345e+01
inf
-8.562836685555485872e+01
inf
inf
-8.256793805871427594e+01
inf
inf
inf
-8.594226652641351905e+01
inf
-8.515469528794596954e+01
inf
-7.281163571637502230e+01
inf
inf
-8.477380249712086879e+01
inf
inf
-7.988514362113789957e+01
-8.326746691828599012e+01
inf
-8.320430380035644191e+01
-8.274055974876399944e+01
-8.469007087492211383e+01
inf
-8.571503796661585284e+01
inf
-8.277568483440266789e+01
inf
inf
-8.495280160030704053e+01
inf
inf
-8.654795379254750287e+01
inf
inf
-8.569203363293226516e+01
inf
inf
-8.469130300178024129e+01
-8.624203978782620084e+01
inf
-8.069049495013652518e+01
inf
inf
-8.232089230867578067e+01
-8.243027715715761872e+01
-8.591791474072047663e+01
inf
-8.562601697263316680e+01
inf
-8.139137632511820186e+01
-8.252624833156278328e+01
inf
inf
-8.576142205920460526e+01
inf
inf
inf
-8.494183331615032273e+01
-8.568629838191407089e+01
-8.416440503524783878e+01
inf
-8.477447488229083206e+01
-8.503700479726913386e+01
inf
inf
inf
-8.046578960324998775e+01
-8.191563962309820113e+01
inf
-8.269884776208645860e+01
inf
-8.320172354104562373e+01
-8.318261934927950563e+01
inf
-7.895157467843139898e+01
inf
-8.838860212551566065e+01
-8.499791859656949100e+01
inf
-8.445605541739944044e+01
-8.315479809395901611e+01
inf
-8.383129500483109098e+01
