inf inf
inf inf
inf inf
inf inf
4.101588850137090070e+00 -1.340685685776985459e+01
inf inf
2.785500978766302094e+00 2.966907229447214078e+01
inf inf
inf inf
8.403097302984581241e-01 -6.658495665759760485e+00
inf inf
inf inf
inf inf
4.170622842882862891e+00 -3.914140782948376796e+01
inf inf
inf inf
inf inf
inf inf
4.124800011124449384e+00 3.844783515431209331e+00
inf inf
3.972454419575387696e+00 -2.832970919747432248e+01
inf inf
inf inf
inf inf
inf inf
9.077533619437175641e-03 9.475138632697953653e+02
1.638826488515862101e+00 -3.006155862145219260e+01
inf inf
-1.581948310612582842e-01 -1.443458486804073289e+02
inf inf
inf inf
inf inf
9.785305352763266740e+00 -1.519980100000058165e+01
2.315312887498882866e+00 -5.557926787605367025e+01
-2.605938503330889056e-01 3.741831837556579554e+00
5.499508819995035241e-02 -1.776522039408212095e+02
1.722026665214340335e+00 -4.011928888344158395e+01
2.595565722825565302e+00 5.614803215171230732e+01
1.870250480866079812e+00 -3.897491007583028022e+01
inf inf
1.010284852836379033e+00 -2.011339032370297275e+01
inf inf
3.725428385619551364e+00 -4.930849985644652378e+01
5.696321794800800892e-02 -2.751012081930149833e+01
2.885027300421555640e+00 -4.073612763196642561e+00
2.739083708675426720e+00 -1.163553264005508048e+01
4.522307996678826214e+01 -3.451833685936478435e+00
inf inf
inf inf
inf inf
inf inf
inf inf
7.955368483992215189e+00 -3.830528008186211508e+01
inf inf
inf inf
inf inf
3.471111220304010647e+00 -3.266969383493043555e-01
-8.516634182504118512e-04 3.284793013676044211e+03
2.026467780062124469e+00 -2.300305773996488057e+01
inf inf
6.817643546303797653e-01 -2.909766643407445841e+01
inf inf
3.720312511245560838e+00 7.586181568384185780e+00
3.328446020513254666e+00 6.880050712192754547e-01
inf inf
1.529867387575772497e+01 6.621479117337668363e+00
3.906636792877773434e+00 -8.541804431474147918e+00
inf inf
4.044720635671393560e-02 2.947860990855651835e+02
5.264279496138355441e+00 -1.168574451169981110e+01
5.310385514052319067e+00 -2.105667640828671949e+01
inf inf
6.295660454592203470e-01 -8.540555466593785638e+01
7.244551587348262434e-01 -1.736235721042766329e+02
inf inf
inf inf
4.098353960514828032e+00 -3.485150223587699259e+01
inf inf
inf inf
inf inf
inf inf
2.922346268037186778e+00 -1.724760513462813805e+01
2.484367725196323651e+00 -6.248162823599197502e+00
3.071251779281804772e+01 4.809059050713356598e+00
2.227625374974834038e+00 1.764504145726019102e+00
3.321735154145224023e+00 -2.445992136522021454e+01
inf inf
inf inf
inf inf
2.311348140991085653e+00 -1.290172012968647408e+01
5.080873379077324614e+00 -5.153766321542475737e+01
4.257342498660224628e+00 -2.577107012716094303e+01
3.494253338878817949e+00 -1.100258441069905757e+01
4.023925257472826367e+00 8.656051443378176558e+00
inf inf
inf inf
7.810040941414998272e+00 -3.748256781259636483e+01
inf inf
inf inf
inf inf
inf inf
6.010720734028061507e+00 -4.122452032671710498e+01
inf inf
inf inf
inf inf
2.242391414002122119e+01 9.576075760049073793e+00
3.006140602407912255e+00 -1.396283102390774111e+01
3.510852987213771925e+00 -4.256429967707846984e+00
inf inf
1.667809988116884412e+00 -2.878356398193053423e+01
2.676182141597396758e+00 -4.607739947066911412e+01
inf inf
inf inf
inf inf
3.318138072517278214e+00 -1.121562601391997127e+01
inf inf
3.520311096082888280e+00 -8.687100895486015162e+00
6.178733059361982249e+00 9.466742260598856262e+00
1.339581236202950221e+00 1.959242461018414483e+00
inf inf
4.494494064320029847e-01 -3.375756981675304047e+01
-3.745957838265705914e-02 -1.981508017437182545e+01
5.315280508838180928e+00 -3.238386166277930300e+01
inf inf
inf inf
inf inf
inf inf
inf inf
2.785224949446200071e+01 2.880926408891655743e+00
2.509701224686118692e+01 6.212587963227016452e+00
inf inf
1.450155536672460777e+01 1.590543257820454137e+01
6.014790728115970708e+00 -5.956779200085243531e+00
inf inf
3.730184734259881646e-02 6.369140116246353678e+00
6.657667224536550910e-02 -1.347928257758272252e+02
inf inf
inf inf
1.158519726500536606e+01 -7.944109926019152113e+00
inf inf
4.050668807908892610e+00 1.106056614668923643e+01
5.209100715828588690e+00 -1.486944016490940790e+01
5.230416017072896384e-01 -8.674732869305995564e+01
inf inf
5.844949901490267941e+00 -2.701045415869488764e+01
inf inf
3.835040653041801750e+00 -7.889299872160007610e+00
1.832031225450189282e+01 -1.373027453419508781e+01
inf inf
inf inf
inf inf
inf inf
3.007812074310165507e+00 -3.729848098471224915e+01
inf inf
2.432272839313884383e+00 -1.567309297805636881e+01
inf inf
inf inf
9.825326937906016411e+00 -3.539058619269594086e+00
2.660188158003449210e+00 -4.967339702392460588e+00
inf inf
3.397880936374194416e+00 -3.148568420420816594e+01
inf inf
1.719007701527431919e+01 -4.978923334501203612e+00
inf inf
inf inf
inf inf
8.443682453836292012e+00 1.857212708666483181e+01
inf inf
1.086853449677177785e+00 -5.326261269637505080e+01
inf inf
3.427481888445195857e+00 -2.958670906466579353e+01
3.394081639062329625e+00 -2.663479014283398882e+01
inf inf
inf inf
inf inf
inf inf
inf inf
2.075810034767376067e+01 7.713079575389529374e+00
inf inf
inf inf
2.119431704602357858e+00 -1.550548758078805456e+01
inf inf
inf inf
inf inf
2.904315799900151163e+01 1.199319612787321521e-01
4.777708987541329222e+00 -1.453441095111447545e+01
2.984001142446286003e+00 -2.313901734287891188e+01
inf inf
inf inf
1.865937280670053866e+01 4.245552627969317427e+00
inf inf
inf inf
4.443111634389882880e+00 -2.426220755599412726e+01
inf inf
1.703243620747476150e+00 6.084257153662835371e+00
inf inf
1.382972203342330531e+01 3.647220496365195519e+00
inf inf
1.513738897574444131e+00 -3.346231549016559370e+01
1.237051288941461991e+00 -6.390804359922097611e+00
inf inf
1.536574591328013817e+01 3.380185451960385556e+00
1.234195360772649508e+01 -1.032682005776001510e+01
9.309768719804768500e-01 -4.645530061937704858e+01
inf inf
inf inf
2.858466319454452620e+00 -8.842992896223071497e+00
1.696591412364095275e+00 -3.741031632222639303e+01
2.410868568781852961e+00 1.840410809146684645e+00
2.936312060597360940e+00 -7.217032566347032230e+01
2.525597131568415143e+00 -5.913901988584399305e+01
inf inf
inf inf
5.343959071117098780e+00 1.395371524965091226e+01
3.689922623314054739e+00 2.046275275129547655e+00
inf inf
inf inf
1.606435914251517438e+00 -1.537393217005669044e+01
1.671633983527548661e+00 2.980728071061313500e+01
5.014810034362684465e-01 2.961930530001514583e+01
1.562362998925066693e+00 -5.224139509249701163e+00
inf inf
inf inf
1.552561081294258072e+00 -8.917354654836827876e+00
inf inf
9.161310693204813629e-03 -1.001628766006978708e+03
3.490327884800927816e+00 8.497151960186583253e+00
inf inf
1.822508354236780148e+00 -3.241086319649541991e+01
1.868018249857000379e+00 -1.120713313951735302e+01
1.895046670409898049e+00 -5.490607414707135092e+00
inf inf
1.485776720490809666e+00 -2.769438613793616355e+01
4.414156200810223751e+00 -1.800897420329658516e+01
2.485337686894617537e+00 -3.892696895216875674e+01
9.267891128669305090e+00 1.353591525088577052e+00
inf inf
8.791015325501478017e+00 -1.515796720257044328e+01
2.378595731477124886e+00 -6.589792580370947839e+00
inf inf
inf inf
2.293155324953478846e+00 1.026084238175816843e+01
1.593357007966403893e+00 -4.785464087519820708e+01
2.355391586995105424e+00 -4.221425010238016995e+01
6.217998686219327276e+00 -9.635802194358180639e-01
inf inf
inf inf
inf inf
inf inf
1.806334565676972304e+01 8.738794157188699785e+00
inf inf
3.570297802770669104e+00 -2.589622492743690430e+01
inf inf
inf inf
1.825714055196824503e+00 -1.182382647849947510e+01
inf inf
inf inf
inf inf
2.667023918166541829e+00 -8.669488490912163670e+00
1.568074995592798615e+00 7.332115869776591133e+00
1.479356337443883396e+00 -1.578253313342130326e+01
3.183604160435716146e+00 1.558729725034796454e+00
inf inf
1.203844133785570980e+00 -3.234200331854502508e+01
inf inf
7.369800417582407503e-02 -1.292487631955762595e+02
inf inf
inf inf
inf inf
inf inf
inf inf
2.940996279562788779e-02 8.917245244786744252e+01
inf inf
1.802494965558430096e+01 -4.596291742786036139e+00
-4.245331644818064909e+00 -1.643781988923325912e+02
4.928431661405092257e+00 -2.530374905096351057e+01
1.689024813004717185e+00 -3.766318461856174338e+01
-6.921080868035600891e-04 -1.857021643822745682e+04
1.945584944582509834e+01 6.180978494872233497e+00
2.312109993140975206e+00 2.572025264651087895e+01
inf inf
inf inf
2.838969696394443520e+00 -2.227018666970357330e+01
2.126561456339224332e+00 -9.686029831653263145e+00
1.806622705485291025e+00 -1.898703896735645813e+01
6.370986849327659992e-04 2.129643626137974570e+04
inf inf
inf inf
inf inf
inf inf
1.912544852418779362e+00 -1.471958840695783266e+01
inf inf
inf inf
2.592300521900231747e+00 -4.164753269753616394e+01
inf inf
inf inf
inf inf
3.181080281365646201e+01 4.954262946641373233e+00
2.464424010416003952e-01 -1.068459968613373121e+02
2.307923525064411674e+00 -2.463187164023252507e+01
inf inf
inf inf
inf inf
inf inf
inf inf
3.702984970646565444e+01 2.031019288918292531e+00
inf inf
inf inf
inf inf
9.983392524938897172e-02 4.361885339503150760e+01
2.512446516598718649e+00 -2.914003595208192010e+01
inf inf
6.600374090507416192e+00 -1.613556770991075240e+01
inf inf
2.849979715914808143e+00 -3.796121029522163326e+01
6.480671667414965587e-01 -2.012811782263155536e+01
5.924342641730687475e+00 -4.108821697263320516e+01
inf inf
-1.872424615210943263e-02 2.661168806615198719e+02
2.097964846842687248e+00 2.262483900116914803e+00
3.633662234673010261e+01 -4.645727539834098585e-01
1.187487396865509748e+00 -2.940040044827320642e+01
inf inf
inf inf
2.267879767764786614e+00 -3.757842734824836128e+01
7.865701615311565753e+00 5.193828119141873145e+00
inf inf
inf inf
inf inf
-1.101486090904929271e-01 -1.708233564395748090e+02
inf inf
inf inf
inf inf
inf inf
inf inf
inf inf
inf inf
2.783672196814310912e-02 -2.179180937593470446e+02
2.389801371166388133e+00 -1.224405962861490060e+01
1.772041311626387738e+01 -8.882950119039234593e+00
inf inf
inf inf
1.042439953181490297e+00 -1.285478198961359730e+01
2.246175892454708833e+00 -4.141649388964173539e+01
3.105687692918971884e-02 4.477616030990819240e+01
1.634215662196294439e-01 -7.100380451636144130e+01
inf inf
3.250070898075404102e+01 -1.448673578293226960e+01
1.802540222017865075e-03 -1.476245814973409324e+03
1.905221403035476868e+01 2.060672955440368881e+00
inf inf
inf inf
3.494330099447245264e+00 -4.331585388311884088e+01
2.304660429090680029e+00 -1.850023583680968287e+01
inf inf
1.440730194883287130e+00 -3.618296988983753693e+01
inf inf
6.653307869768384286e+00 -3.136663666192196231e+01
inf inf
inf inf
inf inf
inf inf
inf inf
inf inf
inf inf
2.071819397354871128e+01 -7.797641338863821048e+00
inf inf
inf inf
inf inf
inf inf
inf inf
inf inf
inf inf
inf inf
-6.524058929839526844e-02 -1.864986822625837135e+02
inf inf
inf inf
inf inf
inf inf
3.892847535591972274e+00 1.335682699771984261e+01
inf inf
inf inf
inf inf
7.619444871001276987e+00 -3.785677473154532180e+01
