7.496032999999999226e-12
inf
2.376318000000000174e-12
9.749847000000000794e-12
inf
1.102629999999999958e-11
inf
1.001224000000000016e-11
8.618983999999999981e-12
inf
inf
1.032620999999999948e-11
1.002727000000000075e-11
1.000795999999999970e-11
inf
inf
inf
6.170100000000000134e-12
inf
inf
1.331888000000000029e-11
6.788909000000000229e-12
inf
inf
inf
inf
inf
1.545646999999999866e-11
7.016482000000000354e-12
4.310301000000000093e-12
9.739664000000000008e-12
1.094522000000000009e-11
1.679618000000000124e-11
1.079129999999999987e-11
1.524576999999999997e-11
1.177477000000000073e-11
1.097281000000000038e-11
8.774992000000000300e-12
3.340262000000000252e-11
7.276931000000000348e-12
inf
1.805199000000000011e-11
6.664047000000000352e-12
8.469991000000000517e-12
inf
inf
1.610637000000000137e-11
3.285735000000000034e-12
inf
inf
inf
1.339998999999999933e-11
5.918496999999999757e-12
1.307833000000000048e-11
2.585870999999999938e-12
inf
inf
4.286772999999999631e-12
inf
9.978091999999999485e-12
inf
inf
1.757887999999999951e-12
inf
inf
inf
inf
inf
8.133308000000000264e-12
3.929006000000000152e-12
9.189268000000000139e-12
inf
inf
2.173344000000000074e-11
9.384822000000000741e-12
inf
6.502431000000000367e-12
1.332464000000000046e-12
inf
inf
1.599398000000000129e-11
2.129893000000000091e-13
4.576041999999999900e-12
2.424426999999999884e-12
1.324311999999999982e-12
inf
inf
inf
inf
inf
6.774182999999999833e-12
inf
inf
inf
1.915338999999999862e-11
4.809095999999999888e-12
inf
9.699750999999999510e-12
2.252017999999999987e-12
9.691323999999999429e-12
inf
inf
inf
7.347359000000000136e-13
inf
1.221235000000000097e-12
1.424321000000000056e-13
2.878031000000000179e-12
inf
inf
inf
inf
inf
3.929746000000000005e-12
inf
inf
9.847093000000000721e-12
inf
inf
1.674771999999999924e-11
inf
5.527583999999999643e-12
1.211488000000000017e-11
2.057465999999999828e-12
2.260965999999999920e-12
inf
2.648041999999999936e-13
1.136813999999999966e-12
4.358846999999999809e-14
3.209533000000000073e-12
inf
inf
inf
5.041966000000000288e-12
inf
inf
inf
1.603798999999999920e-12
inf
1.693358999999999994e-12
inf
7.946107000000000646e-12
1.256988000000000015e-11
1.158190000000000016e-11
inf
inf
inf
2.300401000000000045e-13
inf
3.391325000000000193e-12
inf
1.784339000000000077e-12
inf
inf
inf
inf
inf
1.949824999999999924e-12
inf
inf
inf
inf
7.567794999999999663e-12
inf
inf
8.614991999999999366e-12
4.211520000000000214e-12
5.984509000000000143e-12
6.072046999999999643e-12
inf
inf
inf
6.191624000000000316e-13
2.893216999999999949e-12
inf
3.556423000000000021e-13
inf
inf
inf
1.558471000000000095e-11
5.652612000000000027e-12
inf
inf
inf
4.732824000000000312e-12
inf
1.035796000000000043e-11
2.216295999999999869e-12
9.228384999999999961e-12
inf
inf
8.585904000000000288e-12
1.956386000000000021e-12
1.134500000000000063e-11
4.602293000000000290e-12
5.979364000000000370e-12
inf
inf
inf
inf
inf
inf
inf
inf
inf
inf
inf
inf
inf
inf
inf
inf
inf
inf
inf
8.994763999999999820e-12
inf
3.976451000000000259e-12
1.705327999999999860e-11
inf
inf
inf
1.032608999999999967e-11
inf
inf
inf
1.232051999999999929e-12
1.958353999999999917e-12
inf
inf
inf
3.174411000000000175e-12
inf
3.194903999999999934e-12
9.213930000000000100e-12
inf
inf
inf
inf
5.042002000000000067e-12
1.438555999999999995e-12
6.316000999999999918e-12
1.057101000000000021e-11
inf
inf
inf
inf
inf
2.220819999999999821e-12
inf
1.688239000000000113e-13
1.844009999999999935e-12
9.415344999999998995e-13
inf
inf
1.998131999999999881e-13
inf
inf
4.307946000000000150e-12
6.932999999999999640e-12
inf
inf
inf
7.045154999999999781e-12
inf
inf
8.143518999999999442e-12
inf
9.002042000000000428e-13
inf
3.918796999999999705e-12
4.733442999999999786e-12
inf
inf
inf
inf
inf
inf
inf
inf
inf
inf
inf
inf
inf
5.471349999999999703e-12
inf
inf
inf
inf
inf
inf
1.319278000000000066e-11
inf
inf
inf
inf
inf
inf
inf
inf
inf
3.456414999999999868e-12
inf
inf
inf
1.617997000000000058e-12
inf
6.400666000000000143e-12
inf
inf
6.227567000000000176e-12
3.690042999999999608e-12
1.294687999999999986e-11
1.422982000000000005e-11
1.004128999999999992e-11
inf
inf
1.104904999999999925e-11
3.633799000000000054e-13
inf
inf
5.226171999999999675e-12
4.739592999999999715e-12
inf
inf
inf
5.817091000000000381e-13
2.325866999999999948e-12
inf
1.958826000000000079e-11
inf
inf
3.686971000000000164e-12
inf
3.576538999999999852e-12
inf
inf
inf
6.403242000000000031e-12
inf
inf
1.885778000000000126e-11
5.660597000000000220e-12
1.692265999999999890e-11
6.350508000000000227e-12
7.303994000000000149e-12
inf
inf
inf
inf
inf
inf
inf
4.579878000000000127e-12
2.239264000000000181e-12
inf
inf
inf
inf
inf
inf
inf
inf
inf
inf
inf
4.824881000000000108e-12
4.567400000000000107e-12
inf
inf
inf
inf
inf
3.152035000000000109e-13
inf
2.433013999999999835e-12
inf
4.152771000000000057e-12
inf
inf
inf
inf
5.205488000000000326e-12
