inf
inf
1.000505999999999938e-11
inf
8.015612000000000359e-12
1.714816000000000112e-11
inf
1.157967000000000048e-12
inf
inf
1.402687999999999930e-11
inf
inf
1.033789000000000009e-11
inf
inf
inf
inf
8.838733999999999726e-12
3.193144999999999921e-12
1.024391000000000012e-11
2.468954000000000084e-13
inf
inf
inf
3.085204000000000109e-12
1.405844000000000043e-11
4.546316999999999842e-12
8.141453999999999693e-12
1.237908000000000060e-11
4.335061000000000081e-12
1.392342999999999977e-11
1.187995999999999980e-11
inf
2.696107000000000035e-11
1.184242000000000075e-11
2.869418999999999933e-12
1.171886999999999972e-11
9.950396999999999975e-12
1.081673000000000050e-11
inf
8.562434000000000187e-12
inf
5.543200999999999818e-12
3.966027000000000101e-12
inf
1.414113000000000035e-11
5.757576000000000306e-12
2.212172000000000086e-14
1.277475000000000027e-11
7.311783000000000289e-12
inf
1.174689999999999915e-12
6.707993999999999861e-12
3.531389999999999960e-12
7.081793999999999743e-12
6.998112999999999667e-12
2.731814000000000137e-12
4.614001000000000102e-12
5.410181000000000048e-12
9.136555000000000341e-12
1.426661000000000074e-11
8.428769000000000473e-12
1.114688000000000026e-11
9.084170999999999825e-12
7.715092000000000747e-12
1.502709999999999844e-11
4.872558999999999817e-12
6.518697000000000370e-12
8.227677000000000223e-12
2.165613000000000135e-11
inf
inf
5.834377999999999679e-12
1.049251000000000049e-11
5.747356000000000173e-13
inf
inf
inf
5.769708999999999886e-12
7.413024999999999909e-12
inf
7.506603000000000462e-12
7.663260000000000610e-12
1.345727999999999979e-11
8.430963000000000373e-12
inf
9.082809999999999342e-12
inf
inf
inf
1.044512999999999994e-11
inf
2.225153999999999951e-12
9.880702000000000442e-12
1.044419999999999946e-11
inf
inf
4.622828999999999830e-12
1.606573999999999895e-11
7.191309999999999980e-12
1.136522999999999963e-11
7.167099000000000256e-12
inf
inf
3.819990000000000165e-12
1.411049999999999970e-11
8.604494999999999880e-12
inf
inf
inf
inf
inf
inf
inf
inf
inf
1.123599999999999938e-11
7.795847000000000032e-12
1.356308999999999972e-11
5.967973000000000181e-12
6.410072999999999681e-12
1.305013999999999956e-11
9.468018000000000340e-12
inf
5.616902999999999740e-12
1.145041000000000068e-11
1.105318000000000037e-11
8.354785000000000129e-12
5.021986000000000206e-12
7.161892000000000236e-12
6.267960999999999650e-12
inf
2.259958000000000052e-12
inf
1.129797000000000017e-11
9.882616000000000266e-12
inf
1.644989000000000070e-12
7.048612999999999907e-12
inf
1.131055999999999942e-11
2.160554000000000085e-11
9.353770999999999403e-12
inf
inf
1.000474999999999975e-11
inf
inf
2.219466999999999917e-12
1.227053000000000063e-11
inf
inf
1.274980000000000046e-11
inf
inf
inf
6.200632999999999717e-12
5.415522999999999643e-12
4.279679999999999794e-12
inf
inf
1.597459000000000090e-11
inf
inf
inf
5.288112000000000116e-12
inf
inf
inf
1.634540000000000021e-12
1.860582999999999848e-12
3.654647999999999636e-12
inf
2.218448000000000161e-12
inf
4.127409999999999677e-12
2.072720000000000078e-12
inf
1.257499000000000072e-12
inf
inf
inf
8.825915000000000768e-12
inf
1.637333999999999938e-12
2.658543999999999986e-12
inf
3.854824999999999985e-12
1.925702999999999878e-12
9.616800999999999747e-12
1.019551999999999976e-11
inf
3.659812999999999645e-12
5.065132999999999961e-12
2.241451000000000079e-12
inf
3.737146999999999969e-12
1.314983999999999923e-11
inf
2.903588000000000007e-13
inf
inf
inf
3.672829999999999810e-12
1.088949000000000028e-11
inf
inf
inf
inf
6.474214999999999793e-12
2.966350000000000179e-12
4.787738999999999780e-12
5.639016999999999821e-12
5.376446000000000293e-12
3.198595000000000064e-12
1.382883999999999987e-11
1.302916999999999950e-12
8.415686999999999944e-12
2.788235000000000185e-12
9.073266999999999652e-12
1.404663000000000070e-11
1.146545999999999990e-11
1.595539000000000034e-11
inf
1.616295000000000031e-12
inf
3.791173000000000006e-12
inf
1.319990000000000073e-11
inf
inf
1.977386999999999802e-12
1.129546000000000082e-12
1.471100000000000063e-12
7.377779000000000324e-12
inf
4.175775999999999917e-12
3.013733000000000039e-12
inf
inf
7.942228000000000638e-12
inf
inf
inf
8.465751999999999489e-12
9.147271000000000232e-12
inf
7.881451999999999242e-12
inf
inf
5.581640999999999804e-12
8.242796999999999456e-12
6.585577999999999952e-12
inf
inf
inf
9.699344999999999400e-12
inf
inf
inf
1.008577000000000015e-12
3.836004000000000100e-12
3.847237000000000361e-12
inf
inf
7.048676999999999895e-13
3.365828000000000065e-12
3.855973000000000295e-12
2.987625999999999976e-12
inf
inf
inf
6.342586999999999821e-12
inf
inf
inf
inf
inf
1.317676999999999980e-11
inf
inf
3.497854999999999942e-13
inf
inf
inf
1.168363999999999968e-11
2.091582999999999975e-12
inf
inf
inf
1.132575000000000028e-11
inf
4.227233999999999838e-12
inf
inf
inf
inf
8.075851999999999302e-12
inf
inf
inf
inf
3.044227999999999900e-12
5.623662999999999602e-12
inf
inf
inf
6.665674000000000098e-12
7.296444000000000651e-12
8.221392000000000720e-12
inf
inf
4.731014999999999708e-12
inf
inf
inf
1.411651000000000040e-11
inf
8.011439999999999233e-12
inf
inf
1.812896999999999964e-12
4.099630000000000375e-12
inf
inf
3.536856000000000151e-13
inf
inf
inf
3.474672999999999890e-12
2.385587000000000021e-12
9.010079000000000144e-12
inf
1.127777000000000072e-11
4.461390000000000239e-12
1.791725999999999953e-11
inf
inf
inf
2.680894999999999857e-13
inf
inf
6.592018000000000074e-12
inf
9.707877000000000318e-12
1.199335000000000039e-11
inf
inf
6.477595000000000128e-12
inf
1.872200999999999910e-13
1.073152000000000070e-12
inf
3.493244999999999824e-12
8.628436000000000454e-12
inf
inf
inf
inf
1.925765999999999895e-12
inf
inf
inf
inf
inf
inf
inf
4.056345999999999890e-12
1.109403000000000014e-12
1.061364000000000040e-11
5.896756999999999892e-12
1.239562999999999976e-11
inf
inf
1.336371999999999993e-11
1.118986999999999986e-11
1.291211000000000040e-11
inf
inf
inf
inf
5.180743000000000112e-12
7.717694999999999256e-12
