-8.108511344249511410e+01
inf
-8.643583489231069450e+01
-8.820892467054294173e+01
-8.724409420082771760e+01
-8.627647258403558794e+01
-8.342398249866005244e+01
inf
-8.480817165030745741e+01
inf
-8.646451548377970653e+01
-8.596806737970696588e+01
-8.843311718095942808e+01
-8.913824799788733344e+01
-8.517208768163760624e+01
-8.725333545025007709e+01
-8.718218195283191108e+01
-8.515188037187292025e+01
-8.704280291132940306e+01
-8.343679555461065434e+01
inf
-8.822535026358066546e+01
-8.261089443524765841e+01
-8.562239898881222189e+01
-7.695840257618593228e+01
-8.968774890410539058e+01
-8.634307360458174685e+01
-8.689601623029226118e+01
-8.503765574846124764e+01
-8.705044013860023711e+01
-8.897448831658608981e+01
-8.544177626714872531e+01
-8.629167532956789444e+01
-8.940248364432522976e+01
inf
-7.667416230690452039e+01
-8.833445482917939273e+01
-8.677308129581962248e+01
inf
-8.636591363566529367e+01
-8.563016414421603884e+01
-8.784084355421418877e+01
-8.772904803078822056e+01
-8.019968520618225227e+01
-8.984252227784986644e+01
-8.724706989468597840e+01
-8.469538741897237344e+01
-9.745002264142870274e+01
inf
-8.509198091192523350e+01
inf
-8.775892865640010143e+01
-8.519120138667452125e+01
-8.578066136825185595e+01
-7.711418790697162251e+01
-8.236151716871980000e+01
-9.323540306877256967e+01
-7.971475958562865571e+01
inf
inf
-8.747392743767086642e+01
inf
-8.661429913363797084e+01
-9.591387233805713208e+01
-8.602454703191470742e+01
-8.676433724712867956e+01
-8.689771069388399383e+01
inf
-8.424979031604016200e+01
-8.450091673302584638e+01
-8.785805483728628928e+01
-8.860316712255362859e+01
inf
inf
-8.740292536591954331e+01
-8.615936354513263495e+01
-9.088290687826592773e+01
-9.193934721568658119e+01
-8.639380539246288038e+01
-8.867602321729502535e+01
inf
-9.426790036993803312e+01
-8.891198201412521485e+01
-7.631104550783432217e+01
inf
-8.688285045796601480e+01
inf
inf
-8.560461267133807439e+01
inf
-8.606364952627700404e+01
-7.989940650434820668e+01
-8.820127324520039735e+01
inf
-8.686924639913698343e+01
-8.731501017415938293e+01
inf
-8.645640299657424066e+01
-8.625825209350777811e+01
-8.737082179216022837e+01
-8.456224344355251787e+01
-8.402695554111826937e+01
-8.008853233437558572e+01
-8.818421158479013400e+01
-8.569423500929219983e+01
-8.536201480376247730e+01
-7.385548820327394992e+01
-9.081922863702102688e+01
-8.539533107070992912e+01
inf
inf
-8.730731513025736490e+01
inf
inf
-8.790979256003241460e+01
inf
inf
-8.652980431656396831e+01
-8.652122083467143909e+01
-8.770263384693380715e+01
-8.456290217952268051e+01
-8.708308310834738108e+01
inf
-8.758448556245791394e+01
inf
-8.110184667004456571e+01
-7.659406176892790086e+01
-8.068810311101616151e+01
inf
-8.562669682272041882e+01
-8.555150598455500699e+01
-8.720748008028566289e+01
-8.716322347498913814e+01
-9.346541640282164565e+01
inf
-8.365960599988012802e+01
-8.684132387709954060e+01
-8.726566021697166775e+01
-8.643295852605461960e+01
inf
-8.571437663335149182e+01
inf
-8.748684074978839931e+01
inf
-8.353167253890323707e+01
-8.217530108177641068e+01
-8.823798578164490891e+01
-8.782410192480365652e+01
-8.650266033902555307e+01
-8.511217876905136848e+01
inf
-7.393753388332252996e+01
-8.071983951544652314e+01
inf
-8.830331159664817164e+01
inf
inf
inf
inf
-7.875806696959429587e+01
inf
-8.685844373650952832e+01
-8.793042730937155227e+01
-8.784017804616084391e+01
-8.307867144337258480e+01
inf
-8.047064506731204858e+01
-8.772821573976433740e+01
-7.777301639747852846e+01
-8.599652272940704734e+01
inf
-8.750737269894133874e+01
-8.414787471220974169e+01
-8.905279572238389107e+01
-8.251047188600573179e+01
-8.701624632351231980e+01
-8.967991158302481836e+01
inf
inf
inf
inf
inf
-9.992382936338493948e+01
inf
-8.392596849000645420e+01
inf
inf
inf
inf
inf
-8.649948591247706986e+01
inf
-8.545901111585936860e+01
-8.017518403898654356e+01
-8.788658557761269208e+01
-8.724123885878022122e+01
inf
-8.631896465905846583e+01
inf
inf
-8.747763470673206143e+01
inf
inf
inf
inf
-8.782463392417632519e+01
inf
inf
inf
-7.994067203758491758e+01
-8.151236805117746087e+01
-8.811308362407525863e+01
-1.096646167278554742e+02
-8.732494069508678081e+01
-8.680670849183752580e+01
-8.777337390988162724e+01
inf
-8.533492498597475162e+01
-1.036892792845885936e+02
-8.632564430095155217e+01
inf
-8.814151382658052114e+01
inf
inf
inf
inf
inf
inf
inf
inf
inf
inf
inf
inf
inf
-8.757577344953479326e+01
-8.834456889555860926e+01
inf
-8.719210674310330944e+01
inf
-8.430326322330422784e+01
-8.585355969428013623e+01
-8.771228264443166722e+01
-8.921161847985023030e+01
-7.591798414660962635e+01
inf
inf
inf
-8.741658825448953962e+01
inf
-8.759474688260661424e+01
inf
inf
inf
-8.922110763549542867e+01
inf
inf
inf
-1.095073934462886598e+02
inf
inf
-8.693444235119723373e+01
-8.822498947561497573e+01
-8.736606233356687312e+01
-8.240685780309856057e+01
-8.558945178067952497e+01
-8.812419275149920850e+01
-9.217650521721783718e+01
-8.646975278680676524e+01
inf
inf
-8.916632784975287507e+01
inf
inf
inf
inf
-8.840607213561973765e+01
inf
-8.799483515245613319e+01
inf
inf
inf
inf
-8.850433771036968267e+01
inf
-8.660294941796861679e+01
-8.741002266626601624e+01
-9.001879845708698724e+01
inf
-8.441277648744897988e+01
-8.780200813028447726e+01
-8.872751352626707444e+01
-8.642476857516120958e+01
inf
-1.074131085195336368e+02
-7.711406029065842915e+01
inf
-8.780541337463932905e+01
-8.418167191496513624e+01
inf
-9.283748441123427142e+01
inf
inf
inf
inf
inf
inf
-9.430802501322634157e+01
-8.628962960793657544e+01
-8.613439724442240220e+01
-8.741875581919731530e+01
-8.445928069272493133e+01
-8.629654211475623526e+01
-8.672282286027939335e+01
-8.345705022187590316e+01
-8.893678263801778883e+01
-8.512997098365865156e+01
inf
-8.762774718230409121e+01
inf
inf
-1.054132180421539431e+02
inf
inf
inf
inf
inf
-8.724407967516400220e+01
inf
-8.834714791374111087e+01
-8.888879387966422030e+01
inf
-8.556758763603316709e+01
-7.891131676126630623e+01
-8.780752257097279312e+01
-8.748362549518719788e+01
inf
inf
-8.780519970656426665e+01
inf
inf
inf
-8.827266111884439681e+01
-8.733570694068690443e+01
inf
-8.695450282155691468e+01
inf
-9.004143083034804818e+01
inf
-8.622222661835603219e+01
-8.698554317260915525e+01
inf
-8.929728521093663574e+01
-8.296675242251320981e+01
inf
-8.976398088774185169e+01
-9.049247020894657112e+01
inf
-8.757753569222620627e+01
-8.811262058302978062e+01
inf
inf
inf
inf
-8.572126852823882359e+01
inf
inf
inf
inf
inf
-7.155400372265401643e+01
-8.798076680240697556e+01
inf
-8.762790215541733119e+01
-8.602513170277819654e+01
-7.832563877464278335e+01
inf
-1.071398606869088610e+02
inf
inf
inf
-8.915452486901982354e+01
-8.570123040645844981e+01
-8.003055857458241462e+01
