1.039488000000000023e-11
inf
1.287676000000000056e-11
4.185881999999999874e-12
1.369665999999999952e-11
1.467189000000000161e-11
1.525677999999999994e-11
inf
1.196266000000000065e-11
9.532309000000000030e-12
8.231433999999999275e-12
1.293640000000000049e-11
1.225027000000000047e-11
inf
1.004733000000000016e-11
7.488616000000000571e-12
1.510851999999999871e-11
inf
9.002266000000000690e-12
7.043426999999999892e-12
5.247163000000000146e-12
1.465598000000000032e-11
1.071371000000000040e-11
1.328112999999999957e-11
inf
2.717414000000000037e-11
1.719722999999999982e-11
7.432678999999999211e-12
7.296457000000000077e-12
7.226550000000000141e-12
1.357362999999999979e-11
3.088435999999999827e-12
1.554120999999999937e-11
1.334254000000000022e-11
1.501358999999999964e-11
1.320606000000000078e-11
1.058265999999999966e-11
inf
5.270606000000000009e-12
4.652570000000000238e-12
1.123582999999999979e-11
1.406652999999999984e-12
1.306407000000000009e-11
1.437027999999999963e-11
1.045491000000000074e-11
5.021987999999999745e-12
4.097788999999999878e-12
3.990760999999999619e-12
1.541256999999999882e-11
8.282286999999999725e-12
1.040364999999999960e-11
9.854680000000000576e-12
1.972614999999999991e-11
1.143442000000000006e-11
1.752771999999999875e-11
1.096759000000000012e-11
1.121753999999999948e-11
1.528929999999999949e-11
1.049179999999999938e-11
8.823326999999999608e-12
1.294256999999999985e-11
1.010378000000000039e-11
1.613216999999999910e-11
8.852034000000000084e-12
1.034742999999999966e-11
1.495052000000000040e-11
1.282417999999999999e-11
1.366608000000000027e-11
1.268578000000000050e-11
1.463560000000000036e-11
1.385116999999999943e-11
6.940640000000000201e-12
1.673655000000000061e-11
1.302026000000000050e-11
1.323921000000000049e-11
1.083817999999999936e-11
1.876516000000000120e-11
4.109775999999999996e-12
4.859804999999999607e-12
8.892722000000000445e-12
1.296789999999999930e-11
2.010273999999999881e-11
5.490783999999999639e-12
1.350063000000000040e-11
9.717371999999999764e-12
2.015911000000000133e-11
1.399259000000000066e-11
1.206714999999999953e-11
3.592420000000000156e-12
7.663020999999999968e-12
3.040532000000000115e-12
2.568826000000000186e-12
7.975698999999999860e-12
9.302982000000000355e-12
1.466374000000000149e-11
2.501701000000000065e-11
inf
4.024458999999999826e-12
4.506394999999999803e-12
5.507266999999999701e-12
1.094444999999999988e-11
1.134243000000000017e-11
inf
4.256860000000000099e-12
3.876968999999999613e-12
1.181999000000000000e-11
3.992720000000000379e-12
6.169862999999999839e-12
9.911935000000000214e-12
2.971641999999999991e-12
1.636385000000000161e-11
1.289316000000000037e-11
4.565826000000000259e-12
1.118642999999999962e-11
1.218499999999999948e-11
1.196081999999999992e-11
6.560870999999999863e-12
3.644782999999999859e-12
3.029487999999999904e-12
9.522019000000000485e-12
1.905967999999999942e-11
1.145390000000000070e-11
9.933978000000000507e-12
inf
8.697125999999999831e-12
inf
2.067161000000000021e-11
inf
1.576148000000000041e-11
9.338484999999999664e-12
1.128881000000000024e-11
9.366798000000000494e-12
7.259996000000000279e-12
1.088808999999999991e-11
1.089174000000000020e-11
1.188386999999999993e-11
4.065081999999999823e-12
1.103186000000000061e-11
2.388858000000000038e-12
2.288266000000000016e-12
inf
1.329969999999999997e-11
1.213339999999999957e-12
1.108881999999999960e-11
9.936849999999999205e-12
inf
inf
2.215724000000000061e-12
1.418674000000000019e-11
4.220691999999999804e-12
2.147434999999999927e-12
1.204168000000000004e-11
5.202889999999999856e-12
8.700440000000000033e-12
inf
2.807256000000000009e-12
1.394469000000000043e-11
8.912406999999999871e-12
1.252483000000000046e-11
3.123309000000000177e-12
4.169334000000000256e-12
9.911339999999999246e-12
6.818141000000000038e-12
9.929147000000000242e-12
2.534344000000000172e-12
inf
9.454140000000000750e-12
5.097272999999999863e-12
1.191387999999999972e-11
6.214382999999999734e-12
7.250696000000000309e-12
2.709479000000000112e-12
inf
1.413910999999999952e-12
1.100125000000000020e-11
8.792425999999999233e-12
inf
5.460265999999999829e-12
1.314066999999999999e-11
1.007480000000000065e-11
7.300038999999999890e-12
1.956284999999999878e-12
1.281514999999999917e-12
3.359268999999999911e-11
inf
2.892160999999999837e-12
1.030465999999999943e-11
1.123313999999999953e-11
2.372856000000000164e-12
1.015426999999999971e-11
inf
inf
inf
1.259902999999999948e-11
inf
9.137183999999999934e-12
2.723051999999999896e-11
1.038267000000000063e-11
6.174758999999999660e-12
1.054847000000000059e-11
4.037072999999999998e-12
inf
5.076643000000000182e-12
2.303463999999999847e-12
inf
inf
inf
4.744664000000000390e-12
inf
1.379327999999999997e-12
inf
7.022791999999999546e-13
inf
inf
8.115624000000000801e-12
7.876089000000000449e-12
3.041422000000000124e-12
1.143046000000000015e-11
2.026431999999999821e-12
3.013431999999999958e-12
inf
9.354458000000000165e-12
1.185512000000000048e-11
1.213903999999999994e-12
8.029882000000000054e-12
8.440285000000000118e-12
1.006193000000000093e-12
7.137210999999999808e-12
3.229569999999999940e-12
1.020012999999999927e-12
2.841114999999999855e-12
1.085665000000000019e-11
inf
8.916229999999999864e-12
8.969009999999999564e-12
1.306810000000000012e-13
4.249858000000000287e-12
1.612964999999999842e-11
1.137921999999999925e-11
1.141996000000000055e-11
1.032413000000000076e-11
6.809973999999999796e-12
1.170516999999999949e-11
1.824213000000000156e-11
5.386588999999999798e-12
1.064559000000000048e-11
1.170247999999999923e-11
1.053709999999999960e-11
7.010834999999999984e-12
6.443112999999999710e-12
inf
8.988947000000000674e-12
9.463160000000000644e-12
5.035442999999999913e-12
inf
2.585604000000000097e-12
5.655200000000000379e-12
8.341861999999999297e-12
9.448125000000000396e-12
5.842369000000000104e-12
inf
7.011437000000000147e-12
9.162354999999999686e-12
9.776678999999999725e-12
1.048481999999999934e-11
1.425143000000000080e-11
1.408336000000000069e-11
1.007406999999999930e-11
inf
1.359225999999999928e-11
1.258838999999999984e-11
8.207368999999999821e-12
7.340325999999999797e-12
1.574002000000000062e-10
7.655594999999999349e-12
7.308044999999999280e-12
inf
inf
2.987172000000000027e-12
inf
2.930074000000000142e-12
2.351453999999999928e-12
9.430295999999999624e-12
inf
1.699956000000000072e-12
7.475042999999999333e-12
1.358653000000000027e-11
1.059026000000000056e-11
inf
9.934835999999999815e-12
2.159022999999999938e-12
2.295518999999999965e-11
2.919362999999999988e-11
1.493006999999999880e-11
2.017415999999999812e-12
1.131155000000000061e-11
6.652939000000000355e-12
inf
7.422825999999999900e-12
1.061713999999999973e-11
3.586295999999999888e-12
1.036707999999999989e-11
4.438978999999999962e-12
inf
1.902302000000000107e-11
6.632865000000000132e-12
inf
inf
2.933780999999999816e-12
inf
1.187299000000000069e-11
1.284008000000000036e-11
inf
9.661483000000000263e-12
1.230309999999999995e-11
1.074569000000000003e-11
9.309308999999999870e-12
1.121097000000000024e-11
1.098211000000000035e-11
1.582323000000000022e-11
4.310204999999999606e-12
1.125145999999999940e-11
7.059775000000000379e-12
1.054082999999999922e-11
6.825075999999999947e-12
1.114992999999999993e-11
1.761633000000000073e-11
1.367451000000000047e-11
2.637803999999999814e-12
inf
1.646650000000000138e-11
7.221224999999999858e-12
9.401670000000000671e-12
1.433766000000000052e-11
1.492227999999999970e-11
inf
inf
inf
2.060436999999999937e-12
1.037359999999999934e-11
7.683304000000000478e-12
1.241514999999999926e-11
1.504636000000000133e-11
8.117966000000000510e-12
5.083023000000000403e-12
1.363794000000000075e-11
7.075362000000000200e-12
4.725893000000000288e-12
inf
1.242760999999999939e-11
8.602945000000000154e-12
2.726154000000000240e-13
9.746785000000000660e-12
inf
7.852065000000000430e-13
8.860422999999999231e-12
1.085925999999999951e-11
1.211872000000000029e-11
7.166899000000000318e-12
9.223676000000000652e-12
9.296117000000000868e-13
1.629210000000000002e-11
3.709684999999999737e-11
1.484104999999999925e-11
1.524352999999999937e-11
inf
1.509945000000000065e-11
1.295676999999999953e-11
9.517083999999999961e-12
1.159727999999999923e-11
1.483655999999999873e-11
5.957087999999999668e-12
1.730112000000000131e-11
7.822696000000000699e-12
inf
8.115573999999999403e-12
8.552113000000000518e-12
1.112650000000000030e-11
6.692627999999999985e-12
inf
1.395104000000000030e-11
2.662535000000000024e-12
8.477835000000000095e-12
1.205807000000000054e-11
