inf
inf
inf
inf
2.675870000000000000e+06
inf
5.144982000000000000e+06
inf
inf
5.282154000000000000e+06
inf
inf
inf
3.979012000000000000e+06
inf
inf
inf
inf
2.470111000000000000e+06
inf
3.979012000000000000e+06
inf
inf
inf
inf
9.191580000000000000e+06
7.888438000000000000e+06
inf
6.585296000000000000e+06
inf
inf
inf
2.332938000000000000e+06
6.036605000000000000e+06
6.105192000000000000e+06
6.173778000000000000e+06
4.116185000000000000e+06
2.950216000000000000e+06
3.841840000000000000e+06
inf
6.585296000000000000e+06
inf
2.813043000000000000e+06
1.070048000000000000e+07
4.184772000000000000e+06
5.213568000000000000e+06
1.578488000000000000e+06
inf
inf
inf
inf
inf
4.047599000000000000e+06
inf
inf
inf
5.419327000000000000e+06
9.260167000000000000e+06
6.242364000000000000e+06
inf
4.733463000000000000e+06
inf
5.076395000000000000e+06
5.556500000000000000e+06
inf
2.744457000000000000e+06
6.242364000000000000e+06
inf
6.310950000000000000e+06
5.899432000000000000e+06
3.293148000000000000e+06
inf
1.145493000000000000e+07
1.364970000000000000e+07
inf
inf
8.780062000000000000e+06
inf
inf
inf
inf
4.116185000000000000e+06
5.693673000000000000e+06
2.401525000000000000e+06
4.802050000000000000e+06
8.642889000000000000e+06
inf
inf
inf
7.339747000000000000e+06
6.173778000000000000e+06
6.173778000000000000e+06
6.310950000000000000e+06
5.899432000000000000e+06
inf
inf
2.813043000000000000e+06
inf
inf
inf
inf
8.780062000000000000e+06
inf
inf
inf
3.224562000000000000e+06
4.870636000000000000e+06
8.299957000000000000e+06
inf
9.191580000000000000e+06
7.408334000000000000e+06
inf
inf
inf
6.036605000000000000e+06
inf
9.054407000000000000e+06
5.007808000000000000e+06
1.097483000000000000e+07
inf
1.104341000000000000e+07
6.379537000000000000e+06
5.076395000000000000e+06
inf
inf
inf
inf
inf
2.332938000000000000e+06
2.675870000000000000e+06
inf
3.841840000000000000e+06
1.289525000000000000e+07
inf
1.255232000000000000e+07
1.070048000000000000e+07
inf
inf
4.939222000000000000e+06
inf
5.556500000000000000e+06
7.751266000000000000e+06
8.437130000000000000e+06
inf
7.751266000000000000e+06
inf
6.928228000000000000e+06
3.018802000000000000e+06
inf
inf
inf
inf
6.105192000000000000e+06
inf
9.122994000000000000e+06
inf
inf
3.293148000000000000e+06
5.899432000000000000e+06
inf
5.487914000000000000e+06
inf
3.361734000000000000e+06
inf
inf
inf
7.339747000000000000e+06
inf
1.310101000000000000e+07
inf
6.996815000000000000e+06
4.596290000000000000e+06
inf
inf
inf
inf
inf
2.950216000000000000e+06
inf
inf
6.653882000000000000e+06
inf
inf
inf
1.042614000000000000e+07
4.664876000000000000e+06
7.133988000000000000e+06
inf
inf
3.155975000000000000e+06
inf
inf
7.408334000000000000e+06
inf
4.939222000000000000e+06
inf
3.841840000000000000e+06
inf
6.448124000000000000e+06
5.282154000000000000e+06
inf
3.841840000000000000e+06
5.899432000000000000e+06
9.191580000000000000e+06
inf
inf
5.968018000000000000e+06
7.614092000000000000e+06
1.447274000000000000e+07
9.946031000000000000e+06
9.054407000000000000e+06
inf
inf
6.585296000000000000e+06
8.162784000000000000e+06
inf
inf
4.596290000000000000e+06
4.802050000000000000e+06
9.534512000000000000e+06
1.001462000000000000e+07
inf
inf
4.596290000000000000e+06
inf
9.740272000000000000e+06
8.574302000000000000e+06
inf
5.968018000000000000e+06
1.207221000000000000e+07
9.260167000000000000e+06
inf
3.017902000000000000e+07
9.808858000000000000e+06
6.105192000000000000e+06
3.361734000000000000e+06
inf
8.162784000000000000e+06
9.122994000000000000e+06
inf
inf
1.426698000000000000e+07
5.625086000000000000e+06
1.159211000000000000e+07
1.063190000000000000e+07
inf
inf
inf
inf
2.881630000000000000e+06
inf
6.859642000000000000e+06
inf
inf
7.271160000000000000e+06
inf
inf
inf
1.008320000000000000e+07
5.830846000000000000e+06
5.762260000000000000e+06
5.899432000000000000e+06
inf
1.138635000000000000e+07
inf
1.385546000000000000e+07
inf
inf
inf
inf
inf
1.467849000000000000e+07
inf
2.538698000000000000e+06
6.585296000000000000e+06
7.751266000000000000e+06
6.722469000000000000e+06
7.476920000000000000e+06
3.910426000000000000e+06
8.985821000000000000e+06
inf
inf
4.047599000000000000e+06
5.076395000000000000e+06
5.282154000000000000e+06
1.179786000000000000e+07
inf
inf
inf
inf
1.111200000000000000e+07
inf
inf
8.299957000000000000e+06
inf
inf
inf
1.921420000000000000e+06
1.762771000000000000e+07
1.138635000000000000e+07
inf
inf
inf
inf
inf
1.715660000000000000e+06
inf
inf
inf
1.399263000000000000e+07
2.401525000000000000e+06
inf
6.105192000000000000e+06
inf
6.105192000000000000e+06
2.950216000000000000e+06
5.693673000000000000e+06
inf
7.202574000000000000e+06
4.733463000000000000e+06
2.058593000000000000e+06
5.350740000000000000e+06
inf
inf
3.773253000000000000e+06
7.339747000000000000e+06
inf
inf
inf
5.419327000000000000e+06
inf
inf
inf
inf
inf
inf
inf
6.105192000000000000e+06
4.664876000000000000e+06
1.921420000000000000e+06
inf
inf
6.036605000000000000e+06
2.607284000000000000e+06
7.065401000000000000e+06
4.596290000000000000e+06
inf
2.401525000000000000e+06
6.996815000000000000e+06
3.293148000000000000e+06
inf
inf
6.379537000000000000e+06
5.968018000000000000e+06
inf
5.076395000000000000e+06
inf
4.047599000000000000e+06
inf
inf
inf
inf
inf
inf
inf
3.224562000000000000e+06
inf
inf
inf
inf
inf
inf
inf
inf
6.996815000000000000e+06
inf
inf
inf
inf
6.242364000000000000e+06
inf
inf
inf
3.773253000000000000e+06
