inf inf
inf inf
3.103186566168340654e+00 1.154462134463808098e+01
inf inf
4.668861387034660915e+00 -1.207446603511503724e+01
1.380064122442632657e+00 -5.943983466085219547e+00
inf inf
5.716600909567517430e-01 -2.680322964198263591e+01
inf inf
inf inf
9.637723610015828113e-01 -1.327034361554379061e+01
inf inf
inf inf
9.524740498352668894e+00 -6.612097554340290451e+00
inf inf
inf inf
inf inf
inf inf
3.908919182095547562e+00 5.838134784719512638e+00
1.197066552109223636e+01 1.485760091712525988e+00
1.317488321698009779e+00 2.452234779369876883e+00
5.517524685031860443e+00 1.310323630082306323e+01
inf inf
inf inf
inf inf
1.734972734415438367e-01 2.699071749241069256e+02
5.461476380176879530e+00 2.469966245733412169e+00
6.343332009484893064e+00 5.096915790557631887e+00
1.932159520222010221e-02 1.938471911278059679e+03
4.656735772125231709e-01 -2.590179403371486444e+01
1.912137214372092511e-02 3.784997950172205037e+03
-7.106167150385400699e-01 -1.520273347779507844e+02
6.006284022923565891e-01 2.720566204050713566e+01
inf inf
1.112834154573935308e+00 -3.607597054034346939e+01
6.532044834231308883e+00 2.480728177838846094e+01
1.175819789080706634e+01 -1.332293512822857906e+01
9.379340586959370452e-01 2.015350299386746968e+01
8.358068479071324441e-01 -3.175010886219206796e+01
4.430954499419778037e-01 -6.265515476164043029e+00
inf inf
6.846595959703984935e-01 -1.697422310393600853e+01
inf inf
5.654507942034642243e-01 -4.465040128157944821e+01
2.254662541593218883e+00 -2.499888514125080974e+01
inf inf
-6.678258668470511868e-03 -2.734934311170791716e+03
7.557727173742390114e+00 -1.621966286169650928e+01
1.533520412823836310e+01 -8.217577080196665662e+00
2.762624237582328446e-01 -4.032508216276741564e+01
9.778797498364221186e-01 -1.508401196016651014e+01
inf inf
6.909986383865061033e-01 9.062989694867711776e+00
-1.560561496655776537e-01 -1.720886977578136054e+02
1.897581824692437991e+01 1.102215032310340348e+01
5.733380974987988266e-01 6.312309920053358780e+01
3.848459524704679335e-01 -1.759631074238861004e+01
-1.350995629520725383e-01 -4.372459781313422695e+02
3.773497076469813361e-01 -4.047999259853320098e+00
5.949824483165373934e+00 -2.987800235787972269e+00
1.555945997866398978e+00 1.494067025074671662e+01
6.494775042300907630e-01 -6.822495186084945828e+01
2.608024994398397745e+00 3.827599917601455459e+00
1.885823785130569946e-02 3.693990246720956293e+03
7.765534328609923875e+00 -1.793630741042854737e+01
-4.942083755019448521e-01 -1.175361621538610422e+02
5.290862795165687249e-01 -2.831337107764331762e+01
9.960966854212826016e-01 1.577441098568027833e+01
2.105304126456945535e-01 -2.516799744525572891e+01
2.877065923085007526e+01 1.947683454901654443e+01
2.589712220764542217e+00 -1.396309413936922361e+01
inf inf
inf inf
4.903235717790985770e-01 -3.969284326901188820e+01
8.289838793892442936e+00 -1.478863669782289669e+01
5.297281422394412020e-01 -3.328627832319536139e+01
inf inf
inf inf
inf inf
2.620790930775524497e-01 -1.211759572242746152e+01
6.098451082322261518e-01 -2.966167422670869414e+01
inf inf
3.884922819836811314e-01 -2.972002488322085156e+01
8.487865984111101492e-01 -3.807372711169227486e+00
4.549753047082242818e-01 -3.308341735811334416e+01
1.657648522797743551e+00 -3.830673522612566018e+01
inf inf
4.235228963632161836e+00 8.815110219178635020e+00
inf inf
inf inf
inf inf
6.099106816341695048e-01 -2.553067554767933700e+01
inf inf
7.620862310001026430e-01 -6.007015665754663836e+00
6.613136433950416171e-01 -4.578645305832853296e+01
5.272555485981994527e-01 -4.630490134405366831e+01
inf inf
inf inf
7.370970201811646305e-01 -3.374643667660127733e+01
1.171477512799429022e+00 -4.513330417213555990e+01
1.201317600095618054e+01 2.522464461362273624e+01
5.375750926720412881e-01 -3.819751277770748743e+01
5.392382471187765480e-01 -4.838934649148441025e+01
inf inf
inf inf
1.219579960673876151e+01 -9.896994841408391252e+00
3.091877816501074960e+00 -1.843526807443702253e+01
1.211080891165791940e+01 -1.249647378022160993e+01
inf inf
inf inf
inf inf
inf inf
inf inf
inf inf
inf inf
inf inf
inf inf
4.989321824958145579e-01 -3.843813723631770074e+01
4.174191195436977031e-01 -4.318722145820521519e+01
6.445073766366119505e-01 -5.288145713524817637e+01
6.150160193406306597e-01 1.654184854826592854e+01
2.520721435757972140e-01 -2.022537200487586162e+01
8.255998154609851536e-01 1.777997364600628183e+00
3.963225588375821756e-02 1.235723868833602182e+03
inf inf
5.527301146828065281e-01 -2.955409265109812722e+01
6.892163869490610661e-01 -1.231494038142842484e+01
6.596751490310887034e-01 -4.055734429621844583e+01
5.188449191142751049e-01 -5.045490531099362386e+01
4.483456656347846736e-01 -3.790623535834829028e+01
3.710104830825348365e+00 -3.081279556616416393e+00
6.895661117594275025e-01 -3.829073904544461726e+01
inf inf
1.094411671594520963e-01 2.948192959546071990e+01
inf inf
5.747116360869495288e-01 -1.134209502958860138e+00
3.238292154027002212e+00 1.051500484795211676e+01
inf inf
6.703675647657268755e+00 -8.734406867216467418e+00
7.722788316932587271e-01 -1.321469654930292315e+01
inf inf
6.489807997217780233e-01 -6.046102042646306352e+00
6.372194814898141102e-01 -2.900378428305812406e+01
-4.003510635882771673e+00 -9.364325239366350218e+01
inf inf
inf inf
5.780463518268230683e-01 -4.012877733177548123e+01
inf inf
inf inf
4.229515530702548709e+00 -3.254493695987081026e+01
7.099190028327302393e+00 1.513941820051229392e+01
inf inf
inf inf
5.588161110221826489e-01 -4.541079243843576307e+01
inf inf
inf inf
inf inf
5.637844171322744513e-01 -2.017044748284642974e+00
1.148629946101664911e+00 1.636799467451795920e+01
2.089059016695918647e+00 -2.570322803318946026e+00
inf inf
inf inf
6.115601048984468102e-01 -2.815787218251877988e+01
inf inf
inf inf
inf inf
7.298800227723658551e-01 1.555462597493742383e+00
inf inf
inf inf
inf inf
8.940293734130992931e+00 6.828485085952077149e+00
1.297313697802683663e+01 3.885802039452217027e+00
8.074642861721271769e-01 -5.110466035214225933e+00
inf inf
1.341926323621120742e+00 3.690349781043172328e+01
inf inf
1.051239432804548679e+00 2.403665223993338174e+01
8.769573802512798943e-01 -3.413085882990770159e+01
inf inf
9.541772769165230983e+00 -3.634399972835412884e-02
inf inf
inf inf
inf inf
8.407426475444655933e-01 -4.145156794847813586e+01
inf inf
1.014821394528886866e+00 1.133921398858294571e+00
1.871657366222571639e+01 1.227865847504880215e+01
inf inf
4.317854392477501330e-02 1.052469593240030463e+03
5.324538800372890179e+00 1.226731866131312287e+01
8.256547401908180817e-01 -5.440049807692442130e+01
1.606754315358362439e-01 3.314883728785288497e+01
inf inf
1.492201225129433650e-01 1.088732771387524991e+02
3.833733532088681173e-01 -3.011886754300710578e+01
2.126378689248307197e-01 4.663359235549874882e+01
inf inf
6.617737080644483072e+00 -1.093479283704329497e+01
5.697161478401545631e-01 -8.104437689929651967e+00
inf inf
5.303897610513607086e-01 3.276588689089763307e+01
inf inf
inf inf
inf inf
7.221888792264352652e-01 -1.977699989646159651e+01
8.814931541139351401e-01 5.440215641232279964e+00
inf inf
inf inf
inf inf
inf inf
8.491790580240257125e-01 -1.657701038094247892e+01
9.608822273223232013e-01 -2.781831283202489757e+01
-3.832679874006166276e-01 -1.346401091370337895e+02
6.573859647555401198e-01 -4.595471375743579756e+01
4.275330321545211198e+00 -2.782915800211164381e+01
3.517253876051145145e+00 -9.094103514635607510e+00
1.067080313367695155e+00 2.120712490116486748e+01
3.056184308271248096e-01 1.051977846251472215e+01
4.708117016199563354e-01 -2.738707808240885910e+01
5.499575367390830971e-01 -4.256288292511539595e+01
1.160546931106192226e+00 6.670287123505114657e+00
9.077880882933736517e-02 3.870185509210377859e+02
4.048525655404291990e-01 -4.237803038110949672e+01
2.046646756820781898e-01 2.141719552406379705e+02
inf inf
1.294739815673696004e+00 1.677526050047963180e+00
inf inf
3.205241365986795188e+01 5.727985316873453137e+00
inf inf
7.710994912570187099e-01 -2.911800091992147799e+01
inf inf
inf inf
1.553521043021441006e+00 -3.155099988798140576e+00
9.116791691282001509e+00 -3.638187245043190021e+00
9.545056343256156373e-01 -2.735792012588904853e+01
3.658953794228354539e-01 -6.672042343408342902e+01
inf inf
1.503117935526105287e+00 2.271747096635634833e+01
7.441193990957328808e-01 -1.056911007172153205e+01
inf inf
inf inf
1.684098563293317863e+00 1.317428622876967159e-01
inf inf
inf inf
inf inf
3.484923666838963263e-01 -5.060102458825242167e+01
5.851088033759127560e-01 -6.680939045094376638e+01
inf inf
3.585413504176669930e-01 2.053038510196737931e+01
inf inf
inf inf
5.316039899001733238e-01 5.855980073337084946e+01
6.529973107049384939e-01 -2.472214593613055911e+01
2.337304223674944392e+00 3.616618843839651820e+00
inf inf
inf inf
inf inf
1.231494970069498152e+00 -7.183160156596157364e+00
inf inf
inf inf
inf inf
7.467513024763121621e-01 -4.582809479796431162e+00
4.819129002609423118e+00 -3.921505365552001798e+00
9.763019248806779515e+00 1.487498639859192018e+01
inf inf
inf inf
2.890849662344738835e-01 1.696987154165683762e+02
4.153025558476248769e-01 5.730486538995995360e+00
1.079894939396906572e+01 5.035103944615340943e+00
1.120597877227146100e+00 1.374129418283206583e+01
inf inf
inf inf
inf inf
4.306374563485938722e+00 -9.403197089150962640e+00
inf inf
inf inf
inf inf
inf inf
inf inf
1.319914817798141904e+00 -2.173224444554132972e+01
inf inf
inf inf
8.606821179344882111e+00 3.854097844363136183e+00
inf inf
inf inf
inf inf
7.280289753085226190e-01 -6.335834062359580088e+01
4.519475789761684403e-01 -5.022949087829898218e+01
inf inf
inf inf
inf inf
2.292666111100494508e-01 -5.029388200710748436e+01
inf inf
7.191884757451892929e-01 -5.036050924656864680e+01
inf inf
inf inf
inf inf
inf inf
3.159262053160024064e-01 -2.244811732537148785e+01
inf inf
inf inf
inf inf
inf inf
1.283590796088087460e+00 -5.017592880748633632e-01
4.451628335865928099e-01 8.940650116797738178e+01
inf inf
inf inf
inf inf
4.654367843721708420e-01 -1.217739950025695883e+01
1.086988566334740725e+00 -6.284750496086918048e+01
2.403498779476578306e+01 1.008491685618277423e+01
inf inf
inf inf
5.363734740928328693e-01 -2.933277775673456844e+01
inf inf
inf inf
inf inf
2.649955682088748765e-01 -3.800867064562130082e+01
inf inf
6.335122023401789093e-01 -1.041956059941872503e+01
inf inf
inf inf
9.033072391605509455e-02 2.947324168261746280e+01
9.617540032829085206e+00 -1.596793281196093162e+01
inf inf
inf inf
9.104240269602254187e+00 1.078198660369666584e+01
inf inf
inf inf
inf inf
6.856370179674480703e+00 1.566620544394166714e+01
5.474000339491709166e-01 -4.066987313112920610e+00
5.071955520535785800e-01 -6.426704065379780673e+01
inf inf
1.404191911733471798e+00 -2.017456168937668437e+00
4.503697540204240624e-01 -1.081096381480252333e+01
2.255420979252880653e-01 -5.125239002888519479e+01
inf inf
inf inf
inf inf
1.225218278430879382e+00 2.126084297451613025e+01
inf inf
inf inf
3.101930162973405847e-01 -1.002468157817867791e+02
inf inf
3.228292070116475787e-01 3.340157940202275455e+01
2.032306077998256855e-01 -6.756284010989570277e+01
inf inf
inf inf
7.370933772143899443e-01 -1.592802746167382466e+01
inf inf
8.899676756305220593e+00 6.789900145078604510e+00
1.261575072830494904e+01 -8.801110374184460738e+00
inf inf
1.073980512781206320e+00 -1.312640521908856428e+01
1.275038511242271522e+00 -5.031426287388966578e+00
inf inf
inf inf
inf inf
inf inf
3.223579878582053482e+01 -2.558191182238239936e+00
inf inf
inf inf
inf inf
inf inf
inf inf
inf inf
inf inf
-1.202306539472240698e-01 -5.918045465807234677e+02
9.099844049389890444e+00 9.289032713438033495e-01
2.125175109071605617e-01 -1.119182926255724375e+01
2.812849484230598662e+01 4.047977596709080750e+00
4.675887268801898422e+00 7.282760544782168388e+00
inf inf
inf inf
7.438066644095400193e-01 -4.840709117708439813e+00
1.247134226433078918e+00 -3.210250598922395682e+01
8.927062058463146321e-02 1.835471143318137877e+02
inf inf
inf inf
inf inf
inf inf
8.812674583108346837e+00 1.397025192597639887e+01
3.677210522219521494e+00 -1.297346330595458319e+01
