3.521566430889437438e+00 -1.016112162246857231e+01
inf inf
6.340380207706762528e-02 -1.268586300864477465e+02
1.854829138259705745e+00 8.925497544399595418e-01
inf inf
4.209758509238180402e+00 -1.935754619466166337e+00
inf inf
4.643339598424089054e+00 1.157400251014987091e+01
2.142543981238569373e+00 -8.588135168481777271e+00
inf inf
inf inf
5.645076190916352488e+00 -1.086321160661036878e+01
4.310054202518847077e+00 1.151868719076115433e+01
3.277594226834145807e+00 -6.657806484269095826e+00
inf inf
inf inf
inf inf
2.823604051143933447e+01 2.144347294168089224e+00
inf inf
inf inf
3.293823700392844778e+00 1.414149870442323831e+01
7.062276275027855377e+00 1.149219690776274394e+00
inf inf
inf inf
inf inf
inf inf
inf inf
1.329848419142941829e+00 -4.788365282105416298e+01
4.135600554631091441e+00 1.591392046810550553e+01
3.409099474537723662e+00 1.100371411458403692e+01
2.032693282943238255e+00 2.568176686725724878e+01
2.951343717405919609e+00 -6.942829184980249480e+00
1.374636522701565777e+00 -2.130368505580240068e+01
4.399362341780951979e+00 3.516635328042157482e+01
1.520903186495372150e+00 -8.028026222541623014e+00
1.583278927295523664e+00 -1.111074541705665197e+01
2.005237801289600608e+00 -9.204622991904143348e-01
3.964614525851703153e+00 -2.011991031521905837e-01
2.055974344588776592e+00 -4.761400451800472666e+00
5.225366841310863819e+00 8.185038764272709599e+00
inf inf
1.587023736987083877e+00 2.800857395968734309e+01
1.820027755277225268e+00 -5.237629224466787470e+00
1.732115954806113134e+00 1.200779054371840182e+01
inf inf
inf inf
1.180448028087567547e+00 -1.782378062479046932e+01
8.168947032932567254e+01 -2.634632064362619541e+00
inf inf
inf inf
inf inf
1.244416877905368146e+00 1.790283622850403589e+01
2.847333108911781707e+00 6.598078487112750246e+00
7.292327757470560279e+00 2.112327085468706400e+00
7.201111143499442591e+00 1.176444906981148897e+01
inf inf
inf inf
9.186717535763973430e+00 5.773393639354974738e+00
inf inf
1.528525717008762941e+00 -1.872363552796041475e+01
inf inf
inf inf
1.586523881664525604e+01 7.714606798138110122e+00
inf inf
inf inf
inf inf
inf inf
inf inf
4.082999045018243400e+00 1.645555473661032053e+01
1.314476060972382676e+00 1.027350148692922716e+01
3.689736764742205910e+00 -1.329517660607151974e+01
inf inf
inf inf
1.536779540303529368e+00 -3.987809857649312306e+01
2.727508602209246735e+00 1.131139214813827465e+01
inf inf
2.916899243614865966e+00 3.454941583349325107e+00
4.062971990294930436e+01 -7.116697981150172936e+00
inf inf
inf inf
2.603731708664493105e+00 2.431388125651483634e+01
9.924744691530440477e+00 7.046206647702405235e+00
1.889655924531077558e+00 1.414346416625482661e+01
4.157794481826820032e+01 -3.790656510951849079e+00
1.422198104008366393e+01 3.004526770215770970e+00
inf inf
inf inf
inf inf
inf inf
inf inf
3.119281070819143853e+00 1.657003087714311462e+01
inf inf
inf inf
inf inf
2.956101992009508628e+00 1.660795951086763367e+01
9.170649043268014333e-01 -2.718039820977302412e+01
inf inf
5.122091805397248621e-01 -4.218865118957070948e+00
4.058760096926976146e+00 -1.692851536804871770e+00
3.550018816194941085e+00 -6.575156023256942817e+00
inf inf
inf inf
inf inf
4.118608196447571856e+01 -1.105606314525841904e+00
inf inf
7.283985934937483364e+00 1.195032382266003879e+01
1.907877549267497486e+01 -2.226202036948485397e+00
1.023824555692896077e+01 1.440745953925359402e+01
inf inf
inf inf
inf inf
inf inf
inf inf
1.283028950710929728e+01 1.753551233065785836e-02
inf inf
inf inf
2.460642140177930148e+00 1.202402638599954976e+01
inf inf
inf inf
1.525380761774205673e+00 4.918854908724083153e+00
inf inf
2.893600778611191249e+00 -4.902717473851614471e+01
7.976294468883767808e-01 -4.356714942986222638e+01
4.799649684057637894e-02 -1.702099219053076524e+02
8.486152371529675165e+00 5.862293579925421660e+00
inf inf
1.987725251117445069e+01 1.486759804787292083e+00
-6.269307138678727187e-02 -1.372368284485356753e+02
1.089479945298589136e+01 8.596793012114899213e+00
1.589854140558320594e+01 8.085124231734383216e+00
inf inf
inf inf
inf inf
2.751505306783248894e+00 2.161445926411829888e+01
inf inf
inf inf
inf inf
8.309380427918771517e+00 9.119712332904464702e+00
inf inf
1.484525073300841846e+01 1.381668034525696775e+01
inf inf
1.599403377201865162e+01 -1.127770104661184325e+00
4.239352358347804994e+00 2.739272295585437078e+01
2.340838966624074313e+00 -3.778207936403051548e+01
inf inf
inf inf
inf inf
4.953122039867573212e-02 -1.522028919497627726e+02
inf inf
1.629435369887498197e+01 2.439500194124367471e+00
inf inf
2.699313842744001946e+01 2.843940612890683006e+00
inf inf
inf inf
inf inf
inf inf
inf inf
1.072965968939284132e+01 -1.443084037350408577e+00
inf inf
inf inf
inf inf
inf inf
7.741847936763705640e+00 -7.893445667962619261e+00
inf inf
inf inf
2.534691885195327288e+00 -1.946096429668512373e+00
4.931648260824472274e+00 2.886904306065142833e+01
4.508935849493090231e+00 1.301139853959158899e+01
3.643936740117840412e+00 -9.086386703002032661e+00
inf inf
inf inf
inf inf
2.338472685351353775e+01 -1.842064469719704167e+00
1.035625590389560102e+01 4.874261421286012030e+00
inf inf
8.738546257075936907e+00 5.143106657849681795e+00
inf inf
inf inf
inf inf
2.158604614153428969e+00 -1.589307836684205633e+01
1.342022208507915426e+00 -1.274617709498640572e+01
inf inf
inf inf
inf inf
2.181316557918025367e+00 5.745330248362368941e+00
inf inf
1.924749234811303777e+00 2.487207886097364096e+01
4.741028156376425606e+00 2.384118186719583576e+01
1.521138973928166438e+00 1.846334850465976007e+00
inf inf
inf inf
2.133357955486291591e+00 -1.189448375132591629e+01
1.390829168508857272e+01 1.552652066019821397e+01
3.093620801696979061e+00 2.993439367147176355e+01
3.193400709968405415e+00 -3.699498460163746927e+01
6.272838897582799333e+00 1.101381738616237094e+01
inf inf
inf inf
inf inf
inf inf
inf inf
inf inf
inf inf
inf inf
inf inf
inf inf
inf inf
inf inf
inf inf
inf inf
inf inf
inf inf
inf inf
inf inf
inf inf
1.753501734610904972e+00 -5.985055673445036639e+00
inf inf
4.961156917689030443e+00 -4.169318590323563889e+00
6.694020655496291106e-01 -4.267690209093227338e+01
inf inf
inf inf
inf inf
3.127650261536383702e+00 -2.040732408600208547e+00
inf inf
inf inf
inf inf
1.452406810953898209e+01 -4.972315892663180747e+00
1.173022422185458957e+01 -8.141517830768253416e-01
inf inf
inf inf
inf inf
1.075224419566399980e+01 -2.251588515116995370e-01
inf inf
1.327022619040631390e+01 2.175712345772252032e+00
1.288237972290210198e+00 1.607449393918765423e+01
inf inf
inf inf
inf inf
inf inf
7.202135274985811186e+00 2.346016792249606020e+00
-1.051892649587843342e-02 -1.111931135364964803e+03
1.958084665570251737e+00 -2.464008404655497753e+00
2.733156693672308624e+00 -3.264756797684690071e+01
inf inf
inf inf
inf inf
inf inf
inf inf
6.508218614608007435e+00 9.807286687557878579e+00
inf inf
1.315264194501464345e+01 -8.091653404900396751e+00
1.145729311056227218e+01 4.499663741248784987e+00
7.514538606024537160e+00 6.855304023598492336e+00
inf inf
inf inf
2.333313277377722983e+00 6.924682873302370645e+00
inf inf
inf inf
2.370056818988186986e+00 -2.531535061021331634e-01
1.790123733413748530e+00 -3.283854923551823646e+01
inf inf
inf inf
inf inf
6.436977406684446734e+00 1.568411634453045878e+00
inf inf
inf inf
2.728487120055342441e+00 1.067734575425572352e+01
inf inf
1.953156806469612405e+01 -6.295904506091430264e+00
inf inf
1.206022964615006465e+00 -1.057105296706250819e+01
4.741050640392339943e+01 -9.422721686169573951e-01
inf inf
inf inf
inf inf
inf inf
inf inf
inf inf
inf inf
inf inf
inf inf
inf inf
inf inf
inf inf
inf inf
6.270235270996033172e+00 2.293610054281543409e+00
inf inf
inf inf
inf inf
inf inf
inf inf
inf inf
1.808929325025388613e+00 1.603698429215626442e-01
inf inf
inf inf
inf inf
inf inf
inf inf
inf inf
inf inf
inf inf
inf inf
3.181530356573492924e+00 -1.448836363192544496e+01
inf inf
inf inf
inf inf
2.304819124012695042e+01 1.582255096296314001e+00
inf inf
2.984718025021345422e+00 2.834558891924474366e+01
inf inf
inf inf
3.042507138854995130e+00 9.617146949849660231e+00
2.614241105418296840e+01 -3.536755903943706869e-01
3.479117956202648076e-01 -5.065616837300622421e+01
4.488818970985853696e+00 5.558520021442197034e-01
1.783993681210080950e+00 9.102624486618601907e+00
inf inf
inf inf
1.745978712008138922e+00 -1.258172812250852246e+01
1.112434399244808958e+01 8.599039759928747140e-01
inf inf
inf inf
1.600422203470996863e+01 1.264782795818654826e+00
1.312187168503497148e+01 4.822654837548664974e-01
inf inf
inf inf
inf inf
2.059136155817785507e+01 -7.799776653950494243e+00
2.300075529983790779e-01 -8.283163662265519633e+01
inf inf
9.780704113731608640e-01 5.831612010770314214e+00
inf inf
inf inf
1.098728286300963397e+01 -9.875931647654349055e-01
inf inf
3.349104611375178564e+01 -2.872646641108697052e-01
inf inf
inf inf
inf inf
2.050650601195467271e+00 -2.561526974266615753e+01
inf inf
inf inf
1.499551230959213388e+00 -9.830226406516655580e-01
3.611363127326279177e+00 1.157081526456457787e+01
3.941372200712977669e+00 1.704491132467229164e+01
7.537345566510561312e+00 -5.806838044771733109e+01
3.480090017964275972e+00 -1.176629870652575960e+01
inf inf
inf inf
inf inf
inf inf
inf inf
inf inf
inf inf
1.139730345437220471e+01 1.818636095046103307e+01
1.080597706390527080e+01 1.119629808947978145e+00
inf inf
inf inf
inf inf
inf inf
inf inf
inf inf
inf inf
inf inf
inf inf
inf inf
inf inf
1.371022041706489780e+01 -6.680436591741414354e+00
1.329531678024888208e+01 -1.535782118254065942e+01
inf inf
inf inf
inf inf
inf inf
inf inf
2.498906959848835996e+01 -5.229228497838160628e-02
inf inf
1.926403564351682007e+01 -3.349926468823510861e-02
inf inf
5.833969292768843573e+00 1.029110391251968792e+01
inf inf
inf inf
inf inf
inf inf
1.991257753874726788e+01 1.487369079451404019e+01
