inf
inf
2.596741000000000000e+08
inf
2.512490000000000000e+08
8.224632000000000000e+08
inf
3.572171000000000000e+09
inf
inf
1.131116000000000000e+09
inf
inf
9.567315000000000000e+07
inf
inf
inf
inf
2.273927000000000000e+08
9.022154000000000000e+07
8.277255000000000000e+08
1.548380000000000000e+08
inf
inf
inf
1.966191000000000000e+09
1.695090000000000000e+08
1.398168000000000000e+08
3.119527000000000000e+09
3.282692000000000000e+09
2.113071000000000000e+09
4.722834000000000000e+09
1.277406000000000000e+09
inf
1.561240000000000000e+09
1.324617000000000000e+08
8.441929000000000000e+07
8.110512000000000000e+08
1.827645000000000000e+09
2.346301000000000000e+09
inf
1.639205000000000000e+09
inf
3.721263000000000000e+09
5.541576000000000000e+08
inf
5.668213000000000000e+09
1.598420000000000000e+08
7.048922000000000000e+07
7.817298000000000000e+09
1.097256000000000000e+09
inf
1.325658000000000000e+09
8.968972000000000000e+09
4.749450000000000000e+07
9.829857000000000000e+08
3.308826000000000000e+09
2.588261000000000000e+09
2.684215000000000000e+09
1.748827000000000000e+08
5.488220000000000000e+08
8.437084000000000000e+09
3.783603000000000000e+08
1.546601000000000000e+09
1.462959000000000000e+08
9.760059000000000000e+09
2.811163000000000000e+09
8.656258000000000000e+08
6.374686000000000000e+09
3.076168000000000000e+07
5.033799000000000000e+08
inf
inf
3.865144000000000000e+09
1.441323000000000000e+08
3.014070000000000000e+09
inf
inf
inf
4.695943000000000000e+09
2.355516000000000000e+09
inf
2.903961000000000000e+09
1.187509000000000000e+09
3.402682000000000000e+09
1.006990000000000000e+09
inf
2.213581000000000000e+08
inf
inf
inf
2.261069000000000000e+09
inf
1.407080000000000000e+09
2.841430000000000000e+09
3.524466000000000000e+09
inf
inf
2.336332000000000000e+09
1.806627000000000000e+09
6.917238000000000000e+07
3.393930000000000000e+09
4.389754000000000000e+09
inf
inf
7.550946000000000000e+07
3.997455000000000000e+08
8.406809000000000000e+07
inf
inf
inf
inf
inf
inf
inf
inf
inf
3.479852000000000000e+09
5.307964000000000000e+09
3.434565000000000000e+09
1.284869000000000000e+09
5.403603000000000000e+09
1.178810000000000000e+09
1.720417000000000000e+09
inf
2.621295000000000000e+09
1.581827000000000000e+09
2.782708000000000000e+09
4.854893000000000000e+09
3.463412000000000000e+09
2.439192000000000000e+08
2.054749000000000000e+09
inf
1.184524000000000000e+10
inf
1.818077000000000000e+09
2.969658000000000000e+08
inf
1.656199000000000000e+08
1.452940000000000000e+09
inf
1.528330000000000000e+09
2.358041000000000000e+09
3.438145000000000000e+09
inf
inf
3.175072000000000000e+09
inf
inf
2.850514000000000000e+08
1.255767000000000000e+08
inf
inf
3.198158000000000000e+09
inf
inf
inf
1.709773000000000000e+09
6.755196000000000000e+08
4.738097000000000000e+08
inf
inf
2.419435000000000000e+09
inf
inf
inf
1.306495000000000000e+09
inf
inf
inf
1.024941000000000000e+08
7.167393000000000000e+07
1.238994000000000000e+09
inf
6.122822000000000000e+08
inf
7.976546000000000000e+08
1.651928000000000000e+09
inf
1.069958000000000000e+08
inf
inf
inf
2.679854000000000000e+09
inf
9.176356000000000000e+08
4.766882000000000000e+07
inf
2.518845000000000000e+09
1.729992000000000000e+08
4.035352000000000000e+09
5.265603000000000000e+09
inf
2.761741000000000000e+09
3.822596000000000000e+09
3.941633000000000000e+09
inf
1.700990000000000000e+08
2.049006000000000000e+09
inf
1.347590000000000000e+09
inf
inf
inf
2.431920000000000000e+09
1.033166000000000000e+09
inf
inf
inf
inf
1.603354000000000000e+09
1.533659000000000000e+09
7.661838000000000000e+09
3.235802000000000000e+09
3.224573000000000000e+08
2.858913000000000000e+08
7.395807000000000000e+08
3.122480000000000000e+09
3.193514000000000000e+09
2.932356000000000000e+09
7.276718000000000000e+08
2.509624000000000000e+09
4.386835000000000000e+09
1.514647000000000000e+09
inf
6.838516000000000000e+08
inf
2.847689000000000000e+07
inf
1.954904000000000000e+09
inf
inf
6.416845000000000000e+08
1.108203000000000000e+08
1.329398000000000000e+09
9.674194000000000000e+09
inf
5.322309000000000000e+08
1.462602000000000000e+09
inf
inf
5.584435000000000000e+08
inf
inf
inf
6.908691000000000000e+09
2.356357000000000000e+10
inf
2.221481000000000000e+09
inf
inf
1.479908000000000000e+09
1.987888000000000000e+09
4.012040000000000000e+08
inf
inf
inf
8.527595000000000000e+08
inf
inf
inf
1.420715000000000000e+09
1.978173000000000000e+08
9.279313000000000000e+07
inf
inf
1.387732000000000000e+09
2.323169000000000000e+09
8.762891000000000000e+07
7.638995000000000000e+08
inf
inf
inf
2.352073000000000000e+08
inf
inf
inf
inf
inf
9.455145000000000000e+08
inf
inf
1.158113000000000000e+08
inf
inf
inf
4.175823000000000000e+09
4.833553000000000000e+09
inf
inf
inf
1.069335000000000000e+10
inf
3.539592000000000000e+09
inf
inf
inf
inf
4.389754000000000000e+09
inf
inf
inf
inf
7.415758000000000000e+08
1.198565000000000000e+09
inf
inf
inf
2.853411000000000000e+09
2.852486000000000000e+09
3.786309000000000000e+07
inf
inf
2.332202000000000000e+09
inf
inf
inf
3.967408000000000000e+09
inf
2.466698000000000000e+09
inf
inf
6.671183000000000000e+09
1.201501000000000000e+08
inf
inf
1.064992000000000000e+08
inf
inf
inf
1.285613000000000000e+08
2.038875000000000000e+09
7.011477000000000000e+09
inf
7.073113000000000000e+08
2.278246000000000000e+09
1.045610000000000000e+10
inf
inf
inf
4.122337000000000000e+08
inf
inf
2.323169000000000000e+10
inf
4.811523000000000000e+09
3.566378000000000000e+10
inf
inf
1.465201000000000000e+09
inf
8.825632000000000000e+07
7.765075000000000000e+07
inf
1.083383000000000000e+09
7.536897000000000000e+08
inf
inf
inf
inf
2.921900000000000000e+07
inf
inf
inf
inf
inf
inf
inf
2.704432000000000000e+09
1.110082000000000000e+08
4.919142000000000000e+10
3.173717000000000000e+07
1.920484000000000000e+08
inf
inf
1.523873000000000000e+09
1.301341000000000000e+09
2.965303000000000000e+09
inf
inf
inf
inf
1.063878000000000000e+08
3.156540000000000000e+08
