5.419327000000000000e+06
inf
9.671685000000000000e+06
5.762260000000000000e+06
inf
7.888438000000000000e+06
inf
3.910426000000000000e+06
4.596290000000000000e+06
inf
inf
9.808858000000000000e+06
4.253358000000000000e+06
4.802050000000000000e+06
inf
inf
inf
3.018802000000000000e+06
inf
inf
7.202574000000000000e+06
7.065401000000000000e+06
inf
inf
inf
inf
inf
7.545506000000000000e+06
6.448124000000000000e+06
5.350740000000000000e+06
5.625086000000000000e+06
6.173778000000000000e+06
6.379537000000000000e+06
4.870636000000000000e+06
1.289525000000000000e+07
7.271160000000000000e+06
4.459118000000000000e+06
5.350740000000000000e+06
7.133988000000000000e+06
5.076395000000000000e+06
inf
8.848648000000000000e+06
3.087389000000000000e+06
6.722469000000000000e+06
inf
inf
6.928228000000000000e+06
2.127179000000000000e+06
inf
inf
inf
5.144982000000000000e+06
5.899432000000000000e+06
4.664876000000000000e+06
3.979012000000000000e+06
inf
inf
3.498908000000000000e+06
inf
1.495284000000000000e+07
inf
inf
3.018802000000000000e+06
inf
inf
inf
inf
inf
6.791056000000000000e+06
6.722469000000000000e+06
7.065401000000000000e+06
inf
inf
1.303242000000000000e+07
7.957024000000000000e+06
inf
1.056331000000000000e+07
2.195766000000000000e+06
inf
inf
7.271160000000000000e+06
2.950216000000000000e+06
1.056331000000000000e+07
2.195766000000000000e+06
4.527704000000000000e+06
inf
inf
inf
inf
inf
5.830846000000000000e+06
inf
inf
inf
6.036605000000000000e+06
3.841840000000000000e+06
inf
8.642889000000000000e+06
1.344394000000000000e+07
6.242364000000000000e+06
inf
inf
inf
2.058593000000000000e+06
inf
5.693673000000000000e+06
3.361734000000000000e+06
4.390531000000000000e+06
inf
inf
inf
inf
inf
3.704667000000000000e+06
inf
inf
1.008320000000000000e+07
inf
inf
9.397340000000000000e+06
inf
6.379537000000000000e+06
4.939222000000000000e+06
6.722469000000000000e+06
5.693673000000000000e+06
inf
3.361734000000000000e+06
7.133988000000000000e+06
3.018802000000000000e+06
3.361734000000000000e+06
inf
inf
inf
8.299957000000000000e+06
inf
inf
inf
7.545506000000000000e+06
inf
2.744457000000000000e+06
inf
1.049472000000000000e+07
7.751266000000000000e+06
5.830846000000000000e+06
inf
inf
inf
1.639315000000000000e+07
inf
5.487914000000000000e+06
inf
3.087389000000000000e+06
inf
inf
inf
inf
inf
4.733463000000000000e+06
inf
inf
inf
inf
7.271160000000000000e+06
inf
inf
8.231370000000000000e+06
4.459118000000000000e+06
7.614092000000000000e+06
6.722469000000000000e+06
inf
inf
inf
3.293148000000000000e+06
5.076395000000000000e+06
inf
4.253358000000000000e+06
inf
inf
inf
1.385546000000000000e+07
8.985821000000000000e+06
inf
inf
inf
1.063190000000000000e+07
inf
6.036605000000000000e+06
7.751266000000000000e+06
9.328753000000000000e+06
inf
inf
7.545506000000000000e+06
3.636080000000000000e+06
5.144982000000000000e+06
7.819852000000000000e+06
6.585296000000000000e+06
inf
inf
inf
inf
inf
inf
inf
inf
inf
inf
inf
inf
inf
inf
inf
inf
inf
inf
inf
2.407483000000000000e+07
inf
7.682679000000000000e+06
1.282666000000000000e+07
inf
inf
inf
2.023399000000000000e+07
inf
inf
inf
5.693673000000000000e+06
6.242364000000000000e+06
inf
inf
inf
4.870636000000000000e+06
inf
5.762260000000000000e+06
5.830846000000000000e+06
inf
inf
inf
inf
1.268949000000000000e+07
6.928228000000000000e+06
7.065401000000000000e+06
7.408334000000000000e+06
inf
inf
inf
inf
inf
3.841840000000000000e+06
inf
4.664876000000000000e+06
3.910426000000000000e+06
3.910426000000000000e+06
inf
inf
5.144982000000000000e+06
inf
inf
1.701043000000000000e+07
6.242364000000000000e+06
inf
inf
inf
7.751266000000000000e+06
inf
inf
6.585296000000000000e+06
inf
2.332938000000000000e+06
inf
1.323818000000000000e+07
1.509901000000000000e+06
inf
inf
inf
inf
inf
inf
inf
inf
inf
inf
inf
inf
inf
4.253358000000000000e+06
inf
inf
inf
inf
inf
inf
1.303242000000000000e+07
inf
inf
inf
inf
inf
inf
inf
inf
inf
8.025611000000000000e+06
inf
inf
inf
2.607284000000000000e+06
inf
3.923243000000000000e+07
inf
inf
5.556500000000000000e+06
3.155975000000000000e+06
5.144982000000000000e+06
4.596290000000000000e+06
6.859642000000000000e+06
inf
inf
5.625086000000000000e+06
3.841840000000000000e+06
inf
inf
3.636080000000000000e+06
5.007808000000000000e+06
inf
inf
inf
3.361734000000000000e+06
6.791056000000000000e+06
inf
1.159211000000000000e+07
inf
inf
5.419327000000000000e+06
inf
2.813043000000000000e+06
inf
inf
inf
5.968018000000000000e+06
inf
inf
1.035755000000000000e+07
8.437130000000000000e+06
7.202574000000000000e+06
4.733463000000000000e+06
5.350740000000000000e+06
inf
inf
inf
inf
inf
inf
inf
3.636080000000000000e+06
6.036605000000000000e+06
inf
inf
inf
inf
inf
inf
inf
inf
inf
inf
inf
3.773253000000000000e+06
3.155975000000000000e+06
inf
inf
inf
inf
inf
2.744457000000000000e+06
inf
3.224562000000000000e+06
inf
8.917235000000000000e+06
inf
inf
inf
inf
3.567494000000000000e+06
