2.528223542419353320e-01 -4.776006516918168643e+01
4.922871766794564841e-01 -1.536470210930908209e+01
3.226341164740072487e-01 3.432641378663372222e+01
3.852056019006231957e-01 -1.809090969879108002e+01
7.411184669207411257e-01 1.270535199447527241e-01
5.696019371393501451e-01 -2.534513781422991485e+01
3.132474393300621052e-01 4.196805608136251919e+01
inf inf
1.993925077095590470e-01 2.240308852687485697e+01
4.930464303626803102e-01 -5.459232048128335890e+01
6.199467717558988511e-01 -3.821170982950673078e+01
9.178511116086718324e-01 1.822436142226553457e+01
2.945184754192514909e+00 -8.048488919082642523e-01
6.965243123270719039e-01 -3.003998269470079663e+01
6.358141913367962861e-01 -4.519431518455219532e+01
inf inf
inf inf
7.656725345565043028e-01 -1.993590715974755767e+01
1.178676645247932031e+00 1.946180288122270596e+01
9.094290094304927630e-01 -3.955375365750091277e+01
1.088365173911455042e+00 2.196475918444882325e+00
9.082245888927024946e-02 5.773881565267942051e+02
3.824895507857558608e-01 -2.268536765150132695e+01
3.215397245660998604e-01 -3.403239936769949026e+01
inf inf
1.844137377261056976e-01 8.226667893431763900e+01
3.075571066424475641e-01 6.543055499809184994e+01
4.596302863718605969e-01 -1.550481694471764982e+01
1.213769743445930471e+00 7.367181212132978274e+00
2.971455071974699602e-01 7.689216994460520027e+01
inf inf
5.257841580310037566e-01 -4.285562587549962643e+01
3.451172881116836844e-01 -1.884501144928736949e+01
5.364611454085087272e-02 9.385475931434237964e+02
2.475812723797123915e+00 2.201223188224727778e+01
4.641973165676962498e-01 -2.141563174708744555e+01
3.047140454382424868e-01 -4.666474206684576131e+01
inf inf
4.915429396587288058e-01 -3.041659759594873691e+01
6.017055967594653332e-01 5.204962572534241438e+00
4.723882744175441628e-01 -2.759164604454068481e+01
4.727663560866880488e+01 5.385797100069201093e+00
1.358192284490082447e+00 -1.805281212206875807e+01
4.516094238018775742e-01 -2.395571715892258169e+01
6.240707402367736689e-01 -2.967270408937727666e+01
inf inf
1.354149883151663936e+01 1.594734820398547548e+01
5.620392932894637816e-01 -1.472353428644787421e+01
3.394958636603838675e-01 7.465213232191706538e+01
3.050691123178277397e-01 -3.088323568465167668e+01
1.322272568141586335e+00 3.465756965968975578e+01
inf inf
8.973536479865110715e-01 -1.384012961068833469e+01
2.403531913496850803e-01 8.141591691545750109e+01
3.466293397166844148e-01 3.479132201752937448e+01
3.763856283376126322e-01 -4.608795667507479266e+01
4.771714322792145468e-01 -3.876026793951213278e+01
inf inf
2.756772935333750008e-01 2.696071286561500102e+01
1.507066634422504492e-01 5.895891101906421738e+01
3.910876426346855395e-01 -2.228381981603074635e+01
6.803616398998227233e+00 -4.591975832008816205e+00
8.633738879528392030e-01 -2.893979930969828374e+01
5.937718869690166157e-01 -1.547479330782710960e+01
2.216742273112815198e+01 1.674551388072113056e+01
inf inf
1.031509086367984906e+01 1.139932447725342612e+01
4.898102694234088283e-01 -1.649453688520554095e+01
inf inf
4.021069257115225670e-01 -5.596472525751719473e+01
9.172559184717862246e-01 -2.561563564057330566e+01
6.256448232887216188e-01 -5.903219880479519333e+01
6.063957074507146938e-01 3.450507390683058162e+01
6.158618185289861380e-01 2.586063281234679767e+00
1.159389215869162770e+00 -8.363667479751255485e+01
4.796881968450654177e-01 -4.839205209082123815e+01
2.356800621178943844e-01 -5.355135877102558339e+01
1.312050697911830177e+01 1.623053503082759619e+01
2.328758042502650127e+01 1.024982238286767178e+01
inf inf
1.045862222895903670e+01 4.742323043140630467e+00
6.375986480063325912e-01 -1.686925251024041827e+01
1.055444720125652935e+00 -7.428333420074183380e+01
3.854193437415749934e-01 -1.558835399769521857e+01
5.185612837129260910e-01 -2.735547994938692185e+01
1.055397845683842428e+00 2.062078171302684737e+01
8.461019192292976165e-02 -1.228578022159080234e+02
1.933270391448174141e-01 -1.348420590581048017e+01
1.865434372904167110e-02 -3.232468734075631573e+02
1.585387062173200512e+01 1.517197807781808194e+01
inf inf
inf inf
1.769747357421936584e+01 2.047713150349051148e+01
5.543594633350504841e-01 -3.092255517555963351e+01
3.212158137526283652e-01 -1.244363436629220132e+01
3.885725621805166674e-01 -1.131646481566954598e+01
3.740280123256944922e-01 -3.631211240878717916e+01
7.434175600517156646e-01 -4.412791048639066105e+01
4.232947347805931515e-01 2.387285168209923114e+01
1.623012952066556824e+00 -4.468072986122236046e+01
1.282191341655974526e+01 1.145633210394968771e+01
inf inf
3.575369100519600746e-02 6.567996212382895465e+02
5.759720895758618786e-01 2.465250547306065965e+00
4.144176417630409115e-01 3.492797134838277806e+00
inf inf
2.858628094056256330e+01 4.277321798910996620e+00
6.504886984763995628e-01 -5.122423856807883880e+01
5.596332590666928120e-01 7.349225983781003668e-01
2.119569295722389768e+01 -5.105006479011739096e+00
6.515360755998561793e+00 1.494101414901496172e+00
4.093187129610281194e-01 -2.404429437303051387e+01
inf inf
inf inf
1.653560492492662515e-01 2.288090256211798135e+01
inf inf
inf inf
4.527440940475085940e-01 -1.975005349777266872e+01
4.061969312734804660e+00 -2.170371300415666838e+00
inf inf
inf inf
6.002412616521167754e-01 3.508311586629471179e+01
6.525548228247212146e-01 -4.033618650647361648e+01
-4.951605518939340977e-01 -7.915974756341185525e+01
6.538483609390050022e-01 -2.181132265408633142e+00
inf inf
4.554633000649263153e+01 1.151043506225741631e+01
8.877674036082685571e-01 -2.289012565116492226e+01
3.702578476406434560e-01 -3.730075588719044788e+01
inf inf
6.123424461418873754e-01 -2.370639409429841038e+01
7.248653857647050502e-01 -3.922375693897348725e+01
3.998780039006240572e-01 -1.537760744576376126e+01
6.382506799124801899e-01 -2.596514928050601156e+01
1.072464086131185468e+01 2.065381628975129225e+00
2.004741368577710858e+01 1.982429532173525244e+00
1.316500948996795550e+01 4.026137758900221186e+00
7.105448227635655645e-01 2.804945989301197429e+01
1.595148369960769230e+01 -4.803704688881525797e+00
inf inf
inf inf
6.394849934326195529e-01 2.552998896691935915e-01
7.010353458094870094e-01 -2.089459033159357659e+01
2.523982387833952346e-01 -4.265122617360309221e+01
3.929592520837565384e-01 -3.940589814972546634e+01
5.278869118084054124e-01 -1.711642588228095363e+01
3.533475419007742757e-01 -1.972913992882790168e+01
3.186792608745159794e-01 -8.998461529653692281e+00
1.459312019709662778e+01 1.765252847660436686e+01
inf inf
4.297194805041247290e-01 -1.339870896285095370e+00
inf inf
4.517986056808025452e-01 -3.565020645569845925e+01
6.717732036245355198e-01 1.305755875263186461e+01
1.084409125399522900e+01 8.589019074070364468e+00
1.424306649696022298e+01 1.336354896190081298e+01
2.593852041405085984e+01 1.221133450470756365e+01
7.951115084680486778e-01 -7.247442271958684401e+00
inf inf
inf inf
inf inf
1.247598915826718224e+00 -3.019724545569619067e+01
9.520804710278541805e+00 3.192786058726831744e+00
1.900341124144571836e+01 9.288505489646894375e+00
1.110638547336368021e+01 -1.562646940074047253e+00
inf inf
4.990543584449593228e-01 1.335242474568362638e+02
2.383269243111663660e-01 -1.977789499222393133e+01
1.178188673888121984e+00 -4.837749094599409716e+01
inf inf
inf inf
3.990206507119338775e-01 7.502247762166585687e+01
1.621365455779544718e+01 -6.352644303342580123e+00
7.130382904511515241e-01 -2.355232306229954986e+01
inf inf
inf inf
2.333478958403413372e+01 7.249140535846372302e+00
inf inf
1.425935957576870139e-01 1.035177064200620123e+02
7.332518409122850134e-01 -7.869227168403922335e+00
inf inf
2.051816163541655769e+01 1.877950761840399352e+01
inf inf
1.519970606882474939e+01 1.819867422367308052e+01
2.160544069763586372e-01 1.620229950411764150e+02
inf inf
inf inf
inf inf
inf inf
5.524463124644946044e-01 -5.777307610070817390e+00
inf inf
3.694935416223740776e-01 1.401252262259084773e+02
8.200263970316432616e-01 -2.825350016569589684e+01
6.439798875114167709e-01 7.802885069880846736e+00
inf inf
7.069791373052165540e-01 -1.173960596764300668e+01
2.678840807599825879e+01 2.038126444138161020e+01
9.825742181199904834e+00 1.038555629482020670e+01
inf inf
7.664889076942702495e-01 3.415786473959675273e+00
7.842940381077505130e+00 -6.790946975917837136e+00
inf inf
inf inf
inf inf
6.230841314765029892e-01 -2.736860092475483341e+01
8.429242531024415896e+00 7.305756879929781178e+00
inf inf
inf inf
inf inf
inf inf
inf inf
3.643346865130163148e-01 1.382907389994830183e+01
5.019569249285888990e-01 -9.834681465232003816e+00
4.051373443403309405e-01 -3.057098438521715877e+01
3.412163240860107138e-01 -6.089986157799486222e+01
1.404264148844705851e+01 1.558730814408298038e+01
2.462207767918120349e-01 -5.352763185224107190e+01
3.901709245092108702e-01 -2.109760347983592865e+01
3.305147767464786113e-01 -5.013948878497997441e+01
inf inf
inf inf
2.131065519227519633e+00 7.771814656207733485e+00
inf inf
6.111186583197594224e-01 -1.327792418039118516e+01
1.368585162226863439e+01 1.309391599957960395e+00
inf inf
inf inf
inf inf
inf inf
1.050163486234082555e+01 1.718291237051185050e+01
inf inf
1.049464257098052578e+01 1.145538152618123995e+01
inf inf
inf inf
1.125146664241806604e+01 1.610209674958302273e+01
inf inf
2.290247895736487127e+00 8.555822395452132412e+00
1.186230868539408290e+00 2.802691210885433382e+00
6.213023413171292475e-01 -1.280074171472161559e+01
3.098449723622099805e-01 2.637888494676019135e+01
5.235122913722185523e-01 -1.459996958733346517e+01
2.652287881843166062e+01 1.535205598938675742e+01
6.458878457042872556e-01 3.221424240020924401e+01
inf inf
inf inf
inf inf
inf inf
1.469584244878704560e+01 2.183693303115035533e+01
inf inf
2.418633637667342029e+01 9.722784205720328643e+00
inf inf
inf inf
inf inf
inf inf
1.117180254616202184e+01 -4.227895125311555979e-01
inf inf
inf inf
5.146865637609617794e-01 1.059786249334399910e+00
4.238200372826832485e-01 -3.730847629912070573e+01
inf inf
1.712617307010626533e+01 1.400643156105764220e+01
1.430220169284271492e+01 1.342554171593277701e+01
1.681303004570046866e+01 -1.799720035700564935e+00
9.404222780817232952e-01 4.859563766191581813e+00
1.230011456848114415e+00 1.233714779402826878e+01
8.793062861761274940e-01 -2.397094762871892826e+01
inf inf
inf inf
inf inf
3.442875234791944195e+01 5.355299631687914008e+00
inf inf
inf inf
inf inf
9.086915088564929688e-01 7.764348342738986997e-01
inf inf
inf inf
inf inf
inf inf
3.100684722269318172e+01 1.965733308669261703e+01
inf inf
4.703497975693323174e-01 2.142896705365470567e+01
inf inf
2.278418597043483729e+01 1.242265336969611589e+01
inf inf
5.629242939782638233e-01 -2.026916711272245486e+00
inf inf
2.935537559005652852e+01 -4.559220842037303711e+00
4.062665552572601868e+00 1.582926075207951477e+01
4.773279143229842703e-01 -2.658819910220846339e+01
7.573500756528335209e-01 -5.795502698324094837e+01
3.063660186554750808e-01 3.035327937055028613e+01
3.543895860039049661e-01 -4.069946142589244431e+01
6.456123531016682016e-01 -3.769378775421849403e-01
inf inf
2.516359340511744236e+01 1.001379431880050674e+01
inf inf
inf inf
inf inf
9.812280515156496463e+00 5.165139934861309179e+00
2.205557554131766551e+01 5.266708290021903771e+00
8.945105025767214002e+00 3.878185173358280613e-01
inf inf
inf inf
inf inf
1.870387008538084572e+01 1.192253361028488357e+01
inf inf
inf inf
1.572790454129429172e+01 1.562764249604890576e+00
2.412046501474890137e-01 6.401404456743264859e+01
2.953651204644980321e-01 2.806791892996299609e+01
2.048768174014299248e+01 1.579121027094659802e+01
3.225325084025371103e-01 -4.525295954753732985e+01
1.218459854137180054e+00 5.281656850228834088e+01
7.925787448412201508e-01 -1.775713664886803045e+01
6.149761161269849952e-01 -3.760251239969668546e+01
9.261268364131717279e-01 1.588110890860260760e+01
5.109897645944768385e+01 1.025927035641290352e+01
2.598879044604021082e-01 4.375628566645605844e+01
3.691800161642739275e-01 4.365896369926579368e+00
4.380054503213557937e-01 -1.561402865944748442e+01
inf inf
3.263735517345706683e+01 5.612212753687132683e+00
1.116269992252173893e+01 1.059270205274608401e+01
1.156139287316891817e+01 2.015993766972145806e+01
inf inf
7.033951652008555655e+00 1.056017713709302512e+02
inf inf
2.412896977874214380e-02 -1.113282634498348216e+02
1.106869743974926479e+01 -8.273190715160216868e+00
1.503885908826094298e+00 -1.159365311983736824e+00
2.453544416741520462e-01 6.527637817104651674e+01
9.073522611443115338e+00 -1.090015670965418693e+01
5.807563701786535582e-01 -5.633276665091068480e+01
4.770831862305130500e+01 1.176286996003458896e+01
4.502285925654189169e-01 3.730731377285249550e+01
4.864545365547275901e-01 -2.365803839294915178e+01
4.169321608466491358e-01 -5.295204638725512325e+01
inf inf
6.376446803923023765e-01 -2.203705326051026425e+00
5.448617751627445882e-01 -3.786049604605565122e+01
8.042779880095953793e-01 -1.088437330430664041e+01
1.025859649525711736e+00 -2.042907068468166543e+01
8.683430559497672618e+00 -1.356649856920522090e+01
inf inf
2.011852445948642543e-01 -1.413885634216902787e+01
1.280599224574767048e+00 5.278778973724214119e+00
inf inf
4.445392422762856066e-01 -2.410016035638301091e+01
6.693952379297948285e-01 -1.857086909555781062e+01
3.276501729470104873e+00 -9.285496568463988964e+00
9.679141382037952379e-01 -3.137964474502853918e+01
1.215972982553681581e+00 -4.415455031110706585e+00
4.218280138483616604e-01 3.669761107974485981e+01
5.230609494414888427e-01 -1.818868718095664150e+01
2.370137452443935544e+01 -3.938702000288652361e+00
8.542373013936453985e-01 -6.557840380771624211e+01
6.697212538828688499e-01 -3.949307460562667416e+01
1.775313346530376757e+00 8.816696841991589650e+00
6.303119177869855871e-01 -3.567469301101068169e+01
inf inf
1.741966868626128218e+01 1.396385586819249447e+01
8.598514280276573496e-01 -9.624392555483914924e-01
2.238565301039743360e+01 -8.836823464057844690e-01
3.804987904351957995e-01 -3.765849881461414839e+01
inf inf
4.551908220222178159e+01 5.168332800090501777e+00
1.418333596759820403e-01 4.241191796735090946e+01
7.230038108144047015e+00 4.637787204733348823e+00
2.345170580966427210e+01 1.902614224207426830e+01
inf inf
1.598062416472363356e+00 -1.207407615424892811e+01
5.939905408023737898e-01 6.208542378284956698e+00
4.459305992107552852e-01 -4.642086274640620047e+01
1.166475031564867315e+01 5.270153074246267444e+00
3.846162891203598111e+00 2.980081687414861946e+01
inf inf
6.889159308107606350e+00 -8.582953657313376894e+00
8.621308731890108268e-01 -4.108119246438579175e+00
inf inf
inf inf
inf inf
2.655177592940957609e+01 2.211906179674094730e+01
inf inf
2.547640788740262785e+00 -1.426738260943299430e+01
