3.276011310070806037e-01 7.893423503718869938e+01
inf inf
2.756029324905477917e-01 -2.011427359498891931e+01
2.457343629109168814e-01 -3.446645085767963934e+01
5.211973471742878949e-01 -2.196420490352678101e+01
2.656091146003177195e-01 -1.018592283956154532e+01
5.123103542911797703e-01 -1.063913943717684774e+01
inf inf
3.271160799872356861e-01 1.851437567294100006e+01
inf inf
2.195633432853970612e-01 1.149368979548911227e+02
4.774161288861019092e-01 3.135278940501460809e+01
5.795152318172587247e-01 -2.922669104008630470e+01
7.208963156929402150e-01 -2.433066649522970337e+01
1.687669045954242608e-01 1.115506795666904480e+02
1.620611969461675184e+00 -3.677398062102137821e+00
3.869855950247088616e-01 -3.624262584785034846e+01
-2.249716831909706269e-02 -1.115132520818787953e+03
4.927417218201429749e-01 -3.203184931184566864e+01
4.536493300571244336e-01 -1.854024991334536310e+01
inf inf
2.003574824212811245e-01 -5.119677737331765144e+01
4.680972316545919387e-01 -3.489340478118427313e+01
1.496897456179847596e+00 -2.070546857950314390e+01
7.414563649637179177e-02 -2.014320851016609026e+01
7.371171285491238123e-01 -2.924101755604822017e+01
4.831527441421973879e-01 -3.603500077831813542e+01
1.596953707634536090e-01 -2.912117050879802704e+01
2.161301244016553547e-01 5.412374889349842277e+01
2.076647991729775045e-01 -4.415356854149370491e+01
5.429475172908079017e+00 1.111463720357150642e+01
1.965354093952931258e-01 -2.148936342890706541e+01
1.660114109440938013e-01 -3.410596044696644213e+01
2.248629666964154339e+01 2.187786491933121269e+01
7.161336447424910823e+00 1.047352661124726136e+00
4.046604391109508980e-01 -1.529722592898308520e+01
4.213588708666982652e-01 -1.015378204014596086e+01
2.577288234435659575e-01 -4.459773658019554432e+01
1.644617577740434911e+01 1.325660766375767174e+01
3.913568035793793531e-01 -2.431914731262578755e+01
3.149194096914710306e-01 -5.795732691945747916e+01
4.212152766937231618e-01 -9.054487678944290963e+00
2.583772408809070775e-01 -6.118965432900119339e+01
4.289422978982657120e-01 1.579431805419665835e+01
1.418122870806609814e+00 -4.737184595034890755e+00
2.775655731594549036e-01 -1.558684375933581912e+01
4.341832047544910700e-01 -1.280600557254556549e+01
3.569347281551681905e-01 -4.147679066668336390e+01
inf inf
5.059399053809356950e-01 -5.891055557572689594e+01
2.466618354305047112e-01 5.631044729846993846e+01
2.018134768529231404e-01 -3.897417148540292686e+01
1.005734709347693157e+00 8.302179048156643759e+00
3.049745316121474370e-01 -6.970705134223844368e+01
5.077983561372250154e-01 -8.354641442726646883e-01
2.667894194381419948e-01 -1.986708427528024146e+01
1.676992033912906022e-01 8.901613898509722844e+01
2.643708953157757335e-01 -3.240912042960037098e+00
1.511157872026076543e+00 8.450237656138593678e+00
inf inf
1.931880104664935593e-01 1.092951702301875549e+01
1.904415293127188846e+01 1.028246263621710810e+01
3.693934858623494355e-01 -2.324835057688121154e+01
1.991316032609792286e-01 1.260866874312091568e+01
1.895866433671126172e+00 1.137140490120474112e+01
2.157025671424743773e-01 -1.291961237881008451e+01
3.818484573950476912e-01 4.232981650539572982e+00
inf inf
2.982857635879838654e+00 2.827173704448623592e+00
4.576881966294207293e-01 -1.157063376298679813e+01
2.295289752100334035e-01 -3.718709905412053018e+01
1.760972188513861558e-01 -6.535452133829588206e+01
inf inf
inf inf
3.585916702917646415e-01 -3.050259612105771012e+01
2.224632724818099982e-01 -3.825933699858121173e+01
1.061526234009882330e+00 -9.176582007974884547e+00
2.395583410717961215e+00 -3.942494585047064071e+00
4.029615685976750128e-01 5.201086410799788062e+00
2.745979135084060663e-01 -2.831293237293481724e+01
inf inf
5.201165345881489266e+00 2.357641457445841482e+01
1.876808093383153020e+00 1.214232727606012574e+01
2.475797723995434574e-01 -5.549839411066920292e+01
1.144743095835118574e+01 -9.358465122550526871e+00
8.682054269791233958e-01 -3.451931853463173638e+01
2.014501162855272653e+01 1.947938274874708497e+01
2.765317736420967876e+01 4.994519782099146710e+00
2.093058954682202877e-01 -3.312011927253752219e+01
1.705312619043830857e-01 -3.269559689738888153e+01
6.596219896936845739e-01 1.610119431768211129e+01
2.431986076082700288e-01 6.383431049606956975e+01
4.506555878707502738e-01 -3.936899841377952214e+01
1.485355934298282676e+01 1.266328813645306006e+01
2.891364028360902116e-01 -3.188630597852192494e+01
9.709223774943900320e-01 4.296303856958261669e+00
1.186106799647467192e+01 1.075754294041901815e+01
3.274876860012827517e-01 -5.538744943620231709e+01
2.432586254852558694e-01 -2.552843977845513024e+01
1.795953636160727007e-01 -6.342985323497282479e+01
2.111473785536794323e-01 3.123797270792049829e+01
3.879420948819978232e-01 -3.658153595498896493e+01
8.680994982308170904e+00 -1.614380372855483259e+01
2.049133721534987518e-01 3.307439016935001863e+00
1.507633644726064370e-01 -3.546776849203572368e+01
2.583364343337041236e-01 -3.851153719010050480e+01
5.373883193663998803e+00 4.169907125920508051e+00
6.752388376055280528e-01 -3.888858315495971851e+01
5.852554930191525839e-01 -1.424934486364494823e+01
3.768709000084000116e-01 -9.007378508390782912e+00
3.308359908073844480e+01 1.207948809204395779e+01
3.139831027647568829e-01 -2.816454617575641706e+01
1.855637236008229962e+01 1.780445362483754579e+01
inf inf
4.015864861170159172e-01 -2.270175306885683852e+01
7.668439269286787541e-01 6.701677614166747787e+00
inf inf
1.618351623295477104e+00 -1.043467110968497558e+01
2.246958533684682291e-01 -4.523404618915633790e+01
5.504190418321074363e-01 -6.699881818959235602e+01
4.045697111520494271e-01 1.946007382602840963e+01
1.467099141171174237e+00 -1.323463531886402578e+01
2.403674998456586209e+01 2.981441024288297381e+00
4.666816230840990509e-01 1.977043597303444811e+00
3.274710156152639939e+01 2.020514719545586502e+01
2.248293510761561198e-01 -1.682534417344168887e+01
8.192270531842903436e-01 1.400769170244594974e+01
2.102555241199662306e-01 -4.146566325369121131e+01
inf inf
1.775862792068441109e+00 4.653326121579245722e+01
5.105068731792327119e-01 -1.896562536985211622e+01
-1.007507901063778633e+00 -7.876726248427969779e+01
1.906093451863755950e-01 -3.221262748156177480e+01
1.299018235300549440e-01 -2.997334672629804686e+01
1.042981228867426502e+01 1.088312248551590500e+01
6.215179296993467162e-01 -1.155314288352994190e+01
6.797474702710534222e-01 -2.531968722887207335e+01
3.682576335175259952e-01 -3.465225909788900083e+01
3.506034030479126540e-01 -3.411998756112442521e+01
inf inf
7.606312352885487293e-02 2.480751949957784177e+02
2.135011590923906866e+01 2.520986708963183887e+01
2.865437146875177143e-01 -6.562050331726038621e+01
5.630414464141541009e-01 -1.452796909517557289e+01
2.029085226505434048e-01 4.847375194225969608e+01
2.267744631594947879e-01 -4.466499321863126681e+01
9.173481487922438005e-01 4.680796851916968038e+00
8.440592394441065238e+00 -9.967801302589775148e+00
4.527766869531941740e-01 -1.646222883827902095e+01
2.115355315525029312e-01 -6.928432124365147615e+01
1.774467109994023062e+01 1.616057585073785319e+01
2.425590245780553100e-01 4.741269895631666742e+01
2.141376150229400144e-01 -4.195765144351448583e+01
1.394133318712230718e+01 1.796147841590876837e+01
7.417507049725801105e-01 3.211231025632352498e+01
inf inf
6.731306395620619831e-01 3.807509355757235880e+02
1.176632949719533272e+01 6.377733119925474092e+00
inf inf
9.403701930775970608e-01 -2.193849366992457561e+01
1.704999207933870409e+01 1.926682111173306566e+01
2.108899186888525332e-02 1.173957065939669292e+03
4.296598480770880690e-01 -4.109714316455355743e+01
1.452536672738432566e+00 -6.250554576527101780e+00
3.413771969768876202e-01 -3.562896915584408930e+01
1.803426394714451320e+01 1.952897430472811990e+01
2.641682648666065503e-01 -4.987844351879317628e+01
2.826331573615811776e-01 -3.291570277784938980e+01
3.573391476813990164e-01 -5.015481320064140647e+01
1.754438934100859826e-01 -1.550024962560414288e+01
inf inf
6.858948153441847273e-01 -5.541113949734952371e+01
3.977452017612452817e-01 -2.703972499451175082e+01
6.857753405049517026e-01 -2.601932171971230190e+01
1.042260355268780803e+00 6.898535102769211846e+01
1.526749619003386349e-01 -4.049194771652436486e+01
1.092675652394156760e+00 -8.808780235224547894e+00
1.255298493267667759e+01 2.360145700611829866e+01
inf inf
inf inf
1.787134191434964592e+01 2.049092287104095789e+01
inf inf
7.654954318066100605e+00 2.064079267483236890e+01
1.424473547472332013e+00 -4.079650558132558835e+00
5.868912606243826824e-01 5.124804336378514513e-01
1.264097394491144399e+01 2.668636195960499080e+01
1.382916131755152023e+01 -7.346948461754784887e+00
1.712350107760724782e+01 2.065844995465802825e+01
inf inf
inf inf
3.059939941487974102e-01 -4.052446599548044759e+01
1.926564035233793604e+00 -1.410666348345071430e+00
3.010915993370663624e-01 -7.029404264666855795e+01
5.179607289062794218e-01 2.056492930007236453e+01
1.102984143452508392e-01 -3.746971779683959625e+01
2.626030322897032754e-01 -1.885346371709226077e+01
2.017242928118387013e+01 8.153485421308634074e+00
6.231051781797237732e-01 -2.151241373697067161e+01
inf inf
inf inf
6.511151567743808100e-01 6.061644295209513444e+01
inf inf
inf inf
3.806691762266205981e+00 1.710602089351882782e+01
inf inf
4.548010282433016527e-01 5.157416192635423613e+00
2.131231670640494613e+01 1.269879323622819278e+01
inf inf
inf inf
9.856326469606434770e+00 -5.956300127817799606e+00
5.582029958825758253e-01 -9.070841047710822558e-01
7.268694967398654505e-01 -7.971804887779509130e+00
2.138464722280854602e+01 2.426913403254958723e+01
1.817276809932805437e-01 1.468608512650042819e+01
2.450103622126054426e-01 -6.914952929797040326e+01
5.391849012270671926e-01 -3.194751356206081283e+01
inf inf
8.470651114116941605e-01 -1.742646004694672612e+01
1.291970341615262807e-01 -4.924208642351833731e+01
1.233984378268612736e-01 6.154746404084948352e+01
1.698768959662436018e+01 2.919655816322409558e-01
1.065805312318805820e+00 6.109959773593310217e+00
3.161543700613841423e+01 9.327918437483093683e+00
inf inf
6.802562199385868702e-01 3.013131049937226802e+00
1.692381809515862656e+01 1.484222748749237475e+01
1.481888415478301368e+01 1.232046255570875815e+01
inf inf
inf inf
1.358791090705764937e+01 -1.104520703995950548e+01
inf inf
inf inf
2.090463770463044924e+01 1.092402188109842420e+01
1.267598820607049603e+01 -2.948249480646663923e+00
inf inf
1.571095538204239916e-01 -5.316426712579613678e+01
2.310062844017264638e-01 4.058634417779464343e+01
inf inf
1.152633511502894947e+00 -2.949503417209377698e+00
2.241383125324340853e+01 -2.920447505338070293e+00
2.223632894297287166e-01 4.134586821078222130e+01
1.753786870717720658e-01 -3.153430577832639514e+01
2.484970082251593271e-01 1.113580293033546997e+00
1.577074889313284378e-01 -4.305871437357261300e+01
5.641635563478916149e-01 4.477373205394366096e+01
2.783387660803049446e+00 2.552338746424373284e+01
inf inf
1.686848455738016384e+01 9.483720419169015869e+00
2.076851323322365661e-01 3.034739150573320643e+01
inf inf
7.101010908705295277e-01 1.680775166099615703e+01
1.519474975535189465e+01 1.371874243865470788e+01
inf inf
9.813904347728866995e+00 4.217321705375681740e-01
3.114438417449964525e-01 2.258185714266422650e+01
inf inf
1.730482868616351411e+01 2.623298391240575711e+01
1.720416973182264542e+01 1.587528309283001882e+01
4.645610849163933631e-01 -1.803194535553428324e+01
inf inf
inf inf
5.352747645871843707e-01 -3.895969100730133761e+01
3.994474377629502193e-01 -5.611546390090176573e+01
4.768120237130773487e-01 -3.712281477477406355e+01
1.313805770771987458e+00 -9.906181889687561082e+00
1.178665564502028446e-01 -4.823240936979114935e+01
1.325747224861877904e-01 6.589458482914513304e+00
4.635344707168314593e-01 -1.549748772447391332e+01
1.297223167909674846e+00 -2.598954060287606449e+00
1.108975456068345622e+01 -1.741248316317589362e+00
inf inf
3.616278316552140826e+00 -4.025368322401656207e-01
inf inf
inf inf
2.629849661463672206e+01 1.414615208400052815e+01
inf inf
2.197397509705560914e-01 1.385243896763054572e+01
inf inf
7.824449289991683987e-01 -1.607239598899206356e+01
inf inf
inf inf
1.529860956964621010e+01 -1.227066477205681672e+01
inf inf
4.617664674620743925e-01 2.185522630498128294e+01
1.547930011928858818e+01 2.045194401666829265e+01
4.407711483544659581e-01 -1.977901370914187851e+01
1.869596132136947253e-01 -1.748350370923729002e+01
5.391776093354709865e-01 -3.662410857805878805e+01
inf inf
3.305477563554471976e-01 7.922564904339402858e+01
2.556809237344550567e-01 3.435436336253662404e+01
3.627925009947116641e-01 -5.372518850415385572e+01
5.515495654869181363e-01 2.950710223231297746e+01
1.728519162209441973e+01 2.056854352736518265e+01
3.720517028752102995e+00 -7.389923470025809848e+00
2.187143988291549990e-01 -6.926444238991557256e+01
inf inf
2.952861317968585864e-01 1.054947441454276280e+01
2.838325333005037865e-01 -4.656564507764583638e+00
inf inf
2.935874015122673653e-01 -1.950374488747540980e+01
9.807454809840541188e+00 1.380857044579676085e+01
inf inf
2.642516448424376918e+01 1.132545276674479950e+01
inf inf
inf inf
inf inf
2.660528682725637140e+00 -3.434182070792378028e+00
2.237389328251258025e-01 3.628366357908048201e+01
4.645254668305186518e-01 1.270672565105415686e+01
5.697140881395947876e-01 -3.312214714499613422e+01
6.053429716230096513e-01 2.052550725181566449e+01
5.882974738730106790e-01 2.707016490309417023e+01
2.547593408196182074e-01 -5.773177281822801632e+01
5.658920151136069832e-01 1.459388405318776671e+00
4.214488976821766375e-01 -4.094006650163152905e+00
6.286565513435339314e-01 -3.464251989052460345e+01
2.173241716505651677e-01 -4.449325310709956938e+01
3.677547734547437219e-01 -6.444232512346817998e+01
inf inf
1.161427168173568170e+01 5.357784102396232484e+00
2.403449580846179146e+01 8.130237675248956464e+00
inf inf
7.281860056989895469e+00 6.868697018049642722e+00
inf inf
inf inf
2.483664567221337194e+01 2.332895129374889720e+01
8.392114637050060999e-01 -2.361129063100702297e+01
1.884518763923078311e+01 9.214078070428488587e+00
5.053125222462766519e-01 -2.902592969942918444e+01
2.178211701543334211e+00 1.869888037011972770e+01
inf inf
5.169923096108042238e-01 9.565587591339975049e+00
8.707459500570446931e-01 -4.552102365349051993e+00
1.990135307085914851e-01 -5.225157876663980261e+01
1.823212690149641213e-01 -6.031408797765826080e+01
8.152974247572555289e-01 -3.903474257787213730e+01
3.121112363302170678e+01 8.071963126877790273e+00
3.107362478027768105e-01 -2.026537735106849780e+01
inf inf
inf inf
2.900802821117698382e+00 -6.024754204769623200e+00
3.408988769339007519e-01 6.476796840230244356e+01
3.299429500390000380e-01 -1.452675098276213461e+01
1.205255306979603702e+00 1.651282285469093836e+01
2.997280156085401770e-01 -5.335402794236998147e+00
1.147640276549314109e+01 -8.596534669869203782e+00
6.348433006770227705e-01 -1.885403325086877047e+01
1.716244090056147797e+01 1.651662554601407251e+01
2.957028914473295300e-01 9.867239510495933175e+00
7.334514105064047218e-01 -1.247307619915250143e+01
8.419312551332515326e+00 1.220836021019412421e+01
1.886988836109882994e+00 -6.287755552138779791e+01
7.399430170000964591e-01 7.580749268985908884e+01
3.649943521674384073e+01 5.109669190266306948e+00
2.072414487743328704e-01 -2.544018091656388236e+01
1.607033093068077534e+01 -1.705358125219311205e+01
2.451351236732460137e+01 1.572097951156432316e+01
3.397241812434584340e-01 -5.497387475557000869e+01
1.192375722990099279e-01 -1.030960916122935345e+01
1.430139235059784575e+01 9.989529043004440112e+00
1.505469677734754619e+01 1.187085212858601047e+01
2.158776833214486501e+01 5.637289400326667144e-01
inf inf
1.884223386221949847e-01 -8.245326515236641285e+01
1.675193096210336918e+01 1.694937956062850049e+01
1.401466900296543017e+01 4.927674230676191591e+00
2.821342517477029688e+00 1.014172299305235114e+01
1.594970172891633009e+00 2.474789332397875796e+01
1.887608394483945062e+01 -4.832528010621990333e+00
2.602428531161161374e+01 4.990099203180910159e+00
6.595880543520238337e-02 1.433867204120481063e+02
1.661645687133550453e+01 1.264797578888144791e+01
2.481715374483278169e-01 -2.227809828020279426e+01
3.381471694570531983e-01 -3.401852895567903090e+01
7.661324486518974908e+00 2.349037870055608934e+01
5.764588635003661032e+00 -5.297042462897217696e+00
3.679589464194430448e-01 1.113263706596669422e+01
inf inf
4.165484436354401510e+01 1.053954557558235372e+01
1.951352428075426104e+01 1.847106894532846511e+01
9.786188288457019491e-01 2.673023033544091653e+00
1.182738366415985176e+00 -1.815773176305691905e+01
1.419272746019888121e-01 2.594364904577555642e+00
