-8.421967806393537614e+01
-7.240591137351458428e+01
-8.836299365015264584e+01
inf
-7.984756845098925737e+01
-8.225380842737571641e+01
-8.365050221942054520e+01
inf
-8.494998762404459569e+01
-8.361997942034905407e+01
-8.421343312274179027e+01
-8.454858915262684604e+01
inf
-8.760934512301142263e+01
-8.375798734520162725e+01
inf
inf
-8.527126827576446999e+01
-8.551748401141865941e+01
-8.226011824460212551e+01
-8.016973868796563352e+01
inf
-8.446722986197380578e+01
-8.609820845976237536e+01
inf
-9.530153831573831269e+01
-8.497792004689449641e+01
-8.642818334130309665e+01
-7.486454165874327771e+01
-8.466297972362036717e+01
inf
-8.584760604659008720e+01
-8.468994203793246811e+01
-8.229616253869527043e+01
inf
-8.501996224162809312e+01
-8.532473051531914621e+01
inf
-8.681884903542531617e+01
-7.193973405237575491e+01
-8.680564196600646198e+01
inf
-7.577958987884819919e+01
-8.545453668821774329e+01
-8.317324494963733628e+01
inf
inf
-8.738360777156992754e+01
-8.556305662952370028e+01
-8.330439957550144925e+01
inf
inf
-8.205833758018081880e+01
-8.452674808131290263e+01
-8.610836759360087456e+01
-8.394370746653781623e+01
-8.722945457803206182e+01
inf
-8.732831756526485378e+01
-8.543201856145729778e+01
-8.736511324389503841e+01
-8.642569194908087127e+01
-8.162610119434566514e+01
-8.325117019247959149e+01
inf
inf
inf
-7.959211571952016584e+01
inf
-8.438612444002494328e+01
-8.572744682149581763e+01
-8.791407951058548065e+01
-7.950520478782799216e+01
-7.595489859163191682e+01
-8.687409506948654325e+01
-7.651657160545738634e+01
-8.493650175570078886e+01
inf
inf
inf
inf
-8.524470092651576181e+01
inf
-8.510543492520365305e+01
-8.530386471411357263e+01
-8.214116159244298387e+01
inf
-8.539196820414869649e+01
inf
inf
inf
inf
inf
-8.543703428488964846e+01
-8.503347704001011209e+01
-7.948311141952189018e+01
-8.567569598242401696e+01
-8.646696734238281579e+01
-8.551902608578431852e+01
-7.305828907013710705e+01
inf
inf
-8.578364382568156543e+01
-8.507753985425857479e+01
-8.472327640114680491e+01
inf
inf
-9.211991090846450447e+01
-8.209887216195814119e+01
inf
inf
-8.608254598653758194e+01
inf
inf
-8.708172127637126891e+01
inf
inf
-8.592191376344827347e+01
-8.974074404279247119e+01
inf
inf
-8.266793853160653782e+01
-8.274020755640620450e+01
-8.570632871210800374e+01
-8.458103486615010524e+01
inf
inf
inf
-8.585209934432103296e+01
inf
-8.503051032734053649e+01
-8.531824563885724899e+01
-8.506785041828970861e+01
-8.257126233016862216e+01
inf
inf
inf
inf
inf
inf
inf
-8.270305819980397644e+01
-8.322173480797870582e+01
-8.628193880170246644e+01
-8.536502792214548663e+01
-8.369324391956696729e+01
-8.730032996519851451e+01
-8.792912571330751348e+01
inf
inf
-8.167903756278219873e+01
inf
-8.411922468663524910e+01
-8.183103941901758560e+01
inf
inf
inf
-8.437200424426303869e+01
inf
inf
inf
inf
inf
inf
inf
inf
-8.273809632743709130e+01
-8.619462923087390038e+01
inf
inf
inf
-7.931250591800998961e+01
-9.091825065285870267e+01
-8.424754411209858063e+01
inf
inf
inf
inf
-7.883123816672392081e+01
inf
inf
inf
inf
inf
-8.772311855140313241e+01
inf
inf
inf
inf
-8.467134074601470672e+01
inf
-8.299724281020820627e+01
-7.654039562739762914e+01
-8.444467424733564087e+01
inf
-8.856428036366234835e+01
inf
inf
inf
inf
-8.817262563461777347e+01
inf
inf
inf
-8.923243490765344177e+01
inf
inf
inf
inf
inf
inf
-8.710529252053621008e+01
-8.600456921031511115e+01
-8.569127462400072659e+01
-8.637274420606044600e+01
inf
-8.615064803619800671e+01
-8.447451605709657940e+01
-8.667977825748431542e+01
inf
inf
inf
inf
-7.454898649750350614e+01
inf
inf
inf
inf
inf
inf
inf
inf
inf
inf
inf
inf
inf
-8.561702758716758410e+01
-8.713514479939945545e+01
-8.631416169238228520e+01
-8.326812232561570681e+01
inf
inf
inf
inf
inf
inf
inf
inf
inf
inf
inf
inf
inf
inf
inf
inf
-8.558421606677295301e+01
-7.569287351438610756e+01
inf
inf
inf
inf
-8.494087859934766982e+01
-7.243366203520947977e+01
-8.493435802565933557e+01
inf
inf
inf
inf
inf
inf
inf
-7.199445771677584105e+01
inf
inf
inf
inf
inf
inf
-8.132445535040655216e+01
inf
inf
inf
-8.557272305976945859e+01
inf
-8.310719200913059979e+01
inf
-8.444208419130205812e+01
-8.245510442474277113e+01
inf
-8.766263395667975544e+01
-8.438465410500471364e+01
inf
inf
inf
inf
inf
inf
inf
inf
inf
inf
inf
inf
inf
inf
inf
-8.438194740670954275e+01
-8.752027815715405268e+01
inf
-8.961536127271489249e+01
inf
-7.999504951113051732e+01
-8.663087834887477356e+01
-8.905284703285671810e+01
inf
-8.418730477359257236e+01
-8.855107427067369485e+01
-8.617896624440321318e+01
inf
inf
inf
inf
inf
inf
inf
inf
inf
-7.160444038008526491e+01
-8.516275240818789882e+01
inf
-8.451410515108236154e+01
inf
-8.073576689917919680e+01
-8.269330294026089234e+01
-8.444757494480822402e+01
inf
-8.668279001622570945e+01
-8.752140640653200876e+01
-8.067459222475596903e+01
-7.419270709078068649e+01
-8.683711145261011666e+01
inf
-8.694918456648089489e+01
inf
inf
-8.964496706159559380e+01
-8.837106842729944844e+01
-8.882029922420156254e+01
-8.262350063096876340e+01
-8.105532335817781586e+01
-8.584467863621794947e+01
-8.896954040538544461e+01
inf
-8.831315447386174355e+01
-8.540100967164225665e+01
-7.315291912998998214e+01
-8.697925113420008358e+01
inf
inf
-7.875619323114240444e+01
inf
-8.715605301682313666e+01
inf
inf
-8.622342329832387975e+01
inf
inf
inf
inf
-8.459739085778625167e+01
-8.836180070710764767e+01
inf
inf
inf
inf
-8.211662562812078647e+01
inf
inf
inf
inf
inf
inf
