1.067343616306674070e+00 -5.168296234537714895e+01
7.767241082688483012e-01 -4.011228728766161566e+01
3.005841238841440721e-01 -3.531155378060471861e+01
6.939051746881667038e-01 -4.098730015212591837e+01
3.420672346346820825e-01 -3.829147571674258899e+01
5.021636038024906989e-01 -4.519394988508432220e+01
4.060760167011629451e-01 -5.289234587430335921e+01
7.360951834520816639e-02 -8.148521352825331121e+01
3.974696138926283595e-01 -2.505423270008683900e+01
inf inf
6.638958209378762465e-01 -4.476371334049501627e+01
4.007828920638633052e-01 -4.195219325496808693e+01
1.622394924140677208e+00 -2.114610842977281635e+01
4.075159941358197369e-01 -4.695465130389127495e+01
8.259058130105834117e-01 -3.715676615906726710e+01
6.143191549571358490e-01 -5.904439412261714182e+01
4.190188727020771053e-01 -5.008817783563450377e+01
4.945523745093220458e-01 -6.144001684819470199e+01
3.372499955880871036e-01 -2.966612793346388699e+01
5.245113255492113158e-01 -4.539223155526268272e+01
2.730387626348279029e-01 -6.516386010054490896e+01
7.844806653770066696e-01 -5.080933601659442189e+01
3.559411407027293639e-01 -7.514899780251472805e+01
4.956447132497392438e-01 -4.915263933037459765e+01
4.415115022412013368e-01 -6.973494933857277545e+01
4.727352812971028495e-01 -5.279544458722867972e+01
5.977235025274233449e-01 -7.483105232551231722e+01
3.721387517278006984e-01 -5.831147999121633774e+01
1.543062318036941383e+00 -2.591183379560558464e+01
8.626703900223958721e-01 -6.628877895351850214e+01
3.803993359399715501e-01 -5.129229994542975390e+01
2.461960991730219039e-01 -3.546034257082986585e+01
3.646606695946088550e-01 -2.502079000099434225e+01
1.192635373859633141e+00 -3.500523423858513183e+01
8.957555691749194970e-01 -4.684468655128515024e+01
5.797293148916067285e-01 -6.534929347792390786e+01
8.558765246828999862e-01 1.421761079871219247e+00
1.706365559654026975e-01 -6.283053541817256615e+01
5.773994496033113544e-01 -6.372356084699700318e+01
4.919744158798295408e-01 -8.015900458956396335e+01
7.392719542826464707e-01 -5.527628757206906585e+01
2.473748225587656113e-01 -7.428954865520978501e+01
5.790665192498311020e-01 -5.764633927688488768e+01
6.420104040515574040e-01 -7.071395835141545660e+01
5.190112697842088618e-01 -6.204671814911360883e+01
1.007641185813860363e-01 -7.121612378219771244e+01
1.353147285373193842e+00 -2.246157948689076989e+01
7.742771966863986055e-01 3.143497012132421276e+01
3.742118432081082968e-01 -8.284015640538484604e+01
7.096981639547397247e-01 -5.904264398106128198e+01
2.162109667252297140e-01 -6.949638659458125289e+01
7.966386391709510129e-01 -2.594967749214839969e+01
3.398604359642827255e-01 -7.210557831474855561e+01
3.401716727010100083e-01 -4.185230026721072250e+01
3.906170853985268532e-01 5.933174355632728236e+01
7.028980262779497501e+00 -3.037956652532768143e+00
1.842294669229631310e-01 -6.057655233280686247e+01
4.835417624146501336e-01 6.920964776549758390e+00
3.151292260457004835e-01 -2.868212994005387273e+01
1.022724896939065431e+01 3.602897480550998921e+01
4.983077964567986240e-01 -7.442277369783975871e+01
6.594500218654318902e-01 -6.119966446742285626e+01
4.570405773158122131e-01 -6.430829059755740218e+01
8.227065009678675711e-01 2.305927967004750556e+01
6.469998523586900641e-01 -2.902380133006455409e+01
9.149318403771736774e-01 2.238925393024553046e+01
5.118724258935228866e-01 -5.788805345864206231e+01
7.659340080321814792e-01 -7.041614369105406013e+01
3.104559147388065710e-01 -6.382921001841617681e+01
6.109469336162374198e-01 -1.482542120642121475e+01
3.485491631998058892e-01 -7.426282016932690055e+01
inf inf
7.810954233359218568e-01 8.814299300723064334e+00
3.043207848227488244e-01 -5.619841821773945156e+01
3.789452177448968673e-01 -5.679136534587344443e+01
2.895984331296147518e-01 -6.217919236426253349e+01
4.477346968929319937e-01 -3.574397254726716966e+01
5.122445659053181943e-01 -4.309370952231658691e+01
5.956474708890096004e-01 -2.843585017787087210e+01
4.014976304988580047e-01 -4.167036683932515473e+00
5.115596490739773294e-01 -5.150315871973678838e+01
9.685062813379026470e-02 1.334528012551687652e+02
inf inf
inf inf
4.824883457672649034e-01 -4.207856674095217642e+01
1.069424828223657364e+00 -2.396702114517575311e+01
2.670967031011125536e-01 -8.134419777910679272e+01
2.796342135046033661e+01 1.567963608380980212e+01
3.952482544392243446e-01 -5.964816144477301663e+01
3.948525931625748719e-01 -6.806978693181811479e+01
4.028723644250510882e-01 -5.386763330964375740e+01
7.699938063474698335e-01 -3.748979803599973337e+01
1.399617324295344467e+00 -1.505566432113222497e+00
4.165891820456810168e-01 -7.511887917578697227e+01
6.914953651008735047e-01 -4.953738093391747555e+01
5.350568326329033786e-01 -7.163439912665505460e+01
2.990235999671110867e-01 -4.038169391993877611e+01
3.541024218257875500e-01 -6.139970924550777198e+01
3.077436888891061928e-01 -6.100567259510045659e+01
3.084755082426260397e-01 -8.031393117285539063e+01
6.238368667712297366e-01 -6.324823070386985080e+01
3.536037150078733537e-01 -6.601341315579162483e+01
4.439929256795226209e+00 1.665996451509484944e+00
4.598638291359239405e-01 -6.329684161322214919e+01
5.778392132515615121e-01 -1.429927181480375342e+00
3.803209317237919440e-01 -6.153098602873172496e+01
2.260020446395612126e+01 2.854749700957058778e+01
5.247118163305851679e-01 -1.234119182760803746e+01
1.817881556416692246e-01 -7.648018017324163509e+01
5.371807468461988755e-01 -1.063325350463579433e+01
4.229872461009984708e-01 -4.033884677319248624e+01
2.215957962939540393e-01 -1.533208939928297454e+01
2.370832667312794939e+01 1.315506976713444942e+01
7.695795240694776052e-01 -5.909773899411051445e+01
3.736994156523626986e-01 -6.164683866976272952e+01
inf inf
7.752260277097010599e-01 -6.047407144249920918e+01
6.116654522545124095e-01 -4.725127668808206494e+01
1.722369820281698161e+00 -1.299404935411474149e+01
4.896414704258981732e-01 -7.567016362089340475e+01
3.304480098119156328e-01 -5.905071801337949466e+01
4.501068444549532477e-01 -4.802024108965108695e+01
3.025488495370888264e-01 -7.425311827021509714e+01
4.794356216072986898e-01 -8.350281215893822662e+01
6.039682583386037917e-01 -5.430322135774097347e+01
1.905555671084298575e-01 -8.387322096321572928e+01
2.035165764855398862e+01 1.732347127292584332e+01
4.108114913508851829e-01 -5.601476503045105204e+01
5.722053102889379517e-01 -6.755417235936424447e+01
4.866747108886716466e-01 -4.860327861910356262e+01
5.933562476786881090e-01 -6.673330224499686381e+01
5.357718510829563296e-01 -1.800059936022061180e+01
2.670278193968975700e-01 -6.526379055797404760e+01
5.551490330891702962e-01 -3.241887310829353908e+01
1.344751313880584165e-01 -7.631542884410818317e+01
3.145418944619975954e-01 -4.274697595381234549e+01
4.119913347968598982e-01 -4.525007697291003694e+01
6.359501781634572248e-01 -3.562977562035784018e+01
1.832622949133755341e-01 -7.295097286926521463e+01
3.549335065172918857e-01 -8.518741440222868277e+01
5.977743252604115209e-01 2.458211436531607674e+01
4.298861170871633441e-01 -5.713728347093524462e+01
inf inf
-1.046832093301375416e-01 -1.503905880768987657e+01
3.691766124390277737e-01 -5.464604833169870091e+01
4.553684673982524855e-01 -2.276460085406199596e+01
4.078805737410550747e-01 -4.264617309860095418e+01
2.676193512064672375e-01 -7.252491665376199137e+01
3.418916371919455965e+00 -6.801542821606853195e+00
1.829112820376898263e+00 -1.113323002246786686e+01
6.879705355534827538e-01 -3.818241063809733760e+01
9.277269884351059259e-01 -4.476472804915982806e+01
-4.227341124887611379e-01 -2.012688901857021619e+02
7.457263013645784033e-01 -3.014044479907670393e+01
7.764282723602989877e-01 -3.910354422296419585e+01
2.683136485422438211e-01 -4.685674195102013329e+01
5.362993994518220342e-01 -3.697174640029955128e+01
3.139565509852049630e+00 -1.404928219146440327e+01
4.690589636034507293e-01 -4.146931352898684509e+01
inf inf
5.871540541562908500e-01 -3.398503649255596315e+01
7.956681069806698092e-01 -4.516148400321557688e+01
inf inf
4.786949817794586837e-01 -3.331882840323441997e+01
3.755389745744776575e-01 -6.188239088903437590e+01
1.146803629261701873e+00 -7.112699790770706443e+01
3.255186247346779083e-01 -7.422364865267840628e+01
inf inf
2.810393528658458595e-01 -5.831760255651487057e+01
3.255533466018430966e-01 -7.298137737665581426e+01
6.906673605750048850e-01 -4.865889980140161697e+01
7.509004196023200128e-01 -5.732578877451864230e+01
3.753173412561660172e+01 2.025209221056975295e+01
4.871379958017759693e-01 -4.583917919048555945e+01
4.235735976319990881e-01 -3.969263920395662382e+01
7.259730591357601570e-01 -5.251392592272591031e+01
inf inf
5.151628828375481861e-01 -4.087244749905574537e+01
7.321727325226370375e-01 -5.258210804654491000e+01
4.782318368738830983e-01 -3.166014001382212228e+01
2.788760965369318501e-01 -7.092035942194870302e+01
inf inf
inf inf
7.367637194025420388e-01 -4.703576152194099080e+01
7.015761871961722074e-01 -2.668971993486040617e+01
4.667205578558926149e-01 -6.124016057409250635e+01
6.420267849324379217e-01 -5.144649194078024834e+01
8.904849857497716403e-01 -5.895272037669282383e+01
2.857580266121007018e-01 -2.102170643193414890e+01
1.101882073609099288e+00 -2.812205495786207265e+01
5.864478561805581691e-01 -7.791329929880978966e+01
2.277740485289104500e-01 -7.201480892757166963e+00
5.928272992345332559e-01 -7.387722859419746158e+01
8.265422872369280194e-01 -4.451208298862533219e+00
5.120646562306918614e-01 -4.463013486418061859e+01
9.396456893621736306e-01 -1.783325297248228125e+01
2.784912158400070781e-01 -4.733324756659064292e+01
1.768675910387516037e-01 -5.851876829904136201e+01
2.625422581862482829e+01 1.950769242578974172e+01
inf inf
4.368439312429915899e-01 -6.597391647912193946e+01
4.938026341921042395e-01 -3.034986339178946579e+01
3.554273130716947837e-01 -4.317652554593087189e+01
1.511507701190267561e+00 -2.317935292984131124e+01
4.123546543343353243e-01 -5.152959782002449884e+01
1.647318784419016025e+00 -6.179674516449890120e+01
3.438139685651417365e-01 -5.234265776540548387e+01
9.482824738044776103e-01 -2.095820344219460551e+01
6.599777102418268315e-01 -3.783117332605261396e+01
5.322778231919216285e-01 -7.606492061437879215e+01
4.501394662091851573e-01 -2.303808775586346869e+01
5.223993119758721937e-01 -1.492188427940825157e+01
3.979466195435643616e-01 -4.080470252911666051e+01
6.288583768024788023e-01 -6.153152080489130071e+01
4.736507905285291531e-01 -3.767630895465349994e+01
4.004751555153581166e-01 -3.017662330300982276e+01
3.365464577554036496e-01 -6.418638004793011476e+01
2.801188033633794094e-01 -6.400211434996660387e+01
5.821485049833357017e-01 -6.510199759177925216e+01
4.110672851061713540e-01 -7.079928463208506173e+01
6.495916717335430413e-01 -1.273489349614007793e+01
7.400928184245417762e-01 -1.772870362792828303e+01
3.014123384213061474e+00 -4.781556560795888089e+00
8.796561034276014768e-01 -4.545348977863786644e+01
2.142777847685444215e+01 8.252265480228054839e-01
3.983018186443640363e-01 -5.408399847209815192e+01
6.392967781265684879e-01 -2.463845721569104441e+01
3.236657650973179812e-01 -7.000112643940677515e+01
7.852904689241198000e-01 -2.890398871843796869e+01
1.519767305349736475e+00 -5.273224380602897554e+01
5.270048596387820750e-01 -5.115801505160032292e+01
1.569543342051618717e+00 1.724813118081024443e-01
2.819358210733426962e-01 -5.503491392791139702e+01
2.540352607232271853e-01 -8.400026792104812046e+01
7.093218237170775264e-01 -4.077094399107930656e+01
2.585617041323129972e-01 -4.444107751732295242e+01
3.654350512369119452e-01 -7.564598104549867230e+01
7.661461194384532325e-01 -4.439586955078329567e+01
5.660245379184617454e-01 -7.085521215621603197e+00
5.869838050011580988e-01 -3.684958941281712441e+01
5.040719064212919598e-01 -4.307258819771570302e+01
2.925633725689656406e-01 -5.757026770021678175e+01
2.921215088077818711e-01 -6.401943353766561984e+01
4.386435880193725323e-01 -6.433260124694109550e+01
4.150680002442667660e-01 -6.148028448691871972e+01
inf inf
8.605085337687707892e-01 -7.837868234670351342e+01
3.508220454238424879e-01 -6.188854400388646582e+01
4.307464633522060660e-01 -1.141990382657878911e+01
7.011423038641355354e-02 6.496853205641516915e+00
4.687125849769713248e-01 -5.946491896439221847e+01
2.335737204057424798e-01 -5.047041202969413121e+01
4.229192024419567431e-01 -4.958043956196741675e+01
7.477685911885295633e-01 -5.811727218378408821e+01
7.420420032417796019e-01 -1.847413499018396621e+01
1.151267909327959638e+00 -5.793215459266103373e+00
6.121334974235989046e-01 -4.405809621070219606e+01
2.962044083653370685e-01 -7.955385823873582751e+01
8.045858865334608589e-01 -2.390808767578602456e+01
4.354775977685326205e-01 -5.029264215889100598e+01
3.343169778653234947e-01 -7.953877222047719897e+01
1.191988959098737810e+00 -4.430163766162231553e+01
4.606309303867247573e-01 -5.199418960962218250e+01
4.015256320046363681e-01 5.486699585223069775e+00
4.005714806952360707e-01 -1.604313172468160786e+01
inf inf
3.860519999114667700e-01 -3.776408256526933371e+01
4.507723002397780454e-01 -3.792426945464827526e+01
1.458189754022469087e+00 5.056269954437602188e+00
5.984001589145596656e-01 -6.580316704402078187e+01
4.963315901864846502e-01 -3.240798965125397046e+01
1.335816033386681756e+00 -8.308057964112182958e+01
5.165993600839824396e-01 -2.998755995880887681e+01
4.939971116501119752e+01 1.075004652586036080e+01
3.224383190915196540e-01 -6.809893452053474050e+01
8.246068231575215401e-01 -2.087023640011682346e+01
3.727861465413984665e-01 -6.953837281519599856e+01
3.385286003449424541e+00 3.069033002342489436e+00
1.341233764724695909e+00 1.086038745645409342e+01
6.527734828351481333e-01 -4.058392796983475392e+01
2.586078394132336200e+01 -2.856232001402890130e+00
5.811611718895873802e-01 -3.671527057242771974e+01
4.667736207093428069e-01 -4.527012922333416611e+01
6.860009096370268677e-01 -4.670222671270712311e+01
2.648155912345276874e+01 9.653549587819359346e+00
4.509354090109374269e-01 -2.207720686472543292e+01
5.216912939022639861e-01 -6.293022007607812895e+01
7.190099246938333799e+00 9.158544072781685585e+00
3.448601048210243047e-01 -6.730368074698797898e+01
3.677148988355106951e+01 1.414170092218661345e+01
5.241734873819945406e-01 -4.299917912940036757e+01
2.561254331220592095e-01 -7.212284878556478418e+01
6.535018020004454975e-01 -2.792099744216475798e+01
2.789201989085329791e-01 -4.060015561846815046e+01
inf inf
7.425677315127696687e-01 -6.937540379013410075e+01
4.433238997027111328e-01 -2.223814345645093127e+01
3.027171385868171472e-01 -2.146583790787150292e+01
3.857004410064184263e-01 -5.862402788773511020e+01
3.116801965744518732e+00 3.639027325737804119e+01
3.832181075191590791e-01 -6.544719580581808316e+01
3.776897702333200657e-01 -8.708518322874082784e+00
3.802471477560657176e-01 -8.027140161382662598e+01
4.400566840084818576e-01 -5.798783285127095155e+01
-4.510083529334902863e-01 -4.954001932130200316e+02
inf inf
1.854479664476651246e+00 -1.887328563588028985e+01
5.736163061651140538e-01 -5.400714881487167673e+01
inf inf
7.713178575482034782e-01 -5.644272580040192366e+01
1.935107060207582608e-01 6.035650176115152732e+01
7.433017909867515316e-01 -3.778823243667568477e+01
inf inf
1.858748354025046012e-01 8.187299520088652471e+00
6.309262880042169064e-01 -3.058839108782351346e+01
5.188575415174851990e-01 -2.521067636356825048e+01
4.744622741659885734e-01 -4.324943344524982081e+01
2.518183815107473134e-01 -2.695677463176101440e+01
6.209191098691158039e-01 -5.645630019600594807e+01
3.396057622692278399e-01 -7.255771125654891307e+01
7.661986222617878095e-01 -8.615211023690935832e+00
3.637863225766766462e-01 -6.334881981300316056e+01
4.671799225581877990e-01 -2.327731745394308405e+01
4.780013844813265078e-01 -4.059875995280756911e+01
2.421713027399569340e-01 -8.154127431969969564e+01
3.977304479189543995e-01 -5.815506107303654204e+01
4.105506573245588653e-01 -6.375446619607654242e+01
2.494642949199533388e-01 -7.758631284310020249e+01
4.511049581284259924e-01 -4.555850725040249927e+01
6.673129846955487832e-01 -3.018760725641558196e+01
3.708315014305339496e-01 -7.855495089203790826e+01
1.192479125457389377e-01 -3.732492939231160989e+01
8.256756406330851839e-01 -4.623227759421178007e+01
2.450135955839981006e-01 -7.585433790303972046e+01
2.002192115700389863e+01 1.409572965010786305e+01
3.488272181521859250e-01 -5.410868581799872601e+01
inf inf
2.976428177156702048e+00 2.261413791053210076e+01
8.457147782359013544e-01 -3.121323659733174694e+01
5.968404750426999916e-01 -4.649449870593295486e+01
2.471006878171947418e-01 -7.740562694226139229e+01
5.930858931403971690e-01 -4.146908553937183939e+01
3.762051443976997867e+00 -1.685927749089190897e+01
1.126700788233239575e-01 5.097777017010405842e+01
3.183055768536786623e-01 -5.478568420021672125e+01
4.274673470180210266e-01 -5.934612649874080148e+01
3.554928365952164104e-01 -5.843453851722139802e+01
4.446269497741111576e-01 -7.993702890920395987e+01
4.383782737521216277e-01 -5.298353093237042799e+01
2.985474343613486736e-01 -8.572547997913422080e+01
4.956092913449295367e-01 -4.647730048547832382e+01
4.887786040253354614e-01 -6.692428950707241597e+01
3.402895590403374193e-01 -7.646395908291903254e+01
inf inf
2.120474228310324505e-01 -6.555922116000220967e+01
4.685097140676065530e-01 -1.867644095191587184e+01
6.798422584561150117e-01 -1.729676392926130069e+00
inf inf
4.528168301841911658e-01 -2.817526084914946694e+01
5.658957309918805079e-01 -5.936901623949484019e+01
6.407500562764696372e-01 -5.327493876742342316e+00
1.053632819009786337e+00 -6.537006258240813850e+01
3.351322417060630388e-01 -3.423470130910384768e+01
4.903891106301825342e-01 -4.792645182951697791e+01
3.145865568637142284e-01 -7.901463099660001888e+01
2.529353615762496843e-01 -5.942852926849782591e+01
1.654358362971716900e+01 2.902312467009312869e+01
9.253695416636188442e-01 -2.418041770035429394e+01
8.675530125849835184e-01 -3.476468616829498615e+01
1.185924532984770297e+00 -3.383283177697770761e+00
3.337729086080483687e-01 -4.350232587964129038e+01
7.103028564720252902e-01 -5.707441152954630326e+01
6.023090291137019880e-01 -4.080026772038392835e+01
5.795279840650595649e-01 -5.538982664627326358e+01
1.525704604627469374e+00 1.072899723148652740e+01
4.076746226660548089e-01 -3.875617819416702758e+01
7.817481384356170793e-01 -4.378286254215824869e+01
5.716895225524991631e-01 2.095549288639168495e+01
2.931929864263940755e-01 -6.044423395060040605e+01
1.329778908740848475e+00 -3.295106191362091153e+01
4.475466667816299093e-01 -5.088546467329241807e+01
4.991391611633604342e-01 -5.396243392402459449e+01
3.866015294623686982e-01 -2.738194847506708030e+01
8.313159839420370956e-01 -3.788677638119121127e+01
