-7.981860171742970067e+01
inf
inf
-8.611769741915047405e+01
inf
-8.155246476515199561e+01
inf
-8.414227133694605243e+01
inf
inf
inf
inf
-8.409079757710503600e+01
inf
inf
inf
inf
inf
inf
-8.489778637018429208e+01
-8.435729374357026700e+01
-8.269016449632454169e+01
-8.735858686935345929e+01
-8.551824363942220941e+01
-8.260847546457137014e+01
-8.518707444704655529e+01
inf
-8.846145854356755933e+01
inf
-8.317824884257801443e+01
inf
inf
-7.983589829735967669e+01
-8.432312291093840884e+01
-7.273763402001249290e+01
inf
-8.584440354542674356e+01
-8.701513639701532554e+01
-8.376532932926428998e+01
inf
-8.241358812519925436e+01
-8.305014921432439223e+01
-8.376716330607847283e+01
-8.479981033997617601e+01
inf
-8.173383942332274898e+01
-8.477679856515565859e+01
-9.306448282998749733e+01
-8.399214099396951383e+01
-8.228810950232632138e+01
inf
-8.446339599816245425e+01
-8.301344058662061798e+01
inf
-8.368834512276352200e+01
-8.481716341575675244e+01
inf
-8.370231521434510569e+01
-8.221198869066282100e+01
-8.208577886401810986e+01
-8.527603048178411882e+01
-8.458999281942969617e+01
inf
-7.476829592429288596e+01
-8.492024520868044135e+01
-8.536935136826244275e+01
inf
inf
inf
inf
-8.619499919371619967e+01
-8.287583429671644808e+01
-8.436804525265038990e+01
-8.321467761637053684e+01
-8.499565400887277633e+01
-7.063423033795653794e+01
-8.356585253545870273e+01
-8.244563245990210021e+01
-8.207181258484786213e+01
-8.006373229451783402e+01
-7.775864027377095056e+01
inf
-7.747995361080695886e+01
-7.557888680923049662e+01
-8.493085826004141836e+01
-8.511207234552696832e+01
-8.347630390754881091e+01
-8.205594357328912736e+01
-8.447531113705368000e+01
-8.441798728639642491e+01
-8.372817827061552975e+01
inf
-8.419728524705556083e+01
inf
inf
inf
-8.137852904595393966e+01
-8.479032342278863155e+01
-8.490026770208160656e+01
-8.418319305794726404e+01
-8.307764790891643258e+01
-8.887667555981350631e+01
-8.353730413554789891e+01
-8.349400314874090157e+01
-8.301289679830320267e+01
-8.210056374091452369e+01
-8.480879133818265814e+01
inf
inf
-8.597857010513119747e+01
-8.215198223381668186e+01
-8.096448433011948964e+01
-8.510322179127896902e+01
-8.399055408490103503e+01
-8.246994433851715200e+01
-8.231023669311517210e+01
inf
inf
-7.506251363326936143e+01
inf
inf
inf
-8.608456904357019823e+01
-8.588584001249756739e+01
-8.301228631458317864e+01
-8.214613742156433318e+01
inf
-8.321895085574774953e+01
-8.429053729198267320e+01
-8.143803423915238682e+01
-8.508129327336688164e+01
-7.123290953305428275e+01
-8.391220215721079967e+01
inf
inf
-8.328834860467107148e+01
-8.373135448753953369e+01
-8.123524801917893967e+01
-8.449412135684289638e+01
-8.244732759990029081e+01
-8.432510183876655674e+01
-8.444782772607818799e+01
inf
inf
-8.090918591548971506e+01
-8.332378234739729805e+01
-8.679005022904914313e+01
-8.587736274703088668e+01
-8.225109849247145632e+01
-8.278250869939772372e+01
inf
-8.398271676289046184e+01
-8.364319931389269414e+01
-8.986646008569118749e+01
-8.422994424540449643e+01
inf
-8.125828671104484613e+01
-8.662797964381378790e+01
-8.306796789070359921e+01
-7.288014054461064006e+01
-8.490759472950600184e+01
-8.403768105808777023e+01
-8.328075432411746704e+01
-8.499827241476734230e+01
-8.075417262399844276e+01
inf
inf
-8.340434784210529529e+01
-8.191732135254994773e+01
inf
inf
-7.396775830360749637e+01
-7.917169270194885655e+01
-7.092623967758480319e+01
inf
-8.146311714323834963e+01
-8.682002779781922186e+01
-8.474522167351278767e+01
-8.636786958613456022e+01
inf
inf
-8.444310064771416080e+01
inf
-8.365578374645076565e+01
-8.539858439439751692e+01
-7.966947671317329593e+01
inf
-8.536576463821671723e+01
-8.787371493127660926e+01
-8.437229150638943054e+01
-8.519830691654017585e+01
inf
-8.233735024126316659e+01
-7.911167401588797077e+01
inf
-8.030826990944602528e+01
-8.317890236596609554e+01
-8.175293341476049136e+01
-8.565676575608867438e+01
inf
-8.466892286129758816e+01
-8.567323250840058790e+01
-8.580568113606315706e+01
inf
-8.567438161752869519e+01
inf
-7.915953174512314661e+01
-8.482534862757481164e+01
inf
-8.305963980219269160e+01
inf
-8.440397801416690982e+01
-8.425453826659285994e+01
inf
-8.664715823970168174e+01
inf
-8.408942153014328369e+01
inf
inf
-8.571355468713005621e+01
-7.870834334133532195e+01
inf
-8.165831591646154664e+01
-8.487454939590732295e+01
-8.273838151956503850e+01
-8.348894879357921184e+01
-8.430752206339748511e+01
-8.430054213321518830e+01
inf
inf
-8.501625268265871682e+01
-8.098739768894924396e+01
-8.611434456608459698e+01
-8.325188368826906071e+01
-8.495485559463949699e+01
-8.294860196773093719e+01
-8.282300286696165870e+01
-8.510334788015752849e+01
-8.655656234870890842e+01
-8.525502679372797843e+01
-8.155013323592228858e+01
inf
-8.614601613355905840e+01
inf
-8.155250713399958329e+01
-7.581605901752034526e+01
-8.438687123846963800e+01
-8.578816031776491968e+01
-8.653213494856062482e+01
-8.513089211787557531e+01
-8.851885169496095784e+01
-8.629966382062738717e+01
-7.528982890806186390e+01
-8.788065635566699996e+01
inf
inf
-8.422655937146269878e+01
-8.248698342057529942e+01
-8.500484115168752908e+01
-8.317730608667123704e+01
-7.207839550306341891e+01
-8.235367187612538942e+01
-8.217750205066825231e+01
-8.687197690763670721e+01
-8.147094784389227584e+01
inf
-8.533727656372249726e+01
-8.779685992040661802e+01
inf
inf
-8.610451415824516630e+01
-8.552494021455754591e+01
inf
inf
-8.541074057813179365e+01
-8.135383947285836825e+01
inf
inf
inf
-8.464165250062100654e+01
inf
-8.644465376439896431e+01
-8.696245117400039248e+01
-8.366095837279276282e+01
-8.526250062287300580e+01
-8.478782095830744936e+01
inf
inf
inf
inf
inf
inf
-8.233987576024632915e+01
-8.256074368957281706e+01
inf
-8.482567526232686816e+01
-8.687906445919840337e+01
-8.439725959762365903e+01
-8.615417234504693056e+01
-8.851838320691882700e+01
-8.778902334740277524e+01
inf
inf
-8.497716049370588109e+01
-8.432517917546978481e+01
-8.562635111047737269e+01
-8.571965223195964256e+01
-7.026154722125679086e+01
-8.481801810320858692e+01
-7.597951404252761165e+01
inf
-8.589680994044310580e+01
-8.235340712665241369e+01
-8.142050018424063751e+01
-8.571629585240782490e+01
-9.092428689405699060e+01
inf
-8.374935164116746478e+01
-8.554210270739623923e+01
inf
inf
-7.578664057526223985e+01
inf
inf
-8.426249974076492322e+01
inf
-8.484614067595465770e+01
inf
-8.031935861428193846e+01
-8.566269171115472147e+01
-8.538511708971354608e+01
-8.669290092616651577e+01
inf
inf
-8.479698073073878106e+01
inf
inf
-8.095180596137902285e+01
inf
-8.747423450822667235e+01
-7.535747136827390591e+01
-8.241595581195765874e+01
inf
-8.682069715176533009e+01
-8.508227839302173834e+01
inf
-8.879802939989865251e+01
-8.988150199564734066e+01
-8.888206252220741987e+01
-8.623196925293747483e+01
-8.501950590141009911e+01
-8.399475135889893807e+01
-8.595279355115012265e+01
-8.748788283616606520e+01
-8.634480420344877416e+01
-8.694677706062303457e+01
inf
-8.785260596084430063e+01
-7.513586651377984538e+01
-8.484097603636564600e+01
-8.417070206671078836e+01
inf
inf
-8.728481095413519597e+01
-8.034586184300007972e+01
inf
inf
-8.412639791240934528e+01
-8.378112582794470597e+01
inf
-8.800930792100288613e+01
-8.886021612326156571e+01
-8.948321887623950488e+01
inf
-8.155304454722582364e+01
-8.024705132157750143e+01
-8.450578456567794206e+01
-8.603478156669612531e+01
-8.476227670276763604e+01
-8.506570557980936087e+01
inf
inf
inf
-8.228113820544103874e+01
