-8.330494410544791606e+01
-8.886523520219941474e+01
-8.366792698110992887e+01
-7.823461106760164796e+01
-7.875456357968396048e+01
-8.180072286033666273e+01
-8.221379066877393882e+01
inf
-8.167736708784246957e+01
inf
-8.364662908571877153e+01
-8.146749286232100928e+01
-8.288579190885835146e+01
-8.434383036025198521e+01
-8.065331651974042870e+01
-8.388678121808513310e+01
-8.072799138356656101e+01
inf
-8.564878435899304066e+01
-8.376682413278520301e+01
-8.277445625634955206e+01
-8.451869399400470684e+01
-8.505620509013252217e+01
-8.637011959792442894e+01
-8.510592476731302725e+01
-8.249250653741216865e+01
-8.261099898318124701e+01
-8.207440032322838874e+01
-7.967466685105415536e+01
-8.215793360970440062e+01
-7.828999625156549769e+01
-8.204868449244301587e+01
inf
-7.566812247082208387e+01
-8.301248706214408912e+01
-8.336013214488674805e+01
inf
-8.396445600184816271e+01
-8.474151276052272408e+01
-8.378583187609962124e+01
-8.484633108386273648e+01
-8.388500760279239898e+01
-8.377243271292103088e+01
-8.418712296616054402e+01
-8.462007003470742461e+01
-8.506634175622980365e+01
-8.380265048654807458e+01
-8.518609243509159512e+01
-8.427372103971437411e+01
-8.237589395134608594e+01
-8.427657370004762072e+01
-8.184684240405954370e+01
-8.083224837535883012e+01
-8.182410749672243355e+01
-8.014460405763688300e+01
inf
-8.309189083625386729e+01
-7.952731754150968868e+01
-8.277147978094660630e+01
inf
-8.403274777298119602e+01
-8.327858014217147797e+01
-8.344015480118412142e+01
inf
-8.387109686114649776e+01
inf
-8.418492007211985140e+01
-8.508401045438934318e+01
-8.363652443433095129e+01
-7.530994535826047809e+01
-8.500884157580397016e+01
inf
-8.505757722219696859e+01
-8.265201581009104359e+01
-8.301394083873105956e+01
-8.374948755616681240e+01
-7.811737068072646650e+01
-8.069696954229544872e+01
-8.161808168462366098e+01
-7.701343761604223914e+01
-8.278206245920645756e+01
-8.172262012602624281e+01
inf
inf
-8.219986491760001002e+01
-8.215913466024424849e+01
-8.285455663962714823e+01
inf
-8.195510010876203921e+01
-8.300851455098285214e+01
-8.387104319978513445e+01
-8.005508870723706139e+01
-7.864148576090663312e+01
-8.344056451909820282e+01
-8.452112493311599906e+01
-8.682281060821810570e+01
-7.204400731511775291e+01
-8.369477622789199245e+01
-8.435333145133748189e+01
-8.302487716073324009e+01
-8.048159244455099781e+01
-8.084167300250393851e+01
inf
-8.151532881776422812e+01
-8.011776711607329560e+01
-8.270473726048558660e+01
inf
inf
-8.374212002522642706e+01
-8.329943337309448737e+01
-8.342137023097473048e+01
-8.089674660908463011e+01
inf
-8.406361788925249812e+01
-8.407646299882553365e+01
inf
-8.283734406898290104e+01
-7.846585186349631158e+01
inf
-8.554870604217776986e+01
inf
-8.296619511851523043e+01
-8.404911815809127518e+01
-8.485463612455151861e+01
-8.109313632402940186e+01
-8.132989651117823371e+01
inf
-8.393068767945645448e+01
-8.263436430051785919e+01
-8.220636618715177235e+01
-8.348115393343434221e+01
-8.330071875772966905e+01
-8.348184202601619575e+01
-8.228251733394839107e+01
-8.181667279836176476e+01
-8.191739337086698924e+01
-8.237607398511610768e+01
-8.351061366658500162e+01
-8.064409325302560205e+01
-8.455619782581875654e+01
inf
-8.477727566331236631e+01
inf
-8.530612216975106321e+01
-8.425021111767647142e+01
-8.462371677074199283e+01
-8.115657399789886028e+01
-7.902090897878210285e+01
inf
inf
-8.348746232168812753e+01
-8.140077030112277612e+01
inf
inf
-8.185044737503501722e+01
-8.380242527666644037e+01
-8.396405311590200427e+01
inf
-8.205917477037064600e+01
inf
-7.940101804010907927e+01
-8.498825364675374772e+01
inf
inf
-8.344298298160580885e+01
-8.382533680026035938e+01
-8.595191943513012234e+01
inf
-8.354137234552490554e+01
-8.360432121571558639e+01
-8.327290846156921589e+01
-8.328028781921256041e+01
inf
-8.127741969117035126e+01
-7.971451867768062982e+01
-8.199669835304247556e+01
inf
-8.158007712799097533e+01
-8.452718035203764657e+01
-8.080644834384064268e+01
-8.294451572013542773e+01
inf
inf
-8.219344879246766311e+01
-8.266997054466054351e+01
-8.474139969142871109e+01
-8.511991097376238713e+01
-8.493339064729568122e+01
-8.231112049941484088e+01
-7.910734682136410356e+01
-8.613240344487796563e+01
-8.653592733724164532e+01
-8.287368221572270954e+01
-8.011354443894883559e+01
-8.466121141600385158e+01
-7.785896727954447272e+01
-8.163523114520177160e+01
-8.183670287095144147e+01
inf
inf
-8.282285000529860497e+01
inf
-8.946733031052254148e+01
-7.945496067811772889e+01
-8.338465852891124541e+01
-8.366937612201385832e+01
-8.155798770539894349e+01
-8.102170195527683916e+01
-8.442573050852168137e+01
-8.517974200538684215e+01
-8.275006889167579516e+01
-8.300607754613895395e+01
-8.426932895396834056e+01
-8.411619887648390659e+01
-8.511180778032064609e+01
-8.502428882650114872e+01
-8.365379989872120348e+01
-8.347943358510140399e+01
-8.370309999990978156e+01
-8.551243093781874904e+01
inf
inf
-7.480538724656628347e+01
-8.239553128706673135e+01
-9.488685441965246525e+01
-8.199367086858129028e+01
inf
-8.481339224405400046e+01
-8.263559034082000210e+01
-8.395040272309472584e+01
-8.261556851187863515e+01
-8.202596912767539550e+01
-8.071901047706609234e+01
-8.494285724795948056e+01
-8.480796102207126808e+01
-8.516496296738802130e+01
-8.364638901702092255e+01
-8.282373481869586840e+01
-8.563446344441069868e+01
-8.420241421173051322e+01
-8.386769292986704727e+01
-8.417114361308277637e+01
-8.137281424524529427e+01
-8.476371272190989714e+01
-8.072128663359630707e+01
inf
-8.274372708326983172e+01
-8.356983276155605722e+01
inf
-8.237186722889572366e+01
-8.481014238941814654e+01
-8.221441114314826848e+01
-8.253771914173704261e+01
-8.525326246539427189e+01
-8.238840775495405921e+01
-8.125248623954185234e+01
-8.507476814083271677e+01
-8.572102003168849649e+01
inf
-8.313805100431284245e+01
-8.505089312005338797e+01
-8.398916690846402844e+01
-8.580987798366032848e+01
-8.614878150405070301e+01
-8.278429380915775937e+01
inf
-9.088667963152373375e+01
-7.087870904808076489e+01
-7.415100645634269938e+01
-8.180302629963986760e+01
-8.037939291913268391e+01
-8.155456774628184746e+01
inf
inf
-8.467114946289930799e+01
-8.209663370875765054e+01
-8.513263339878810143e+01
inf
inf
-8.199099382251306167e+01
-8.325727647858030878e+01
inf
inf
-8.297790327100219088e+01
inf
-8.400986630606546157e+01
-8.506297128037488164e+01
inf
-8.218581356945476557e+01
inf
-8.136157874625240538e+01
-8.509596270991318079e+01
-8.011446812460611966e+01
-8.095558282332272881e+01
inf
-8.186149668155510994e+01
inf
-8.167942031842197537e+01
-8.342294386236702053e+01
inf
-8.488598124333660166e+01
-8.643380450470340293e+01
-8.321730984067704640e+01
-8.190662891104548748e+01
-7.718384469478829146e+01
inf
inf
-8.525637020672759547e+01
inf
-8.476256086399556011e+01
-8.635838690567835840e+01
inf
inf
-8.054220193453718935e+01
-8.418126886561057631e+01
-8.313346121248676468e+01
-7.832721020101877230e+01
-7.998836669994240367e+01
-8.275950659539364551e+01
-8.243488332341377145e+01
-8.236926508739679775e+01
-8.259294765133027738e+01
-8.337954410413249207e+01
-8.536960092254911103e+01
-8.464392406636562782e+01
-8.457214802046102875e+01
-8.176383080759461564e+01
-8.078722004626816044e+01
-8.059174921343439735e+01
-8.310398402096765835e+01
-7.881970653977042218e+01
inf
-8.542221132796100846e+01
-8.362401050396447033e+01
inf
-8.498376759015739879e+01
inf
inf
-8.376492308413514820e+01
-8.468795826016585693e+01
-7.955160118554927351e+01
-7.946883892966648943e+01
-8.027968649125745060e+01
inf
-8.179237775863323634e+01
-8.141918661371482813e+01
-8.531907614321399080e+01
-8.537353498938624341e+01
-8.461554781081048304e+01
-8.449829248375164070e+01
-7.930952057439561997e+01
-8.248197024668843369e+01
-8.410227683162671042e+01
inf
-8.435532450999544096e+01
-8.767724065407010414e+01
inf
inf
-8.357516513985116546e+01
-8.459440438867422074e+01
-8.356117735644724576e+01
inf
-8.399358821186403645e+01
-7.965230793478150417e+01
-7.894730139146905401e+01
inf
inf
-7.633161817444153030e+01
-7.909403355351072662e+01
-7.544809970378049968e+01
-8.253627103690416789e+01
-8.420911748086807336e+01
-8.196208792542130084e+01
-8.293645026288972133e+01
inf
-7.184154260267094116e+01
inf
-7.166171667737069129e+01
-8.399301732042884794e+01
-8.412981525840901043e+01
-8.384637073180738298e+01
-8.229740846478382821e+01
inf
-8.314071327082783114e+01
