2.136291154070736331e-01 -3.475802376478731048e+01
3.842444076691590160e-01 1.824916029719194910e+01
4.036354118521832124e-01 1.157438737842218934e+01
6.120197631767836377e-01 -3.237683665592662408e+01
1.558192195967092353e+01 2.530415934835765768e+00
8.124274717124766454e+00 3.396624430220678281e+00
inf inf
2.122186974148878580e-01 -4.224201382635723689e+01
2.487872187768973287e-01 2.388732150696338508e+01
5.332341786548349116e-01 -1.924370085340185810e+01
inf inf
4.433853370904432545e+00 -1.288129331347729511e+01
2.647130250379666760e-01 -5.987064086580060263e+01
inf inf
3.566077858544828283e-01 -1.249700441717897803e+01
2.233863618409076768e+00 5.537756394396257065e+01
5.758617491588222670e-01 -1.905753577900895834e+01
3.621004203840377045e+01 -9.634939906987918690e+00
1.752982725578100809e-01 -5.335667855410940064e+01
2.398757885165283821e-01 4.806774200096982241e+01
inf inf
3.551914794372798556e-01 -1.406630177060120346e+01
4.064893351771268204e-01 2.711349093926292397e+01
2.762557400773956728e-01 9.301306156890186472e+00
2.478784385159283343e-01 -3.561500555515644351e+01
3.378654898275066931e-01 -5.327857505848158581e+01
4.089931776147456843e-01 -3.899033153023440690e+01
4.800809082322261556e-01 -4.789076202827890683e+01
1.158775728479168210e+00 5.608096194206501650e+01
1.508778524072232619e-01 -3.442854164091908586e+01
2.495093920450631719e-01 -2.032941845071523446e+01
3.686571718265120090e+00 1.747845517833197526e+00
5.090750924145299727e-01 -1.325756957036455574e+01
1.774506321021476485e-01 -2.218520517251046087e+01
6.829487867199939277e-01 6.326249484079242791e+01
1.333962401362845385e-01 -1.807501328650034012e+01
2.639661764649674502e-01 -5.541103986757131139e+01
3.351655067565808555e-01 -1.825397379362227923e+01
2.861038505172668889e-01 -7.618128407512213585e+01
4.726773353780160392e-01 -1.022409372346578671e+01
3.514642466020651002e-01 2.578335979265498423e+01
3.750978610098937294e-01 -4.383266357358931486e+01
3.707701490235330022e-01 1.852896391812810961e+01
3.213323345861042735e-01 -7.547119694594441341e+01
6.690877146309843759e-01 -3.409724133272978719e+01
6.964494030776012812e-01 -1.164742348547687101e+01
3.710724215077430554e-01 -6.915695361878037772e+01
1.247062749428137707e+01 5.456683112557066728e+00
2.935399499096666420e-01 -2.466574807574736461e+00
2.279396790177560916e+01 9.838529625371549514e+00
1.793607909114910726e+01 3.474858069683242068e+00
inf inf
5.579822475974431928e-01 1.024009698772714572e+01
2.691662025373700917e+00 -3.630681618274246514e+00
3.586798104575158463e-01 2.350098130305999344e+00
3.542306847553265969e-01 -3.630693362896046050e+00
3.891149763618562685e-01 -5.716076990260190627e+01
8.122023796561690379e-01 -2.398196319155363199e+01
3.120887691146530529e-01 -1.582579091375197855e+01
1.303708795229864936e+00 -1.050637447024987914e+01
1.639158993315962221e+01 1.211450106718031350e+01
1.457008052124467989e-01 -5.646174628483298363e+01
6.912884789513247530e-02 -1.574202894782561941e+02
3.765911375541057260e-01 3.238555820955981090e+01
1.742300351493845412e+01 7.078120356858784490e+00
3.730269159514472133e+00 -1.648092759993605227e+01
3.147542628390502251e-01 -6.634892056877086475e+01
2.027879641482508433e-01 -3.520933098637798508e+01
1.990207741432774569e-01 -1.710722296307093870e+01
inf inf
9.404504539203798474e-01 -2.905169736881068587e+01
2.031465706337968413e+01 2.789365136578124460e+00
2.780996583113149456e-01 -3.142693629309367509e+01
1.374738216419616599e+01 8.851524111141497286e+00
3.201354421010854101e-01 -5.040687071528977015e+01
5.321142562968251832e-01 -3.679521987181946230e+01
inf inf
1.332762284264126684e+00 -7.514128160239388876e+01
2.023731105857380363e-01 -7.842558022631817494e+01
4.346556348421491411e-01 -4.141529433787003001e+00
inf inf
3.084396378252540671e+01 1.567365555123225818e+01
1.303953865871052276e-01 5.498362372584792723e+01
8.635352855449270892e-01 -7.924918471151293886e+01
5.201805217961431582e-01 -3.720624661692522039e+01
5.510522723553211710e-01 -3.832726316403654465e+01
9.077737608928715396e-01 -1.645513986152401031e+01
inf inf
1.006922780929236261e+00 -1.556592823323252972e+01
4.053800189941774335e+01 4.262834953878895661e+00
3.409956083258706139e-01 -4.263132688484513722e+01
5.974225818804010935e+00 1.963330755498983726e-01
1.523345365959718756e-01 -3.961156359243236125e+01
inf inf
5.755269501364224105e-01 -8.164096060316310854e+01
2.711982839907040588e-01 -6.738741817487509422e+01
1.570912624050055384e-01 6.911024478011563588e+01
3.480799836799643288e+01 -7.089053832342127048e-01
inf inf
1.533751054168468464e-01 -8.127947701138384673e+01
inf inf
1.279097702269200720e-01 -1.257851343915704767e+01
2.053788711557650304e-01 -4.199677694775880354e+01
1.790687797088763844e+01 1.058965578435284982e+01
-8.580626954945315410e-02 -3.850795036368339197e+02
3.837424895367508859e-01 -4.629058617356976413e+01
3.232799872407410735e+00 -3.184519310694249583e+01
5.095750196984799807e+00 -5.629778576933393452e+00
3.791091388498786330e+01 3.932670447169160255e+00
3.323699068794253031e-01 -6.529305877568987171e+01
2.404294687088484039e+00 2.935124265985704639e+01
inf inf
5.089287229926767742e-01 2.582517728171477245e+01
inf inf
2.394952280197103267e+00 1.397023243282757399e+01
5.403800628142503282e-01 -5.299693027893638053e+00
1.660626985203104700e-01 -3.217027913305435760e+01
5.079069410516183769e-01 1.351183358194981388e+01
inf inf
1.554602485896145225e+01 -7.550486065140269432e+00
inf inf
3.661621760464783826e-01 1.093207423358410679e+01
2.198882153769704217e+01 1.072388472133023107e+01
2.270674827002146512e-01 5.314758799449246141e+01
inf inf
7.783576754663448227e-01 -1.939454892874778480e+01
5.520040801790935703e+00 -7.449757405743226535e+00
1.966066783129486240e+01 5.483879475139672444e+00
5.304268019276453527e-01 -1.152892048176799378e+01
2.263730691499863390e-01 -3.689973933047070176e+01
3.436250845172464263e+00 -4.780055705676215183e+00
1.999303956078203603e-01 -5.217517098856891522e+01
6.502747575038033689e-01 -1.293434113511042050e+01
6.571168269724565469e-01 1.578113278156411781e+00
inf inf
1.772236473377988286e-01 -6.053859617701093754e+01
inf inf
5.427561825092367398e-01 -3.114395331297996705e+01
2.308880891321285767e-01 1.143335220987743206e+01
1.617889637632727862e-01 -4.460455005941737738e+01
4.917621414601518470e-01 -2.002786310677600667e+01
inf inf
9.999795427107658341e+00 -7.277668609129492872e+00
8.966489838290598868e-01 2.284125183984338392e+01
7.030895836885261430e-01 -8.108798616703507545e-01
inf inf
3.940549443493976400e-01 -1.851778159342202557e+01
2.504198547131799013e-01 -1.144865165041752775e+01
1.635499813849873529e+00 2.270505836205853356e+01
2.174585544765131884e-01 -5.209645617095819858e+01
7.418415891271064044e-01 -7.306351026256301395e+01
2.298133842702260310e+01 9.663573318941068635e+00
1.210361556242469661e-01 6.476356332104342073e+01
1.394395405453531644e+01 1.115100302860364678e+01
1.851478410838760746e+00 -2.085647641265634178e+01
1.503973849659489548e-01 -3.815518480885212682e+01
5.036496097642712000e-01 2.274852439211144883e+00
7.186045040639402082e+00 -1.208129927326951325e+01
4.507310491588308210e+00 1.519005618410268532e+01
inf inf
2.244357212391293377e+00 -3.639883359051414402e+01
inf inf
5.022188626857166938e-01 -2.590614906990076705e+01
6.681045579540258572e+00 7.674217140442953777e+00
4.173708642074953623e-01 -6.264030128772513706e+01
1.644431012394227953e-01 -4.797373251610869005e+01
3.854759297013025943e-02 4.944137357153761059e+02
1.858437407604182079e-01 -4.040598949170506415e+01
inf inf
4.881313666347408819e-01 -5.780021141232079174e+01
2.358028210124538671e-01 -2.177014237503383143e+01
3.470271781511014009e-01 2.050170543832022929e+01
2.720637422676188133e-01 2.050132648503958421e+01
2.298091053480468549e-01 -3.742269290392240322e+01
1.937176866130163877e-01 9.302305528817502989e+01
2.823888151338734831e-01 2.843804674895343254e+01
6.573153369958297354e+00 2.181380237290609969e+01
7.327743960049762917e-01 -3.086766290374603727e+01
inf inf
1.779598406655292231e-01 1.052691705736054928e+01
1.266280003012979050e+00 -1.995566377204266928e+01
3.442788258746783403e-01 -9.954881702459418946e+00
4.724740052581641692e+01 2.063280409370274793e+00
7.611107589925151240e-01 2.585995472726240152e+01
inf inf
2.838196267047018395e+01 4.117640310846546470e+00
1.755394175823190017e-01 -3.816992345674864140e+01
inf inf
3.475187214394317992e-01 -3.942124621327490530e+01
inf inf
1.463575300385538291e+01 8.551474619678115729e+00
2.135291523823789339e-01 1.154716576954914231e+01
3.034850791617242360e-01 -4.017621196477267631e+01
1.473819505548225328e-01 -4.770520509147127086e+01
2.124448409756627409e-01 -2.039191944082939756e+01
5.266596539828508128e+01 -4.878189313184358333e+00
1.527598575349553656e+01 2.166702454685705881e+00
1.264177568900751147e+01 1.019281413801894054e+01
2.119977412761517022e-01 -5.990874302433975629e+01
1.842460147724510888e-01 -1.974300822832324442e+01
8.842036573548701650e-01 1.904561639698545150e+01
6.931772613758496737e-01 -7.939984373552537278e+00
5.082046429964101719e+00 -4.138759821101683833e+00
inf inf
6.958444375073945531e-01 -1.466686744011825638e+01
inf inf
inf inf
inf inf
3.908698812376005804e+00 -2.941938796355374919e+01
inf inf
1.930400971342654537e-01 -1.734883969733607145e+01
7.900983537468240225e-01 -5.055823739394206484e+01
inf inf
4.700220762971006327e-01 -6.615302724705388471e+01
3.223678561855361502e-01 -4.465418300872462964e+01
4.734980696649199183e-01 -3.621110846072830469e+01
4.737242132256949678e-01 2.541820363591382659e+01
7.090457255933002578e-01 4.677621446948291073e+00
3.923947141318801357e+01 -2.243151822876256585e+00
1.814647574162300270e+00 6.732580374558483349e+00
3.167012285107682623e-01 -4.621325790479049545e+01
2.722317530534156660e+01 1.058018510537858958e+01
inf inf
8.599064174476168887e+00 3.412569529862505391e+00
inf inf
8.913226229999218209e-01 -3.460671125665437842e+01
inf inf
2.142748793506130678e-01 1.417682007225687890e+01
inf inf
6.393427562590030533e-01 1.230712826630415080e+01
inf inf
inf inf
2.674140385832705391e+01 -1.497883744348746493e+00
3.979992077066702993e-01 -8.290056329282743164e+00
5.406170018208897865e-01 -4.605410319002938024e+01
5.445323838554596563e-01 -3.307374399580626800e+01
1.381606769780786836e-01 -3.255324273512939470e+01
4.108205521783790393e-01 -5.026778469796833093e+01
6.095006388742395531e-01 2.240948787080256910e+00
3.025160126446279074e-01 -5.358900396418400192e+01
2.226423312998806470e-01 -3.550184370500830511e+01
inf inf
2.780623453247898880e+01 9.832825093838893693e+00
2.011460749726556307e-01 -1.376473725321815778e+01
9.601224200970754907e-01 -1.706048500008387947e+01
4.417257630117135392e+01 -3.633488213317310755e+00
2.217233163954295538e-01 4.084818246544997322e+01
2.277356787390572290e-01 -1.774204059126602218e+01
inf inf
3.459619157993156335e+01 1.302176755688840437e+01
5.695521615524278269e-01 -8.807689470295406053e+00
3.884752410439295534e-01 -4.236276576442939756e+01
inf inf
1.655898593934450957e+01 7.823153978844046841e-02
inf inf
8.349269334018373234e-01 -1.789594296510071203e+01
5.158622032496904541e-01 -4.378396919328871917e+01
inf inf
1.230445992571552294e+00 1.389548197831483911e+01
1.954434157448070586e-01 -3.645342608141728391e+01
1.605560397251732108e-01 -6.425859670784758748e+01
inf inf
5.883356765545229017e-01 3.414347234584155455e+00
1.716903504294891858e-01 -9.970388138760364782e+00
2.243544609738938322e-01 -1.273839048625439396e+01
2.294452848023484023e-02 7.877976583259516019e+02
1.191154915842718331e+01 9.809364106755548818e+00
7.795283504399781460e-01 3.461478336183782201e+00
1.280662340916597502e-02 1.409657872461545367e+03
7.095406336959260152e-01 -4.954587891814668410e+01
3.482085083700037775e-01 -4.052574946634206299e+01
2.887457905415958259e-01 -4.357388169114561549e+01
8.017401906073736706e-01 -4.773416777505321562e+01
3.119760478357547773e-01 -4.594079568748200870e+01
5.236921261152565066e-01 -2.484342219887739844e+01
3.971229539838906919e-01 -2.276176501088180615e+01
3.357652849047489951e+00 -4.297541875513908316e+00
inf inf
inf inf
2.198896538350817309e+01 2.117318206798688607e+01
5.723334609688273122e-01 -1.528443064975403765e+01
2.638149098363083667e+01 1.163712040361551381e+01
2.839523321765032859e-01 -4.662018266991018578e+01
2.832637565790776790e+01 8.773421602707241362e+00
1.094819441359751594e-01 -8.255966924277049657e+01
4.039716128805392326e-01 -7.249074596007035964e+00
inf inf
2.452998691608309079e-01 -5.923436646691066443e+01
1.102041174041410887e+00 -4.041385509244948437e+00
3.343285933209393335e+01 3.485945432455698878e+00
5.418071646773175987e-01 -3.336964231811113990e+01
3.987965144740421408e+01 -1.708243324385269490e+00
inf inf
8.510872952594206176e-01 -1.616416928959849386e+01
6.425516674921192273e-01 -2.281899232860751781e+01
1.881055969699542696e-01 -1.465444047018343809e+01
3.998519585781148966e-01 1.182570479395923968e+01
3.490026045437354951e-01 -8.731262102856648255e+01
2.905885871707498680e-01 -4.645040184857185750e+01
5.306309339949041304e-01 8.169913969869339709e+00
inf inf
inf inf
inf inf
inf inf
1.794341060089715834e+00 -3.067557169873939316e+01
2.002342102985824601e-01 1.091215792908266025e+02
2.969507500005111877e-01 -3.204979186122522350e+01
7.738118113531603504e-01 -2.852528635748952013e+01
4.567806908408404420e-01 -2.737232988065557038e+01
2.450031486202083553e+00 1.495584947441096624e+01
1.809696670528298801e-01 6.715229681644822790e+01
2.221566764365673907e-01 -2.904673836256425901e+01
1.801154248235666833e-01 -6.319256508014586871e+01
4.992841838176815816e-01 1.398376989900174472e+01
3.868719070321366416e-01 -3.914488356779706635e+01
3.476754572933269571e+01 -3.257462727189190943e+00
8.417040899947066113e-02 -5.082180076187993478e+01
3.344273351984459453e+01 2.938319170101271194e+00
2.210908981465894740e+01 1.067900064900565305e+01
1.369264911346183833e-01 7.841578140993287427e+00
1.758105655342958595e-01 -2.289443623688482532e+01
2.777065638812461490e+00 3.694626794398164549e+01
9.292102917663523642e-02 -3.131861846909640690e+01
2.903295231081116157e+01 -2.166672854004570326e+01
1.384068692240308374e-01 3.386296788444698080e+01
1.037336215741251788e+00 -3.421623665884881405e+01
1.300605441025209430e+01 -6.598921126110690594e-01
3.438048076608035686e-01 -4.658388176500205446e+01
2.635402750955179130e+01 4.873553730525063798e+00
2.767797874718202777e+01 1.138513652307312540e+01
4.124882382635726707e-01 -2.779407644147026701e+01
2.818306765626118482e-01 -7.860672542378944172e+01
2.255299027677790669e-01 -1.044254790587970483e+01
2.071744201841868027e-01 5.428406825020869775e+01
2.717240572544610444e+01 -2.162000279154543958e-01
3.596798753263090287e+00 -2.700499813529650694e+01
3.018848295630355283e-01 -5.774828920825326151e+01
5.503873009301784025e-01 -2.459869487827171852e+00
2.008659541825575379e-01 -3.781899173404503500e+01
2.808412809591471215e-01 -5.302254911915741076e+01
3.669188386611729191e-01 -1.337779494012259818e+01
6.546462120760054848e-01 -6.182451788976938900e+01
inf inf
6.238993802475468753e-01 1.685070978859860347e+01
inf inf
3.499907383418393580e-01 7.800034681204122933e+01
2.906204127059612285e-01 -6.240862822436301371e+01
1.210813002160445601e-01 2.902709565488580523e+01
5.753571672150966654e-01 -6.648682800926154357e+01
inf inf
3.720932220446320216e-01 -5.528445412708176576e+01
1.714909753684406368e+01 6.297241826835113798e+00
2.838805634915927101e+01 6.883114769560232382e-01
6.455425667990077887e-01 2.907249427742020131e+01
3.015782220764081245e+01 2.074144483905110192e+01
1.463745812349961373e+00 -2.170520947920604371e+01
1.691197640963076410e+01 1.077549731259438204e+01
9.548518731250638325e+00 -6.255320606694501961e+00
inf inf
2.652287879791947489e+01 3.932754451839507226e+00
1.893270385792705568e+00 3.418004665428905353e-01
1.411682601558490180e-01 -1.108900391497880662e+02
4.101997439408640589e-01 -2.370300514342063569e-01
1.030560601354933992e+00 -3.042258992660242711e+01
-2.108014095935155721e-02 -3.359184803279302969e+02
2.835832821485876121e+00 -8.705053506044590605e+00
4.322214721005655513e-01 1.482444048566294370e+01
2.466135487420217931e-01 -4.752164502090664655e+01
inf inf
5.815163756626025915e+00 9.259325842259647388e+00
3.539516855699936793e-01 -3.448027469600236117e+01
inf inf
inf inf
1.729059975481873934e+01 7.756489569779463800e+00
4.172770419688897725e+00 -7.124651640196881797e-01
1.694982860764649546e+00 -1.178465873175650103e+01
inf inf
1.402067616669056349e+01 1.530332637877259039e+01
3.029928348704155616e-01 -1.857989280339024774e+01
1.696870241183218608e+00 2.452047524943905543e+01
1.412610645381300145e+01 4.670543625522506659e+01
2.409436123331967039e+01 3.778955031898577399e+00
3.773451363574828465e-01 -1.223296959104480663e+00
7.502845671372477909e+01 5.857406240114990670e-01
