3.619255566144696235e-01 4.990491224441079510e+01
inf inf
1.393774881234169927e+00 3.336585514367062189e+01
5.359599324524148001e-01 1.519742947857053217e+01
inf inf
1.036593459445537491e+00 1.436384735110510569e+00
inf inf
6.211470014533340134e-01 -1.632692837870659375e+01
3.265405469717987397e-01 -7.199475395599298722e+00
9.801297307732137476e-01 -8.545718965832024949e+00
1.292607615097207230e+01 3.507331714493675978e+00
9.327516133442723678e-01 -3.169070495289216538e+01
2.787958028932457921e-01 -2.078840141517698470e+01
inf inf
9.334778425535747104e+00 2.759879623193240761e+00
1.893825002179734796e+01 9.414544250625086264e+00
inf inf
5.507552399253865616e+01 4.201056366485187432e+00
inf inf
4.253877183532081552e-01 -6.189786924419602876e+00
5.436076381820614811e-01 -3.794226316673596244e+01
7.042006258167228250e-01 -2.165957497234095541e+01
4.268797416056629435e-01 -3.499783097370634266e+01
8.567860107391161995e-01 -3.751886982433679663e+01
5.537936901798623524e-01 -2.655067690264964853e+01
7.783140277840123744e-01 -5.146659614151377582e+01
inf inf
6.276551362190384786e+00 -1.515449607293733791e+01
7.168420248564555397e-01 3.151105922972646667e+01
6.937006628940727282e-01 -1.594717533228490858e+01
2.991930071447099238e+01 5.251912137955441651e+00
3.048327022194677838e+01 6.554010837552024960e+00
1.075236749523000190e+00 -1.564998891848762064e+01
1.237805875829278562e-01 6.997945011592783260e+01
6.019136973139985081e+00 -2.721314831580305693e+01
inf inf
4.656961804067469290e-01 -4.893978760182388044e+01
1.063826879542612902e+00 -2.270178530460801625e+01
7.499592769245675417e-01 -5.297825419344806441e+00
1.771422874718789231e+01 2.098136536809701269e+01
9.300227333794371942e-01 1.278069752861138042e+01
4.445083846912821768e-01 -4.613551081811825583e+01
3.766434785251017714e-01 -1.202715351558648216e+01
3.053303190330306505e-01 -5.123761761497920020e+01
4.542989285519685172e-01 5.211874063277281266e+01
1.516673461837094727e-01 -5.417512540111278696e+01
2.990563065779140439e-01 -7.393355244701470497e+01
1.872805335977927532e+00 3.872569226924468477e+00
1.011424224496544344e+00 -6.402646960391295750e+01
7.179212952001312598e-01 -2.129724694209944857e+01
9.402000087698709763e+00 1.875305099796643304e+01
3.829425870300388612e-01 -2.858524661754606555e+01
4.289353744686110192e-01 -4.186464630095277073e+01
inf inf
9.350139030644015747e-01 -2.262989342103355028e+01
1.060856011968894785e+00 -1.122531220344127156e+01
inf inf
2.448475771531453682e-01 -5.353291433400950439e+01
9.452236490980666650e-01 -7.008343791563478309e-01
6.347278900452846262e-01 -2.686985476565867259e+01
1.191006369560164702e+00 -4.677143576291275906e+01
7.242523696232757713e-01 -2.510843354627225210e+01
inf inf
9.814885626998059998e-01 -2.250768696284664117e+01
4.895765439255750362e-01 -5.765830238216325654e+01
4.133909653306512832e-01 -6.493057183907160379e+01
inf inf
1.081100224251388653e+01 9.347637062171008537e+00
inf inf
6.651901482840658630e-01 -1.101864476159534334e+01
5.792026695154086635e-01 9.359169888275256088e-01
4.318135689198086546e-01 3.764091550344505066e+01
2.285840750569222701e-01 -3.680620176995629578e+01
8.585013748148337953e-01 -3.603558357655550992e+01
5.790257353541048424e-01 -2.196929459394689843e+01
7.120106847625267132e-01 -1.821577482523488101e+01
5.349145908464850718e-01 -4.280692808573128616e+01
2.008725682006970714e-01 -1.676143963944215542e+01
5.590623184268080914e-01 -3.661540382445488717e+01
9.617762464721096860e-01 -9.773709247952032442e+00
7.734449735146552429e-01 -3.641149818673852678e+01
1.922713387591283185e+00 1.864865072488179010e+01
1.115444967578652191e+00 -4.322314840290438553e+00
6.909169641835397613e-01 -3.095073089216945661e+01
4.110253471819323434e-01 -4.271984338434616291e+01
6.795966828949704386e-01 -4.544435792185412737e+01
8.589257644394510116e-01 -3.263083065760566370e+01
3.660614977859992791e-01 -1.264987703798833740e+00
1.359210470360208978e-01 -6.336049583793198536e+01
1.786196624825167889e-01 6.345666799055805107e+00
1.147925985713327268e+00 1.935490028754184078e+00
1.826395014762984204e+01 1.970020436840062672e+01
4.706044910668850112e-01 1.259176848301121332e+01
1.779054905932402564e+00 8.698800607116735639e-01
1.143749302016223268e+01 1.231004131805586255e+01
1.320824800347244654e+01 7.070508126293522544e+00
4.324849934035526755e-01 -4.506025549416730058e+01
4.097668994546220245e-01 -5.939809595367566430e+01
5.323740013560006590e-01 -2.609085806268051400e+01
7.993068033581348653e-01 -2.051031531451721790e+01
5.311520059915582070e-01 -3.846399041870553503e+01
-3.619037132370281462e+00 -1.320677485555284250e+02
4.698103903619514354e-01 2.513228552267091587e+01
6.054483707801647796e-01 -3.494197239622486251e+01
1.123943555578469367e+00 -3.489859476468676291e+01
1.142113656454069703e+00 -2.256296865857222045e+01
5.969298741821664755e-01 -4.046209479385383645e+01
1.733593257461092918e+01 2.758049774126055453e+00
2.439724821019475076e+00 2.862857040337685532e+01
4.075560636466950548e-01 -6.942817310432214128e+01
3.939908776110566668e-01 3.309318071429413521e+01
9.504451696760752855e-01 -2.342963240087501475e+01
1.531929897308399235e+00 -5.149496440167590094e+01
4.366523396877065033e-01 -4.542594298967337352e+01
5.710362186218748137e-01 -7.582169497401161529e+00
5.027120126835612490e-01 9.326936840506368398e+00
2.305507319081520023e+01 3.167660261793056264e+01
inf inf
6.363204376984167299e-01 1.132270400285675471e+01
2.671386849476112602e+01 4.333884977825326779e+00
1.070178703772313167e+00 1.015082910299326002e+01
1.050295075459278316e+01 7.193787372091144938e+00
1.206725329435702321e+00 -3.731977230851088478e+01
5.059202412201073695e-01 -6.141520917272286795e+01
5.490245995056000083e-01 -1.331016753188414370e+01
6.648696478936214627e-01 -9.938254437892636517e+00
inf inf
3.943617103025379156e-01 -3.192851801434588666e+01
4.039057801096803124e-01 -2.438952998319618359e+01
4.343498121670277268e-01 -2.965977806412345075e+01
7.215398932217303996e-01 -2.699672194422053195e+01
7.350377825874593318e-01 -2.664838855394873463e+01
3.942229109208493787e-01 -5.161053857039156156e+01
inf inf
3.520539707390447148e+01 8.191245916981680253e+00
3.681169904475513621e-01 -5.956544376778137462e+01
9.053935542064688313e-01 -2.439716010197676255e+01
6.892217891087951687e-01 -2.302900837635487363e+01
4.726580209088981910e-01 -3.783034022596955026e+01
6.419191000307112871e-01 -1.926975152395402802e+01
5.247684962464427283e-01 -5.395154038788877671e+01
7.864486529607347398e-01 -3.862395703941628966e+01
inf inf
inf inf
5.494688977283990194e-01 2.105646006181637020e+01
5.811682930823527382e-01 -1.488235395836038499e+01
1.150737304098801594e+00 -2.395402267817358677e+01
3.892700162168963862e-01 -2.607557355899822227e+01
9.515775763487008820e-01 -8.595316047215545652e+00
3.361990211177873777e-01 -5.971470147552452801e+01
1.222316874282877563e+01 1.113826963852672414e+01
5.786310684253639369e-01 -1.981350808864821289e+01
9.300000207533429819e-01 -5.148076679307398962e+01
1.624213680554080996e+00 -1.795891797061695527e+01
8.598041261831678161e-01 -2.800227755242604744e+01
8.703272223360992710e-01 -3.330355010898031054e+01
8.441708293603682467e-01 -5.218601191692136609e+01
5.482438179332527195e-01 -3.687539588512888855e+01
3.124024980335547985e-01 -3.357065642660131033e+01
6.955246830514146827e-01 -9.319126543714350674e+00
7.494750213040093367e-01 2.659441598856861599e+00
2.949920083195594067e-01 -3.263529434931873396e+01
9.333439642408734027e-01 -4.051596295881254406e+01
5.132042645294512262e-01 -3.603225656715049752e+01
1.111518347090821646e+00 -3.712964384934496564e+01
5.132966572491811652e-01 4.404808871449261432e+01
inf inf
3.952458203034755480e-01 3.165157080076875573e+01
6.588920211888984468e-01 -3.868292853741860426e+01
7.234508382443729513e-01 1.143022129618198761e+02
3.199256067828919026e+00 -1.183153031415576928e+00
6.615163109125826724e-01 -1.611314638014141565e+01
3.786203182036970150e-01 -1.315316260242674851e+01
7.892776367220610823e-01 -3.036012094881554102e+00
inf inf
1.197149013307561516e+00 -2.323716404718652839e+01
1.941366622476276893e+00 2.192026737469151332e+00
8.865987159118737804e-01 -4.579757567199164470e+01
4.870961008338227094e-01 -5.213636911265510321e+01
inf inf
2.573690198787643268e+00 7.582573211206621977e+00
6.580028639377174526e-01 -2.583494635260262129e+01
inf inf
7.348451458698428418e-01 -4.625861292330181129e+01
1.864780348292598644e+00 -9.051547982668896708e+00
1.048076514554450833e+00 -2.776102080032824304e+01
5.214291794049686901e-01 -3.261129059805152508e+01
7.145636119758274063e-01 -3.037605526248966825e+01
2.676999602048667626e+01 -6.754214515419009857e+00
2.948742391472174429e-01 -4.138777340194555876e+01
3.127909961008872863e-01 -1.585299130021108915e+01
2.107286660279448753e+01 1.703624303894476100e+01
2.898045566806918272e-01 6.625108546329292913e+00
7.476961459960649314e-01 6.920242311963081150e+00
6.093163870846164398e-01 -2.163395273700975352e+01
5.297188673252745117e-01 -1.982866840591011126e+01
5.940924783371017703e-01 -3.717223374023162563e+01
5.226881879378612039e-01 4.188984087617982510e+01
4.552671593902931080e-01 -5.667546892327223418e+01
inf inf
7.163905763624788259e-01 -1.298866170292918554e+01
4.360591475827321761e-01 -5.049516386655572120e+01
3.944700859813717320e-01 -6.767462291672286767e+01
inf inf
9.106826518571783380e-01 -1.118743198247646475e+01
inf inf
4.730912432214414709e-01 1.497589518316862112e+01
1.046154493621552994e+00 -3.738694905526338630e+01
9.863684405169070857e+00 2.426962248969433489e+01
7.192812487378887898e-01 -1.600202986168109121e+01
1.418584050958866882e+01 1.158578737119978364e+01
8.962936424207299524e-01 -5.704131960956893010e+01
4.157438251523667971e-01 -2.654840344518916950e+01
9.209076798429687294e-01 -1.839335811335662285e+01
3.634920268080119587e-01 -4.028787935241341245e+01
1.426684144531842158e+01 1.111562846777398228e+01
2.014357572070031299e-01 -4.404990293902010023e+01
1.476636906370269919e+01 1.726775855308893526e+01
5.130751390440618787e-01 -1.792770197930934950e+00
4.614246644856285773e-01 -2.548935502095100247e+01
8.730910124484502211e-01 1.213864446394967622e+01
9.517215351417494418e+00 8.235845848127679503e+00
6.424196190131641337e-01 -2.546738528163085391e+01
3.463500227666767017e-01 6.414318425340380436e+00
1.082220321241476269e+00 -1.426970856181047331e+01
8.020086244536109854e-01 -1.549055399816741918e+01
4.094134517362009729e-01 -7.161653414862519185e+01
5.681714835046596246e-01 -1.569029779527458679e+01
inf inf
inf inf
4.590921338662817819e-01 -3.488381969382366066e+01
9.163947371185500179e-01 -2.144168321585043557e+01
8.081557546456690222e-01 -1.182036956650085813e+01
6.784731089102709056e-01 -1.023198131676055667e+01
5.735597035420905154e-01 -1.681627594433587447e+01
4.222839398564178226e-01 -5.490103020791464949e+00
1.060666880286168956e+00 1.831954019767595865e+00
6.317847823479038061e-01 -5.867094193137580049e+01
7.298050458977983768e-01 -4.686845406649428725e+01
2.418484309579250535e+00 -1.151258784972483973e+01
2.789874441809531369e+00 5.731298411966103679e-01
1.159789365148206741e+01 -4.639279104842171098e-01
5.018731877334168257e-01 4.328357589368225788e+00
5.453299422268632846e+00 1.401988762771127739e+01
6.717976998594220595e-01 9.369362271379005236e+00
1.019663159511626782e+00 -4.207856884819651810e+00
9.779397849732377468e-01 -2.292957191785231785e+01
7.599953134290283741e-01 -2.349066854340915000e+01
4.582713948961754657e-01 -3.036168012323063792e+01
4.842326275291679027e-01 -5.814615383397854487e+01
6.312722060454249995e-01 -6.059289106096233724e+01
8.920302581805596986e-01 -6.378242632918039590e+01
2.564124818368363812e+00 2.765827256558480229e+01
1.181754759864337978e-01 1.255843868890423209e+02
inf inf
1.073752970112609084e+01 9.093863573305652537e+00
1.068130641784729828e+00 -1.690885041697587354e+01
5.033134766708785568e-01 -3.783525626483538673e+01
1.004978885935949195e+00 -1.452108438734204832e+01
4.949667267825455519e-01 3.691342256217758688e+01
9.223296023976010893e-01 1.513532202141142236e+01
1.053167507633115063e+00 -1.602541741576393974e+01
6.462426306696136269e-01 1.205207475410335505e+01
8.466630493693556581e-01 -5.229758770876683727e+00
3.908880805240359524e-01 -1.336991406290252193e+01
inf inf
1.116674393617063998e+00 -6.008733503432014089e+01
5.491218992741775384e-01 -5.414723491031265468e+01
2.292163020344720081e+01 -1.209310694954565779e+00
7.842214135895171356e-01 2.893686743714023457e+00
5.459159139599619737e-01 -1.146227082486895377e+01
6.419659272968564201e-01 -2.978474874518176918e+01
inf inf
2.225692795601998242e+01 2.828869828996437619e+01
4.687782276872126119e-01 -4.953364218750649428e+01
3.628885158803182520e+00 -3.457818604328727119e+00
1.272990257274781456e+01 8.128006478976768534e+00
inf inf
inf inf
9.552502921090189059e-01 -4.002597583639523293e+01
2.795499756427136973e+01 8.758733807541947414e+00
3.602938927719523954e-01 -3.833044484248178208e+01
3.342347995647999004e-01 -3.318332661622396529e+01
8.888088507128228954e-01 -2.747913521249910929e+01
8.013081782809682307e-01 -4.634619236398630449e+01
3.174702176805412890e-01 -8.492021784850933841e+00
1.376806138077572861e+01 1.285392204222099721e+01
9.486769496741999319e+00 1.899313919483110169e+01
8.911407083654703243e+00 -8.739360584348890626e+00
8.909731116171165866e+00 8.541978995445248302e+00
inf inf
4.762720483649993675e+00 -4.815056914175629421e-01
1.237165996659554512e+00 -4.762814146602343612e+01
6.859597232363217056e-01 -5.961849240994419041e+00
6.067529447666423215e-01 -2.490393939632004106e+01
4.208544464264207807e-01 -3.481133410953809459e+01
3.121242403236180962e+00 -2.995285719198934515e+01
3.240668335470371919e-01 1.354893666482426706e+00
4.744461495089554171e-01 3.459850318441542782e+01
5.667515237695661678e-01 -4.380613874231782745e+01
8.607488031870241807e-01 -3.770771275268994316e+01
7.468772296441020808e-01 -2.254899101599952971e+01
inf inf
9.139471011533786271e-01 -2.988769244292209137e+01
5.008279863288830347e-01 -3.131614969731099762e+01
2.080461128102723212e+00 -2.048371546503176432e+01
6.249175777878124283e-01 -3.343623987995673730e+01
1.221952322613921060e+00 -7.083043291374826467e+00
4.082982898352399692e-01 -4.712463530029302206e+01
6.285349139968504639e-01 -2.296370092684656683e+01
inf inf
8.946071598325153751e-01 1.554349406789551757e+01
1.282364683393192872e-01 2.843179851580388799e+02
5.503824500224221428e-01 -2.005231971930285795e+01
7.729092639818953003e-01 -4.665109993681421940e+01
1.538987635565171486e+00 -2.630285359048660787e+00
3.164833821170143668e+00 1.204093631186648850e+01
6.242318527617124468e-01 -3.596898625473539113e+01
3.586224117330720218e-01 -2.291333465733139718e+01
1.630542932359081432e+00 -6.918516495335369498e+00
4.837855252784559190e-01 8.595232720124695192e+00
1.010513756633225846e+00 -3.949901978475363507e+01
inf inf
inf inf
5.238152669574519527e-01 -3.854114153834642309e+01
1.557320818704186216e+01 2.613505348504233883e+00
1.043792520709120319e+00 -1.387265458339923718e+01
inf inf
1.157485337472594633e+00 1.286953794606417745e+01
6.987460905191512639e-01 -6.289926239440768541e+01
2.739738562928251131e-01 4.597880343577374163e+01
1.075857140698729175e+00 -4.641248433938361018e+01
1.415972954186512744e+01 1.949295420376197185e+01
4.428213412974851271e-01 -2.705899192835964140e+00
5.073509964626652380e-01 -5.646915684784433154e+01
1.415363302437689974e+01 2.062584024884534628e+01
5.007913096437822453e+00 2.250621600113150933e+01
1.551504535765571902e+00 -3.192413401605703527e+00
1.141277705632535877e+01 1.544496926522194080e+01
6.182034731517661585e-01 -3.575591936854838337e+01
9.907935891273731421e-01 -3.107329398197504133e+01
7.061002145263178820e-01 -1.310956800271939571e+01
2.840528589169950635e+01 6.817073957699045117e+00
2.656674844064376151e-01 -6.195015092624982600e+01
9.071958431474859141e-01 -2.336631713004522837e+01
1.702796282410347972e+00 -3.474027512896070391e+01
4.919554812068807625e-01 -7.518048469424583402e+01
6.593346369949499852e-01 -4.560250405718498001e+01
6.184247109540937926e-01 -5.196580697294210438e+01
7.970725539171351626e-01 -4.060596423659541898e+01
6.487345702758091637e-01 -3.919576188745203638e+01
4.495386705656313486e-01 -4.792450097690698385e+01
9.276866977251991830e-01 -3.070324745767657504e+01
4.782611696858533046e-01 -2.757699160970789976e+01
4.465759346728600532e-01 -1.559856818175629911e+01
2.305552365789940605e+00 -1.166001451056039606e+01
3.637890715049651558e+00 1.333502794432391525e+01
4.637203221379210816e-01 3.608661871749216488e+01
9.799762102449824930e-01 -6.716951995355048943e+00
4.440553939819530394e-01 -2.703021051581358236e+01
9.808392900365737743e-01 5.338702518173345624e+00
9.783624781609685073e+00 1.099937718051758218e+01
inf inf
7.816833477241547090e-01 -4.592390276364825752e+01
5.738699692306529210e-01 -3.714412648216872448e+00
1.718869867696030340e+01 1.101602734693745234e+01
4.106955514389563078e+00 2.648054312362741314e+01
3.798929262719671351e-01 -7.152729564223417213e+00
6.414174594370930516e-01 -2.382956750336384744e+01
inf inf
1.463178497717555482e+00 -2.212714180613705750e+01
5.370770571729145404e-01 -4.845270942308826534e+01
2.217575148814288966e+00 -2.245608572612277953e+01
inf inf
9.037289430359749520e-01 -1.993768590763308524e+01
1.182932311386360569e+00 -8.068722078266159059e+00
7.095899674653188827e-01 -4.035122187230643220e+01
9.100656255149446316e-01 -2.188302152275149837e+01
3.102164778726568817e-01 -5.543302318924806116e+01
1.147395323430810521e+00 -3.339071744534103203e+01
inf inf
inf inf
4.263002177347501487e+01 2.859876247043998987e+01
4.099832302081024560e-01 -4.911175141845724568e+01
