4.613293877552837596e-01 -5.538260730685124855e+01
inf inf
9.130073970898652247e-01 -2.327967288616295249e+01
9.267535501752669491e-01 -6.525246193941774209e+01
1.042492474459588925e+00 -5.143024326577135952e+01
6.622153032779126702e-01 -2.211438612547991411e+01
9.920743617731391240e-01 -1.224131294599879105e+01
inf inf
4.613093531031793315e-01 -5.404360278239319371e+01
5.470178750102553389e-01 -2.664192024255618563e+01
5.959632306133468838e-01 -1.655755259279587932e+01
1.211914319108586602e+00 -4.612838006365934262e+01
1.150098731014191911e+00 -3.212789175305469058e+01
inf inf
5.020912184348527152e-01 -6.081548388560230611e-01
1.157086481422258784e+00 -4.209678097422411014e+01
7.350751684728751290e-01 -4.883638607044895252e+01
inf inf
4.122750324365478392e-01 3.374649977503411691e+01
5.318056897596841193e-01 2.313655370422779356e+01
1.087920837952372599e+00 -4.427149761284771046e+01
1.916284071541010103e+00 -2.295421328471116595e+01
7.438764051525356136e-01 -2.986686944970692537e+01
7.192573202779201091e-01 -4.484131909695125984e+01
inf inf
2.096793905258802049e+00 -7.034200934918929704e+01
2.534663696117199105e+00 -2.526094277386242837e+01
7.692956151891624517e-01 -1.140603079248573870e+01
3.080333365133051671e-01 -2.921658363765170208e+01
6.750468674896302756e-01 -1.250165455677386639e+01
1.218682528958279665e+00 -6.408506265077529918e+01
6.040666169284518716e-01 2.807302112948178774e+01
8.789229898644402850e-01 -2.773943511922499283e+01
1.009838653476379466e+00 -4.358954026933744785e+01
1.037530185348527034e+00 -3.798230905366403221e+01
4.226637701161645722e-01 -9.937119378170618234e+01
7.569984017685343902e-01 -2.978941167144189706e+01
inf inf
1.408084806058669614e+01 -6.610858807080076893e+00
8.269797217737431261e-01 6.213254549884026368e+00
8.093053758512783746e-01 -7.295015000771793723e+01
1.072184809595382760e+00 -2.606162732931370485e+01
9.059402085856930187e-01 -1.122728474178844493e+01
1.046822200953511750e+00 -3.983696569235413421e+01
1.136370090736573912e+00 -5.155229508232420699e+01
6.688387872840830806e-01 -3.450848563635035759e+01
3.018559387469951782e-01 -3.997187962889469759e+01
4.105596178885413949e-01 -4.867909203582819089e+01
1.165233439603128751e+00 -5.519148482505340070e+01
7.088600363481051270e-01 -5.397237105508489918e+01
5.561309797709247382e-01 -3.470689557779363810e+01
8.226350043163578318e-01 -5.977782034528404154e+01
8.409902482054436579e-01 -4.387010972210181592e+01
4.770714405181512574e-01 -2.593882255787601565e+01
1.039435859040292787e+00 -5.637115564773780818e+01
6.846005944941311316e-01 4.487639896873548651e+01
9.181048850770155978e-01 -1.316041240455902361e+01
1.719410550435267249e+00 -1.942190980251105614e+01
6.180877911472851816e-01 -7.047667250570674469e+01
1.057634468376564385e+00 -2.642399419773572689e+01
8.454927210353426759e-01 -4.674298946154171830e+01
6.098040929632415619e-01 -6.827627297939885409e+01
1.387091572907543702e+00 -1.321138576563392952e+01
7.536887613023828258e-01 -3.536913529758451524e+00
8.469572120734280007e-01 -4.021923926199017174e+00
7.984980120144057336e-01 -7.242177517250681262e+01
6.820620779803013845e-01 -5.216278441651908082e+01
7.195200123946724480e-01 -1.372192276762326735e+01
5.950955760645226800e-01 3.243732132899089038e+01
9.474210451016202850e-01 -2.272030270470312274e+01
8.327653930555526385e-01 -2.306384963101556806e+01
1.199301314738006852e+01 1.253286195991606178e+01
2.620451235812993884e-01 -3.405954842379783543e+01
7.052063042346243815e-01 -6.044626043275876981e+01
8.610924296965468683e-01 -5.229047253662793793e+01
1.117408343288330830e+00 1.355910982397136344e+01
1.716105393247908451e+00 -2.567680989521990398e+01
1.060008462568952226e+01 8.653734332456906486e+00
3.022041031729026628e+01 1.873135377058684981e+01
1.005596350918911863e+00 5.235266946594010484e+00
7.732504274940572575e-01 -6.388604679899790284e+01
1.017744915627073921e+00 1.385926272216561017e+01
7.832762997964000107e-01 -3.084731626236404267e+01
1.146706430095302265e+00 -2.969207429978678903e+01
4.015932004058668237e-01 -4.960222472010713091e+01
6.381548069203586415e-01 -1.065241138125875864e+01
4.129588725548768990e-01 -7.859270687385794929e+01
6.298330008665783408e-01 -1.528394505756135580e+01
6.728717767629230906e-01 -2.594376666766603279e+01
7.530704891363952935e-01 -4.208968520949799341e+01
5.649648603242936051e-01 -2.609968869528465518e+01
1.169561106590856703e+01 1.652242824049100989e+01
9.253417376629944346e-01 3.435277081292513657e+01
1.021101210213160471e+00 -7.744227082163062903e+01
8.043664838514154036e-01 -7.311568477351036677e+01
1.512831991665774423e+00 -5.420642645455401976e+01
inf inf
6.786612308112137670e-01 -1.228965313972057416e+01
1.760436194051286041e+00 -5.362024351573859349e+01
1.275344447978155271e+00 -3.374238681908768456e+01
1.102251918817741316e+00 -3.830052608356509580e+01
8.482010417334411301e-01 -1.233396679543784380e+01
inf inf
7.896135544721578636e-01 -2.416468165443919958e+01
7.145777579357150966e-01 1.401702097001396830e+01
1.047771395135375982e+00 -1.498546800598893824e+01
8.033968347100599594e-01 6.914904575094161565e+00
1.368386633272637098e+00 -1.425688387470153273e+01
4.026434084630259314e-01 -1.971206592665549095e+01
5.184153969284434060e-01 -2.947618634263166015e+01
9.444781928816859962e-01 -1.149087821375933416e+01
9.777131588783821714e-01 3.560122587885187873e+00
7.390912055537804948e-01 1.244090461280196003e+01
8.260173579604260796e-01 -3.734015782058061461e+01
1.158643159880515583e+00 -3.050559489816762948e+01
9.629714376961060474e-01 -6.298796541864108178e+01
1.043831153486557639e+00 -2.559258714020005954e+01
8.528301671892298819e-01 -1.318224672614267012e+00
8.132049877860392240e-01 -2.194001649794569886e+01
6.331523084026259296e-01 -1.145978293251456570e+01
1.462766096569465990e+00 -2.467436727477469560e+01
4.328713553120690505e-01 3.852171939008584456e+00
3.410428776482123947e-01 -4.617027557277647531e+01
inf inf
2.568031899555510700e-01 -3.138313179306182121e+01
inf inf
2.018231169337231456e+00 -3.023117650929916067e+01
inf inf
9.793034619275833297e-01 -4.016980524829905619e+01
7.656624781376348832e-01 -4.978926498198200101e-01
7.123675014909783831e-01 -1.903280080824153941e+01
6.598727901087958481e-01 -2.650346221989140716e+01
8.980644887717728064e-01 1.544438688487599087e+01
6.828924652741623635e-01 -4.372889393264220814e+01
7.125723312908139873e-01 -4.047335414045124224e+01
7.943018031670238122e-01 -5.244141944773386577e+00
4.045810185110661195e+01 1.052665416942095788e+01
1.005224518984053184e+00 1.277323530767252713e+01
6.431466576509591304e-01 2.351588921722128855e+00
8.105370165970742224e-01 -6.526938182806180322e+00
inf inf
5.091976356284604321e-01 -6.187035333939009263e+01
4.446578952577314170e-01 -3.530251715317518091e+01
7.484602775130125840e-01 -3.923945902542033082e+01
5.964268296609910314e-01 -2.867119292522214025e+01
inf inf
inf inf
1.589432214326637904e+01 9.904588681044147691e+00
5.116654003988447830e-01 -1.607787854227356306e+01
2.076231459158657344e+01 8.049279824288882779e+00
1.204782403266846380e+00 -1.760438429817012107e+01
1.581385247273087602e+00 -1.546810151094235941e+01
4.887547249491223655e-01 -1.652404379620343988e+01
5.978305162304518028e-01 -2.170801479382728161e+01
inf inf
1.107098343192508105e+00 -1.327325514108342874e+00
3.256639704675423075e-01 2.748933484192109233e+01
9.264003518678899374e-01 1.601947789066838013e+01
1.239714290286529241e+00 -7.117311114742497224e+00
1.472270367404785674e+00 9.318303396055176435e+00
1.576221210616360890e+00 -5.387536003575778665e+01
9.636216532234909149e-01 -1.701072511717830338e+01
2.986341565349318383e+00 -2.843922364652810231e+01
1.373950942664063479e+00 8.105076718184276885e+00
6.004994681366526699e-01 -1.944538457285037225e+01
inf inf
6.788194064911141634e-01 -7.633731405995742136e+01
3.968803833432176020e+01 1.357351055992936395e+01
7.048589902306623411e-01 -5.385404246649532212e+01
7.644570365522832534e-01 -1.564219596729031636e+01
1.097801003693957611e+00 -5.125231819080379836e+01
1.063220353547179808e+00 -1.835095519402931785e+01
inf inf
1.699344515379429321e+00 9.159700127740356024e+00
1.164304700380755619e+00 -4.666964789656620383e+01
1.593156516050363125e+00 -4.539213422156420563e+01
inf inf
1.324325249504200164e+00 -3.943684083910489591e+01
8.028693489396222516e-01 -4.226761843536559837e+01
2.303553616512008073e+00 -1.337273733890333993e+01
9.877437946644421762e-01 -2.007964296755915257e+01
8.515380021797348542e-01 -8.600605195882931042e+00
6.295767534630904994e-01 -1.691011406369698022e+01
2.409504982782304516e+00 -1.722860620598447312e+01
inf inf
3.125779507628298148e+01 1.162950539743070877e+01
2.221103177364968762e+00 -2.053110071812049853e+01
1.078584269764387038e+00 -2.932083582439033620e+01
9.327017403133072149e-01 -7.146427951663312683e+00
1.062084402783112447e+00 -6.589858338470227750e+01
inf inf
inf inf
inf inf
1.075113511466627925e+00 -3.001812301287263907e+01
inf inf
3.368156080849457723e+00 3.286468272526532619e+00
1.867259417944274746e+00 -2.661982646615257053e+01
5.061550304553915858e+00 2.034614755854892820e+01
5.751638992699998898e-01 -6.728294875408021625e+00
1.071769405794758656e+00 -5.131662067258329074e+01
7.044526930900858464e-01 -1.116440866923547759e+01
inf inf
2.329539400906045277e+00 -2.047519460631574972e+01
1.114070121919876755e+00 -1.743160069941116275e+00
inf inf
inf inf
inf inf
4.855639474119590737e+00 2.014947687061498272e+01
inf inf
3.005928660137894326e+01 6.200936286209672410e+00
inf inf
1.661274725491843185e+01 1.431538613434940110e+01
inf inf
inf inf
6.961528831228812608e-01 -6.675393106513780594e+01
7.401564045744022380e-01 -1.886112808495474624e+01
2.150819376143722761e-01 6.613328461796353963e+01
1.032878643498775340e+00 -2.210024357542975437e+01
8.981433664580297238e-01 7.416691390232140968e+00
8.089224758219003553e-01 -1.930665685682236798e+01
inf inf
1.263395809483649046e+00 7.234523075619697430e+00
5.072214903981735468e-01 8.930770673606003740e+00
5.399365361573942312e-01 1.791656521450712969e+00
9.530390137360953418e-01 -2.985855014735140500e+01
6.437306047136911458e-01 -6.239091085776133916e+00
1.078358676779643233e+01 2.845547598222991681e+01
1.233617311333561339e+00 -1.521676794272896949e+01
1.098549851354778673e+00 -2.400318737151473769e+01
7.355232161472071706e-01 -3.917023842445092896e+01
5.708253463209540524e-01 1.385214189677749985e+01
9.856161986724437662e-01 -5.313960898750475792e+01
inf inf
2.376298037278062214e+00 -1.611618101271151815e+01
1.753221757859271035e+00 -3.843509427178331350e+01
1.399278805895291855e+00 -1.100585653182426071e+01
1.875943108658093772e+00 -2.165354898215757373e+01
2.961360175507279369e+00 1.121473656284247689e+01
1.291832826557523184e+00 -5.591724812338355832e+01
6.224748195482754376e-01 -5.936321141187648465e+01
1.158100262839228511e+00 1.081279732852496878e+01
1.096680744405664321e+00 -2.468323643775530130e+01
6.878456477251767565e-01 -3.169031157795243914e+01
9.310979874277280910e-01 -3.850277930622014821e+01
8.572314860413717819e-01 -1.842073454119046971e+01
6.113249051911580079e-01 -2.347470909889414870e+01
1.189909686282349721e+00 -3.493130630500683509e+01
1.683536474356833956e+00 -7.090747392064626808e+01
9.054801120996054387e-01 -3.729469738106041632e+01
1.613442371869499015e-01 8.199674053967066811e+01
inf inf
8.764760162994564396e+00 -1.003336418623689141e+01
1.051981614228984396e+00 -2.122202150432802981e+01
2.352845445504287980e+00 -3.633310967073374798e+01
inf inf
5.092507344616599152e-01 -1.988700338528873246e+01
1.255087032958859483e+00 -2.630971303163562425e+01
8.072426472993099456e-01 -2.924228137886945689e+01
9.302219267311675477e-01 -3.742029766728816753e+01
9.599146821743482771e-01 -2.919865817492440385e+01
inf inf
8.510917758374116904e-01 -6.194345874526167961e+01
7.849733609218494390e-01 -2.784982814109665128e+01
1.133125317710452773e+00 -2.100670464470103482e+01
6.680288549497134243e-01 -4.158748699966120910e+01
1.327464245171309010e+00 -5.902796786995486400e+01
8.315969385202391928e-01 -6.625518994601073075e+01
1.563529888969373172e+00 -4.510011149200842340e+01
inf inf
1.193803133708770892e+00 -3.582136067949078750e+01
1.042897650780467256e+00 8.244979045842188725e+01
6.054450850547045127e-01 -2.609122304229248357e+01
5.570733089321374676e-01 -2.060654268014853585e+01
1.741702857048302917e+02 -9.285022787424715984e-01
7.223468737860953226e+00 -4.711316141848602257e+01
1.194498041921619569e+00 -1.546612876459763264e+01
inf inf
inf inf
1.263390625692545566e+00 2.343407684519237577e+01
inf inf
1.876253295509553443e+00 -4.382374135230496393e+01
6.872815952120868710e-01 3.663618191778430599e+01
6.714731338821040563e-01 -6.720059736321408650e+01
inf inf
1.349745860565449318e+00 8.432588688669189203e-01
2.035435891806173903e+00 8.148049750617184728e+00
6.748102344308598566e-01 -6.470803821602794415e+01
6.087068104787604073e-01 -5.011392032547004050e+00
inf inf
4.518623841749263570e-01 -3.696936998975981226e+01
2.305978650031400567e-01 -8.590465398442004741e+00
1.722372876897456662e+00 -5.427841133474741753e+01
1.048756035240193452e+00 -4.287055358377913450e+01
5.886891107724051553e-01 2.704899250258523402e-01
2.111217439739023050e+01 1.039653265161495987e+01
5.715142441381706462e+00 -2.505336660424429951e+01
7.315469681655859535e-01 -2.253814224252446508e+01
inf inf
1.564173379578569056e+00 -2.370191306620551686e+01
2.282576214939118664e+00 -2.217679054441124720e+01
6.951433047797797027e-01 8.768161410716308524e+01
1.257647685661727355e+00 -1.898540336824285690e+00
2.852776143868510084e-01 1.152930517018488672e+02
inf inf
3.909230529205392823e+00 1.735931874485250503e+01
5.154453648308290781e+00 -7.337342518288136439e+00
inf inf
inf inf
5.017722051282690332e-01 -3.943891703192670661e+01
inf inf
6.333721291659242247e-01 -2.406744502089383175e+01
1.147366592897508086e+00 -4.710726235025195052e+01
inf inf
7.162421751874559206e-01 -2.878560296259511375e+00
6.400920036661351675e-01 -7.353147016545612757e+01
5.104577171740966035e-01 -3.919774124229891754e+01
5.397339479969548437e-01 -6.517208322485174676e+01
7.566607688447152924e+00 8.187495666680446149e+00
6.242618264545007900e-01 1.394397662467157062e+01
2.051252479078968793e+00 5.598158283501651900e-01
1.665480125060748762e+01 9.920193009070471746e+00
1.449610195157599035e+00 -5.855870281521874610e+00
1.660511335195438365e+00 -3.659897648361833689e+01
1.374265332589392763e+00 8.566626503559410466e+00
1.260032649876910993e+00 -2.277303381463202925e+01
1.073625623317343569e+00 -2.033952710718711998e+01
1.796080502091601971e+00 -2.404111541210895098e+01
2.018467662293538467e+00 -3.190624226798078311e+01
1.000494940062818028e+00 -4.373394846163715322e+00
inf inf
1.141124607896092158e+00 9.948270020524438451e+01
7.438269489833552184e-01 3.570599905999019796e+01
1.149398498907777677e+00 -6.017497879384183790e+00
4.783773355689491247e-01 -5.152632465676092721e+01
1.089751276621901077e+00 -4.886327497183911817e+01
inf inf
inf inf
inf inf
3.048735860674355891e+01 8.655225195044518927e+00
4.822769475037098630e-01 -7.642090546016103758e+01
5.857739988399996989e-01 -7.810162678823098226e+00
1.403840261861805105e+00 -5.387103622583019558e+01
1.153268829427924524e+00 -2.281063252591730972e+01
1.130002293724041929e+00 -2.824130400659985440e+01
4.185451163877957725e+01 8.615532352186754395e+00
1.323036306851336441e+00 -1.530690768005858438e+01
5.910435326508144405e-01 -4.422488230837621437e+00
8.967024126336058387e-01 -2.784511607859563043e+01
inf inf
8.282577364345496962e-01 4.270674236837144200e+00
3.192054977404061944e+01 -9.944622064981992082e+00
1.571206607245887632e+01 6.487947982768825561e+00
1.295613771706743744e+00 -3.692133062834782464e+01
inf inf
1.679593178474337378e+01 -4.244187602418705296e+00
8.123139361260162117e-01 -1.465187558328307205e+01
2.083716881533192566e+00 -4.943247893061919740e+01
3.553464984309772090e-01 -3.261401035799792236e+00
5.370670976276878950e-01 -3.096579821992095560e+01
8.686422711832317844e-01 -1.970326414249338498e+01
1.639634078862578193e+01 8.371038958703413968e+00
6.794673803791023703e-01 -1.489282877667452887e+01
3.241834517077741840e+00 -4.275082105184542058e+01
6.172275620289608966e-01 -3.553629077362514010e+01
1.376483714976939998e+00 -1.860272279761201020e+01
inf inf
3.824722965604876457e-01 -6.202103723136988833e+01
4.478554537540687108e-01 -4.103191946638767007e+01
4.952410486447327842e-01 -1.036355056184852508e+01
6.381451398504621730e-01 -2.474428285537344863e+01
6.902081535156595393e+00 2.898223513645085792e+00
4.084649459751760747e-01 -5.388742203409182707e+01
1.955499030934681137e+00 -6.061771736687476420e+01
4.825890957896425970e-01 -3.074654943779681915e+01
inf inf
2.207517441598864316e+00 -1.216887742987788634e+01
1.080459681324303034e+00 -2.992010400170292073e+01
9.730207771608791134e+00 2.428075938597464045e+01
5.124934059508472473e-01 6.085336448158691525e+01
inf inf
4.045962966845763065e-01 -3.675480009880433840e+01
2.655027991111320773e+01 1.300144580558112928e+01
1.069327840184818079e+00 -3.171859251679549274e+01
6.856901713431874379e-01 3.741148588313499168e+00
