6.784383999999999700e-12
3.708139000000000220e-12
1.573287999999999869e-11
8.902498999999999506e-12
1.247665999999999947e-11
1.307196000000000037e-11
7.648130000000000451e-12
inf
9.830770000000000125e-12
1.480965999999999932e-11
1.502760999999999881e-11
6.624284000000000009e-12
1.468356000000000130e-11
1.526801000000000090e-11
7.660036000000000663e-12
inf
inf
9.917328000000000169e-12
1.408828000000000063e-11
1.471843999999999963e-11
1.374610000000000016e-11
1.488413000000000072e-11
1.532016999999999974e-11
1.411220999999999970e-11
inf
1.136103999999999942e-11
1.667087000000000043e-11
1.645514999999999901e-11
1.106196000000000066e-11
8.385012999999999746e-12
inf
1.656818000000000019e-11
1.095566000000000060e-11
1.429672999999999940e-11
8.862446000000000585e-12
1.308984999999999920e-11
1.307707999999999945e-11
inf
1.368554999999999998e-11
1.412532999999999955e-11
1.433345000000000008e-11
3.318675999999999863e-12
1.112182999999999927e-11
1.058809999999999928e-11
7.932631999999999434e-12
inf
2.289431000000000042e-12
1.578784000000000152e-11
9.342715999999999305e-12
3.779721000000000147e-12
1.414855000000000074e-11
inf
1.318887999999999984e-11
1.124168000000000022e-11
1.048445999999999994e-11
1.606901999999999891e-11
1.122612000000000064e-11
inf
5.062775999999999672e-12
1.177426999999999967e-11
9.853172999999999823e-12
8.911677000000000136e-12
1.370539999999999934e-11
1.168087000000000009e-11
9.662893999999999720e-13
inf
9.241371000000000811e-13
1.318388000000000057e-11
inf
5.862923000000000341e-12
1.290621000000000020e-11
1.636363999999999993e-11
1.234573000000000014e-11
1.098926999999999928e-11
8.317073999999999302e-12
1.156327999999999998e-11
9.464837999999999943e-12
5.885961999999999634e-12
3.282239999999999957e-12
inf
2.637517000000000140e-12
1.325383000000000028e-11
5.356978000000000118e-12
1.012289000000000070e-11
1.299251999999999925e-11
1.849746000000000144e-11
2.937879999999999998e-12
1.238649999999999937e-11
2.121060000000000052e-13
3.511486000000000230e-13
inf
inf
5.676643999999999818e-12
1.159522000000000075e-11
4.032500000000000033e-12
3.133566999999999829e-12
1.036000000000000028e-11
2.482821999999999980e-11
1.446413999999999980e-11
1.619194999999999908e-11
9.318336999999999536e-12
inf
8.714969999999999568e-12
3.875625000000000058e-12
5.882518000000000320e-12
inf
3.372615999999999833e-13
8.452166000000000439e-12
7.963042999999999677e-12
6.803122999999999455e-14
1.445248999999999954e-12
4.780656999999999831e-12
inf
inf
5.394528999999999864e-12
inf
inf
5.899055999999999820e-12
3.869301000000000054e-13
inf
inf
1.042870000000000059e-11
1.072767000000000047e-11
1.791019999999999976e-12
4.933966000000000345e-12
inf
8.255606999999999681e-13
1.148461000000000068e-11
5.880105999999999785e-12
inf
5.449816999999999779e-12
1.306486000000000053e-11
2.682361999999999834e-12
2.779182999999999993e-12
1.616204000000000007e-12
1.560796000000000088e-12
5.199666999999999679e-12
1.213826000000000002e-11
1.212655999999999917e-12
inf
inf
7.695873000000000523e-12
5.447327000000000261e-12
8.938232999999999684e-12
1.199656000000000033e-11
9.241184000000000299e-12
1.326620000000000016e-11
1.224334999999999952e-11
3.076251999999999886e-12
inf
1.123657000000000046e-11
inf
1.256268000000000075e-11
9.891731000000000071e-12
1.333183000000000096e-12
2.664103000000000043e-12
6.743436000000000307e-12
6.839385000000000346e-12
inf
inf
inf
3.774616000000000039e-12
3.673645000000000145e-12
4.705258000000000144e-12
1.342856999999999919e-11
inf
8.826516000000000353e-12
9.358383999999999840e-12
2.378517000000000133e-12
inf
inf
1.190588999999999987e-11
2.234395999999999964e-12
1.259579999999999930e-11
inf
inf
3.645027999999999925e-12
inf
1.295355000000000027e-11
4.683414000000000020e-12
inf
4.011552000000000151e-12
inf
1.348140999999999920e-12
8.645329000000000512e-12
inf
inf
inf
inf
1.206137000000000074e-11
inf
2.213474000000000147e-12
9.121202000000000699e-12
8.858500000000000674e-12
inf
6.782585999999999792e-12
2.816117999999999977e-12
2.095001999999999801e-12
inf
4.585410000000000350e-12
1.960347000000000108e-12
inf
inf
inf
2.855928000000000066e-11
1.224747000000000092e-12
inf
inf
inf
inf
inf
8.430650999999999596e-12
6.125799999999999606e-12
6.616076000000000333e-12
7.570290999999999413e-12
1.202327000000000073e-12
3.060134999999999865e-12
1.603827999999999939e-11
8.190435000000000330e-12
inf
inf
5.963869000000000344e-12
inf
1.315079999999999926e-11
1.393276999999999981e-12
inf
inf
inf
inf
8.837179999999999762e-14
inf
9.549143999999999322e-13
inf
inf
2.773797000000000040e-12
inf
9.227224000000000225e-12
1.541887999999999983e-11
1.833747000000000143e-11
1.172261999999999958e-11
3.083375999999999765e-11
3.055149000000000193e-12
1.358578000000000030e-11
inf
inf
inf
inf
4.590236999999999922e-12
inf
3.487781999999999850e-12
inf
inf
inf
inf
3.008352999999999914e-12
inf
inf
4.472334999999999845e-12
8.412206999999999236e-12
inf
9.281972000000000225e-13
1.869418999999999953e-13
1.811228999999999976e-12
1.287578000000000029e-11
1.143884000000000056e-11
1.981545999999999885e-11
inf
inf
inf
2.080157999999999950e-12
inf
inf
inf
1.015491000000000080e-11
inf
inf
inf
inf
4.265631999999999812e-12
inf
2.735977000000000106e-12
inf
1.636011999999999956e-12
inf
1.140211999999999989e-11
inf
1.738881999999999900e-12
9.372451000000000288e-12
1.090528000000000016e-11
3.906493999999999732e-12
9.208706000000000768e-12
1.260806000000000030e-11
7.137960000000000010e-12
inf
4.005701999999999727e-12
inf
inf
inf
2.716708999999999870e-12
2.003777000000000056e-12
1.086622999999999983e-12
inf
inf
inf
7.704198000000000490e-13
inf
inf
3.131516000000000083e-12
9.913449000000000161e-12
1.010933999999999982e-11
5.657098999999999622e-12
1.092606999999999931e-11
6.863319000000000111e-12
1.030184000000000006e-11
1.129914000000000026e-11
2.378866000000000135e-11
3.506684000000000045e-12
1.445799999999999999e-11
1.165182999999999964e-11
9.718571000000000433e-12
inf
3.469113000000000063e-12
2.408050000000000023e-13
2.129222000000000033e-12
inf
2.202538999999999850e-12
inf
1.163442000000000083e-12
2.606679000000000186e-12
1.176531999999999979e-11
3.094605999999999991e-12
7.632217999999999569e-14
8.520477999999999714e-12
7.656445999999999463e-12
1.190715000000000021e-11
1.373568999999999920e-11
1.232617000000000018e-11
inf
8.978323999999999539e-12
1.417948999999999939e-11
8.014017000000000505e-12
1.742903000000000051e-11
1.550545000000000034e-11
inf
1.197782999999999966e-11
1.209349000000000040e-11
inf
1.142713000000000040e-11
1.058293999999999974e-11
9.318865000000000601e-12
1.181495000000000026e-11
3.403181999999999988e-12
8.323471000000000451e-12
1.094245999999999980e-11
3.784598000000000309e-12
7.186758000000000021e-12
1.266278999999999960e-11
9.884570999999999524e-12
1.105550999999999961e-11
inf
1.153551000000000039e-12
1.189277999999999933e-11
3.366523999999999964e-12
1.213737999999999932e-11
inf
5.980382999999999722e-12
9.063201000000000167e-12
1.942208999999999888e-12
5.822389999999999791e-12
inf
1.302218000000000056e-11
1.247423999999999997e-11
1.194193999999999990e-11
3.162312000000000026e-12
2.802329000000000064e-12
inf
7.951609000000000515e-12
1.237974999999999963e-11
inf
inf
inf
2.794450000000000073e-12
inf
1.001474000000000060e-11
