1.181185000000000000e+09
7.258243000000000000e+08
4.774276000000000000e+09
1.016601000000000000e+09
1.102492000000000000e+09
1.744010000000000000e+09
2.651736000000000000e+09
2.472968000000000000e+10
2.559234000000000000e+09
inf
1.782138000000000000e+09
2.713861000000000000e+09
1.305938000000000000e+09
4.791599000000000000e+09
9.492271000000000000e+08
2.892170000000000000e+09
4.369837000000000000e+09
5.594665000000000000e+08
2.643244000000000000e+09
2.524980000000000000e+09
4.525581000000000000e+09
1.388606000000000000e+09
5.895378000000000000e+09
1.151521000000000000e+09
5.474978000000000000e+09
2.667807000000000000e+09
6.486074000000000000e+09
7.271832000000000000e+09
6.070445000000000000e+08
2.456408000000000000e+09
3.421152000000000000e+09
3.582650000000000000e+09
1.814461000000000000e+09
5.675942000000000000e+08
2.492572000000000000e+09
1.397127000000000000e+09
2.068554000000000000e+09
6.096790000000000000e+09
2.980959000000000000e+09
7.312097000000000000e+09
2.590358000000000000e+09
8.676509000000000000e+09
2.030388000000000000e+09
3.547997000000000000e+09
2.717211000000000000e+09
1.077133000000000000e+10
1.266364000000000000e+09
1.813464000000000000e+09
1.284596000000000000e+10
3.081112000000000000e+09
1.198335000000000000e+10
1.361688000000000000e+09
4.321220000000000000e+09
3.056863000000000000e+09
9.649018000000000000e+08
5.161480000000000000e+09
6.460688000000000000e+09
1.578820000000000000e+09
1.717696000000000000e+09
7.520654000000000000e+07
7.001933000000000000e+09
2.478537000000000000e+09
3.502824000000000000e+09
1.392597000000000000e+09
1.239734000000000000e+09
1.548505000000000000e+09
1.475821000000000000e+09
2.994478000000000000e+09
4.633560000000000000e+09
3.078239000000000000e+09
7.452397000000000000e+09
inf
1.922219000000000000e+09
3.489864000000000000e+09
5.609875000000000000e+09
5.525375000000000000e+09
3.030208000000000000e+09
1.877936000000000000e+09
1.626712000000000000e+09
4.173719000000000000e+09
5.282258000000000000e+09
4.401882000000000000e+09
inf
inf
1.635982000000000000e+09
3.861300000000000000e+08
1.059843000000000000e+10
3.054759000000000000e+07
4.519386000000000000e+09
5.307736000000000000e+09
2.366603000000000000e+09
6.142733000000000000e+08
7.747974000000000000e+08
4.534906000000000000e+09
1.144535000000000000e+09
9.208959000000000000e+09
2.271353000000000000e+09
3.460599000000000000e+09
4.630311000000000000e+09
6.385709000000000000e+09
3.072510000000000000e+09
6.153610000000000000e+09
2.996125000000000000e+08
3.643942000000000000e+09
1.048900000000000000e+09
3.078239000000000000e+09
3.317747000000000000e+07
1.128688000000000000e+09
1.267336000000000000e+10
1.232100000000000000e+09
2.966894000000000000e+09
2.624334000000000000e+09
3.569822000000000000e+07
2.649608000000000000e+09
3.740976000000000000e+09
inf
2.512490000000000000e+09
1.311385000000000000e+09
7.173084000000000000e+08
7.804756000000000000e+09
2.720570000000000000e+09
2.200941000000000000e+09
9.514155000000000000e+09
1.487122000000000000e+10
2.000249000000000000e+09
1.965126000000000000e+10
4.915233000000000000e+07
2.920311000000000000e+09
3.975210000000000000e+09
2.030388000000000000e+09
3.154717000000000000e+09
1.473187000000000000e+09
7.224096000000000000e+09
1.107113000000000000e+09
1.936312000000000000e+10
3.052623000000000000e+09
3.174434000000000000e+09
1.491826000000000000e+09
8.315898000000000000e+09
1.328536000000000000e+10
1.181317000000000000e+09
3.150202000000000000e+09
inf
2.454581000000000000e+10
6.814059000000000000e+09
1.748166000000000000e+09
2.478537000000000000e+09
1.127146000000000000e+09
4.760164000000000000e+08
4.649303000000000000e+08
1.802081000000000000e+09
1.205555000000000000e+09
9.583198000000000000e+08
8.267998000000000000e+08
9.489542000000000000e+08
2.825342000000000000e+09
3.351687000000000000e+09
1.148916000000000000e+09
1.426712000000000000e+09
inf
1.306972000000000000e+09
2.048658000000000000e+09
inf
1.790839000000000000e+09
4.819579000000000000e+09
1.820464000000000000e+09
3.635916000000000000e+09
inf
7.279849000000000000e+09
4.428453000000000000e+09
2.364908000000000000e+09
1.609267000000000000e+09
2.931687000000000000e+07
1.135286000000000000e+09
2.176994000000000000e+09
2.579228000000000000e+09
inf
1.151321000000000000e+09
1.320301000000000000e+09
2.000249000000000000e+09
9.695776000000000000e+09
inf
inf
2.057595000000000000e+09
8.922734000000000000e+08
3.635916000000000000e+09
1.537686000000000000e+09
2.645362000000000000e+09
2.987703000000000000e+09
1.107670000000000000e+09
5.567305000000000000e+09
3.412312000000000000e+09
4.321220000000000000e+09
2.428401000000000000e+09
3.717806000000000000e+09
7.981895000000000000e+08
7.344631000000000000e+09
7.138187000000000000e+09
2.809888000000000000e+07
inf
4.883745000000000000e+09
9.744426000000000000e+08
3.368787000000000000e+09
4.950014000000000000e+08
2.398410000000000000e+09
1.439464000000000000e+09
1.555435000000000000e+09
5.409490000000000000e+08
1.183514000000000000e+09
4.455346000000000000e+09
1.370165000000000000e+09
1.914972000000000000e+09
2.236729000000000000e+09
2.926783000000000000e+09
1.936312000000000000e+09
2.523050000000000000e+09
3.555640000000000000e+09
7.031761000000000000e+09
3.309686000000000000e+09
5.697000000000000000e+09
9.971041000000000000e+08
1.808993000000000000e+09
2.859603000000000000e+08
2.161317000000000000e+09
5.453617000000000000e+07
1.481783000000000000e+09
2.063382000000000000e+09
5.240336000000000000e+09
1.472530000000000000e+09
1.403363000000000000e+09
2.334803000000000000e+09
1.962789000000000000e+09
4.184299000000000000e+09
1.078893000000000000e+10
3.150202000000000000e+09
1.672448000000000000e+09
7.418903000000000000e+09
9.170588000000000000e+08
1.337145000000000000e+09
1.564650000000000000e+09
2.245858000000000000e+09
6.312451000000000000e+09
2.230684000000000000e+10
3.625933000000000000e+09
4.181649000000000000e+09
inf
5.465913000000000000e+09
6.662789000000000000e+09
1.373014000000000000e+09
9.514155000000000000e+09
3.464230000000000000e+09
4.770826000000000000e+09
6.125068000000000000e+09
1.897908000000000000e+09
9.000577000000000000e+08
9.012863000000000000e+08
2.292647000000000000e+09
3.281721000000000000e+09
1.691730000000000000e+09
2.513446000000000000e+09
1.638418000000000000e+10
9.475923000000000000e+08
3.904686000000000000e+09
1.334713000000000000e+09
1.176554000000000000e+09
inf
3.565239000000000000e+09
2.381971000000000000e+09
6.102072000000000000e+08
4.594867000000000000e+09
1.324538000000000000e+09
1.239036000000000000e+09
2.519200000000000000e+09
1.755774000000000000e+07
4.604479000000000000e+09
2.100135000000000000e+09
1.085812000000000000e+09
2.766623000000000000e+08
1.130427000000000000e+09
1.827012000000000000e+09
5.720692000000000000e+08
3.051212000000000000e+09
3.502824000000000000e+09
1.319773000000000000e+09
3.445707000000000000e+07
2.050566000000000000e+09
4.455346000000000000e+09
1.573637000000000000e+08
2.402774000000000000e+09
2.662696000000000000e+07
2.296634000000000000e+09
1.463716000000000000e+09
1.173627000000000000e+09
3.847799000000000000e+09
inf
2.302240000000000000e+09
1.706597000000000000e+09
2.324120000000000000e+09
2.729567000000000000e+09
2.517351000000000000e+08
4.318393000000000000e+09
1.744471000000000000e+09
5.677406000000000000e+09
4.676220000000000000e+09
4.597426000000000000e+08
inf
5.203940000000000000e+08
2.786001000000000000e+09
inf
1.655258000000000000e+09
3.523385000000000000e+09
1.446085000000000000e+09
inf
3.728302000000000000e+09
9.349792000000000000e+08
8.523071000000000000e+08
2.358994000000000000e+09
3.588491000000000000e+09
2.477607000000000000e+09
3.709451000000000000e+09
8.692500000000000000e+08
5.638620000000000000e+09
1.991802000000000000e+09
9.068566000000000000e+08
7.192618000000000000e+09
7.443995000000000000e+09
3.874896000000000000e+09
7.786348000000000000e+09
8.990772000000000000e+08
1.596041000000000000e+09
4.837233000000000000e+09
4.152719000000000000e+10
1.195298000000000000e+09
6.091165000000000000e+09
4.861635000000000000e+07
3.116009000000000000e+09
inf
3.315773000000000000e+08
1.179497000000000000e+09
2.000856000000000000e+09
6.723853000000000000e+09
1.460156000000000000e+09
1.594115000000000000e+09
3.426700000000000000e+09
3.499111000000000000e+09
3.039974000000000000e+09
4.659720000000000000e+09
6.710186000000000000e+09
3.694921000000000000e+09
1.299768000000000000e+10
1.820966000000000000e+09
4.200269000000000000e+09
4.219056000000000000e+09
inf
6.899502000000000000e+09
2.027272000000000000e+09
2.432875000000000000e+09
inf
2.335629000000000000e+09
2.094804000000000000e+09
9.911173000000000000e+08
2.021685000000000000e+09
2.540525000000000000e+09
2.399282000000000000e+09
4.111347000000000000e+09
3.283353000000000000e+09
4.404048000000000000e+07
1.077308000000000000e+09
8.925146000000000000e+08
5.848900000000000000e+08
3.145700000000000000e+09
2.315967000000000000e+09
1.428873000000000000e+09
2.813304000000000000e+09
5.604221000000000000e+08
2.884589000000000000e+09
4.055788000000000000e+09
1.704834000000000000e+09
6.807034000000000000e+09
2.302240000000000000e+09
2.484132000000000000e+09
2.423054000000000000e+09
2.220930000000000000e+09
1.424250000000000000e+09
