7.183673000000000343e-12
inf
9.414597000000000582e-12
1.264655999999999938e-11
1.878824999999999842e-11
1.056356000000000028e-11
1.295507999999999976e-11
inf
2.104111000000000020e-11
inf
1.270218999999999962e-11
1.812490999999999855e-11
1.955322999999999988e-11
1.241056000000000079e-11
2.442756000000000098e-12
1.120129000000000063e-11
1.167581000000000011e-11
1.211082000000000069e-11
2.300522999999999930e-11
7.485377000000000044e-12
inf
1.402434999999999931e-11
1.273078000000000041e-11
3.578113999999999712e-11
2.363015000000000105e-12
1.137670999999999949e-11
9.483862000000000691e-12
1.346814000000000041e-11
1.234273999999999957e-11
7.860204000000000664e-12
1.102453999999999979e-11
1.651366999999999864e-11
1.230251999999999956e-11
3.703966999999999903e-12
3.959818000000000041e-12
1.243472999999999946e-11
2.462836999999999919e-11
1.290719000000000046e-11
3.417823000000000188e-12
2.872705999999999977e-11
1.772357999999999989e-11
1.718767000000000001e-11
1.541148999999999899e-11
1.750473000000000108e-11
1.867680000000000136e-11
1.026576999999999979e-11
1.138359999999999928e-11
1.123004999999999939e-11
inf
7.884995999999999737e-12
7.695394999999999240e-12
1.061622000000000018e-11
1.269531000000000076e-11
1.209689999999999948e-11
8.584751000000000323e-12
1.347662000000000039e-11
7.668490000000000174e-12
9.833584999999999846e-12
1.045923000000000005e-11
inf
1.665099000000000153e-11
2.607103999999999854e-13
1.483428000000000089e-11
6.788679999999999705e-12
5.393999000000000067e-12
1.633529000000000036e-11
1.236990999999999974e-11
inf
2.357513000000000074e-11
2.200868000000000069e-11
1.559550999999999925e-11
1.851073000000000063e-11
inf
inf
1.583608999999999861e-11
1.628933999999999974e-11
9.496299999999999431e-12
7.661452999999999545e-12
1.125128999999999981e-11
1.453338999999999933e-11
inf
7.108626000000000289e-12
1.431560999999999942e-11
1.130940000000000026e-11
4.233771000000000217e-12
9.161746999999999291e-12
3.974083000000000082e-12
2.385117999999999895e-13
1.993350000000000023e-11
1.222643999999999935e-11
1.832672999999999899e-11
1.841546999999999847e-11
1.228874999999999931e-11
5.123235999999999598e-12
1.243584999999999976e-11
1.340609999999999959e-11
9.991540999999999825e-13
8.575975000000000725e-12
8.602044000000000257e-12
1.067944999999999970e-11
9.437675000000000577e-12
2.416637000000000055e-11
6.251827999999999682e-12
9.638993999999999388e-12
1.092554999999999963e-11
6.175783000000000283e-12
9.938951999999999310e-12
1.136227999999999952e-11
1.229700999999999992e-11
2.413467999999999870e-12
1.549455999999999855e-11
9.885664999999999358e-12
4.831448999999999803e-12
inf
1.483268000000000138e-11
3.086396000000000211e-11
inf
1.270508999999999994e-11
1.191511999999999982e-11
5.985816000000000149e-12
1.188255999999999981e-11
9.887788999999999238e-12
2.150749000000000129e-12
1.100544999999999972e-11
2.672220000000000098e-12
1.191828999999999929e-11
9.265651999999999746e-12
7.248787999999999909e-12
inf
7.799988999999999996e-12
9.132976999999999607e-12
9.089353000000000761e-12
6.296367999999999814e-12
1.280314000000000031e-11
1.263056999999999956e-12
1.046234999999999974e-11
1.682547000000000060e-11
1.537001000000000026e-11
7.657649999999999788e-12
inf
1.409367999999999978e-11
4.913072000000000131e-12
1.621883999999999918e-11
1.038328999999999988e-11
9.717326000000000674e-12
3.010316999999999925e-12
1.076030000000000051e-11
8.188493000000000498e-12
9.277491000000000055e-12
8.720553999999999921e-12
2.728378999999999960e-12
1.366090000000000049e-11
1.415080999999999996e-11
1.611363999999999999e-12
1.034573999999999990e-11
inf
9.081040000000000249e-12
4.608891000000000339e-12
inf
9.113692000000000058e-12
7.193134000000000357e-12
1.386139999999999988e-11
1.887097999999999882e-11
1.605766999999999977e-11
1.496670999999999853e-11
2.184877000000000162e-12
1.194498000000000026e-11
1.389100999999999980e-11
6.368215000000000043e-12
8.829933999999999198e-12
inf
1.191938999999999936e-11
1.022985000000000048e-11
5.435175999999999983e-12
3.698780000000000119e-12
7.273316000000000065e-12
1.036002000000000052e-11
5.472056000000000327e-13
inf
inf
2.024237000000000152e-12
inf
1.282984999999999910e-12
5.758431000000000306e-12
1.158335000000000032e-11
2.748695999999999903e-12
8.583209000000000368e-13
2.265960999999999941e-12
inf
inf
9.783274999999999427e-12
8.656490000000000407e-12
9.492199999999999479e-12
6.522368999999999630e-12
8.389638000000000647e-12
8.623303000000000339e-12
1.576094000000000090e-12
7.351835000000000248e-12
inf
inf
8.571659000000000483e-12
inf
inf
5.104052000000000192e-12
inf
6.922100999999999930e-12
2.250702999999999805e-12
inf
inf
1.007474999999999925e-11
8.533694000000000049e-12
1.126946000000000033e-11
9.699828999999999552e-14
1.061441000000000061e-11
1.066475999999999989e-11
8.100547000000000541e-12
inf
8.871228000000000416e-12
6.827539000000000035e-12
1.318531000000000049e-11
6.403046999999999747e-12
7.786184000000000541e-12
1.613773000000000014e-12
inf
7.568521999999999282e-12
3.475140999999999944e-13
1.381586000000000087e-12
inf
inf
3.687917999999999957e-12
inf
inf
1.322040000000000090e-12
5.921543000000000348e-12
inf
7.981192999999999958e-12
1.114306999999999969e-11
inf
4.588555999999999699e-12
4.653471999999999904e-12
9.882376000000000663e-12
1.207281000000000013e-11
3.284682999999999808e-12
1.340930999999999954e-11
7.092035000000000082e-12
5.228231000000000000e-12
inf
3.935314000000000007e-12
1.503824999999999845e-11
inf
1.171537999999999971e-11
2.320109999999999895e-12
inf
3.201533999999999977e-13
7.473903000000000410e-12
inf
1.852428999999999841e-12
4.111475000000000108e-12
1.849302000000000070e-11
inf
inf
4.417824999999999909e-12
1.086845999999999992e-11
9.891656999999999359e-12
1.079748000000000015e-11
9.644966999999999730e-12
7.771026999999999336e-12
1.018607999999999975e-11
1.561747999999999941e-11
2.659116000000000198e-12
inf
8.073352999999999436e-12
inf
inf
8.488966000000000040e-13
inf
7.572747000000000306e-12
inf
1.315418000000000040e-11
inf
inf
1.788626999999999907e-12
inf
9.117806000000000014e-12
2.010456000000000011e-12
1.324350000000000027e-11
1.120202999999999968e-11
1.035140999999999981e-11
inf
9.080562000000000582e-12
1.105723999999999985e-11
1.321569000000000061e-11
1.190584000000000009e-11
6.368801999999999624e-12
4.256590000000000142e-12
1.361579999999999940e-11
inf
4.081960000000000107e-12
5.395526000000000248e-12
inf
9.232662000000000307e-12
1.229538000000000087e-12
inf
3.305878000000000103e-12
inf
inf
inf
7.895845000000000471e-12
1.001954000000000074e-11
1.287479000000000072e-11
7.089740000000000040e-12
1.574391000000000051e-11
1.943493000000000027e-11
1.076311999999999988e-11
1.429199999999999928e-11
1.190415999999999963e-11
2.971797999999999895e-11
1.450119000000000033e-11
1.546834000000000071e-11
inf
2.949243000000000179e-12
4.365175999999999898e-12
inf
9.039731000000000066e-12
inf
inf
4.318112999999999778e-12
1.369941000000000049e-11
4.246207000000000225e-12
1.014934999999999976e-11
1.202910999999999942e-11
inf
7.701296000000000025e-12
6.887700999999999996e-12
1.011341999999999953e-11
9.907276000000000688e-12
3.480077999999999906e-12
3.939738000000000393e-12
6.935573999999999988e-12
inf
inf
1.100172000000000010e-11
1.699379000000000124e-11
1.080094999999999994e-11
5.509445999999999827e-12
9.802241999999999583e-12
1.111226000000000015e-11
2.978233999999999970e-11
3.237241999999999990e-12
1.397632999999999928e-11
9.639712999999999236e-12
8.332880999999999903e-13
1.478420000000000076e-11
1.337901000000000036e-11
1.309832999999999999e-12
9.454960000000000740e-12
1.883940999999999919e-12
8.477100999999999868e-13
1.312951000000000067e-11
1.121743000000000060e-11
3.963665000000000156e-12
3.867240999999999758e-12
2.240971000000000065e-12
inf
1.472540000000000105e-11
3.279827999999999825e-12
4.757788999999999893e-12
1.139591000000000006e-11
1.331155000000000016e-11
1.201460999999999983e-12
4.013624999999999672e-12
1.716360999999999859e-11
6.820776999999999826e-12
1.009542999999999952e-11
7.897625999999999452e-12
2.817654999999999872e-11
5.674582999999999954e-12
4.781550999999999726e-12
inf
6.656280999999999756e-12
2.757832000000000118e-12
1.199776999999999927e-11
1.134601999999999975e-11
1.247213999999999940e-11
