4.797785693842530619e-01 -5.987930930799451090e+01
4.821662484992216835e-01 -5.587210215956719139e+01
3.735248183096971375e-01 -4.699024598940096809e+01
5.304064406704183110e-01 -3.952332134912377626e+01
1.920942530338902443e-01 -5.680553619887943739e+01
1.165504299655689024e+00 -3.902819018742614787e+01
6.057694969233321514e-01 -4.804950923589459677e+01
7.676921174929413061e-01 -4.474870624134211283e+01
6.003655367611273608e-01 -1.264228456521492383e+01
3.894002868377274051e+00 -1.880744230532570782e+01
1.359194633069170433e+00 -3.322086854768436837e+01
1.310271646729620931e+00 -2.716509854365239818e+01
6.347804073077366604e-01 -6.006087508491198435e+01
1.020884825970145737e+00 -1.964542519547653754e+01
inf inf
4.238262758947892728e-01 -2.995496127342667947e+01
7.086584282539680757e-01 -3.010446935270973867e+01
inf inf
3.852124172570743355e-01 4.514990592883199838e+01
9.061038495301553253e-01 -1.973319340945990064e+01
9.387236547682910048e-01 -3.599145547416537738e+01
1.162366471164210546e+00 -4.918547771767737231e+01
4.199339570466476546e-01 -4.419113852383232910e+01
inf inf
6.921051506831781275e-01 -5.292524059388118474e+01
6.486139907977738206e-01 -3.388076616901023641e+01
3.532832479578881801e-01 -4.184656741773886068e+01
3.300681062022695622e-01 -4.375211196937016922e+01
1.279151580118035758e+00 1.701933332413774735e+01
5.044167124398722946e-01 -4.786344993457163355e+01
5.140231614836273666e-01 -4.416769095451939364e+01
2.588101454404157664e+01 -8.382060402925256781e+00
1.253988598558932521e+00 -4.270828110668468902e+00
1.414570136324950322e+00 -3.477600622503469907e+01
2.510042943543530636e-01 -4.803371407892469591e+01
1.384795073402255161e-01 -1.828901889206625597e+01
2.596688907368404076e-01 2.890963619594024259e+00
1.708249906391070105e+00 1.263013684530661784e+01
2.739180880684837782e-01 -6.855948769909346652e+01
6.265858970661764005e-01 -9.001294443328172079e+00
1.245660078059146025e+00 -2.419419284797741909e+01
2.916501517978453140e-01 -5.642530540864733268e+01
1.231871724781655519e+00 1.858322391276735175e+01
2.196786193183640545e+00 6.978335491170333249e-01
3.720100963000427807e-01 -3.281950068288646349e+01
6.420305443189087136e-01 -1.811380142963583495e+01
3.088115026657344941e+00 -1.215961752689181807e+01
3.477155768313230588e+00 -1.456896980074415993e+01
inf inf
1.111398883173281504e+00 -6.586813799549733339e+00
2.155571107213825610e-01 -9.423208579920728312e+01
3.744497271452121301e-01 -6.132729917598987868e+01
8.283921829836371487e-01 -5.830539220351446517e+01
3.734279164301851361e-01 -8.198816172555178028e+00
3.323415195171198766e-01 -2.399136748110526440e+01
4.902492935730193291e-01 -4.346602467111675594e+01
6.096840807987026212e-01 -3.038389965509099966e+01
3.880428763475007314e-01 1.904775736597445590e+00
4.776642319872143050e-01 -2.181591897512353384e+01
1.088775094939598009e+00 -2.343948837130929874e+01
5.327844576037590318e-01 -3.904432083910675999e+01
1.182398554215801978e+00 -4.465357489369604593e+01
4.931746941003085083e-01 -6.151721671269785219e+01
5.341326820198586400e-01 -5.046091865012983391e+01
1.151774479594435574e+00 -2.564090612198566266e+00
4.591650750555890115e-01 -1.890036582179777369e+01
6.307358740910553596e-01 1.530297169991799677e+01
4.239102948654645542e-01 3.464428287263422845e+01
1.302028965611540023e+00 -1.947573587828135899e+01
5.774160349844601470e-01 -3.402189395385287440e+01
1.239127883152392862e+00 -6.144816841236085025e+01
7.390562117809832410e-01 -6.253840797360348347e+01
9.448689423150855582e-01 -6.734032317456922101e+01
3.933082052080911217e-01 -1.042662758110772003e+01
7.476925217766764442e-01 -1.370521682581207479e+01
3.754753187139194814e-01 -4.598750605880115216e+01
4.114992925805746049e-01 -4.939651020871374953e+01
4.382656361633937570e-01 -4.114695455011159453e+01
4.458267833976816141e-01 -5.804661414173641276e+01
4.088561957947538517e-01 -2.944160266900290068e+01
1.372987887453283706e+00 -3.337265768620572004e+01
1.446763405255290902e+00 -5.654512416279830234e+01
4.985524683499860665e-01 -2.800419700108271570e+01
5.428126818803032938e-01 -4.592511423179518459e+01
1.181081556850470005e+00 -2.900653633362065875e+01
5.321802211729871335e-01 -1.097364621029176490e+01
1.688393142924952350e+00 -1.093244602269545318e+01
4.215356386909505093e-01 -3.592737920954868258e+01
inf inf
2.454016293265019744e-01 3.954270171352145269e+01
4.891043950659535455e-01 -3.534579420299310470e+01
4.132912771934567631e-01 -6.106394885073159884e+01
5.074230512422451822e-01 2.405853041000538983e+00
1.103542689320306858e+00 -1.900644765477575504e+01
7.319235612971388694e-01 -1.955079829355308618e+01
6.666317190274307913e-01 -4.149934277756064915e+01
7.191781635089617986e+00 3.396656844762622995e+01
3.180723816831030337e+00 -1.910689329720764551e+00
4.598918391519287163e-01 -4.741903745001314263e+01
5.560987417447742498e-01 -3.877770206613197956e+01
4.394889523764233807e-01 -6.860574668944606458e+01
3.492962677361190482e-01 1.776132917737398031e+01
9.609288884963950172e-01 -2.736922883452228206e+01
1.329259514007339327e+00 -1.986494435277614912e+01
8.683429234764103999e-01 -1.119789188786168666e+01
4.049411918245298669e-01 -1.950534929764228309e+01
4.279913763343896060e-01 -4.180694512580352296e+01
8.975823654610515234e-01 -4.862051358520063360e+01
5.270885315184585806e-01 -1.047799132569685732e+01
7.918514924473301075e-01 -1.900734822509346600e+01
6.183751431569528556e-01 -1.703011478796943479e+01
6.542834509073114369e-01 -4.074462300799994807e+01
3.863144660890963089e-01 -5.112772266295868206e+01
6.794696777149678013e-01 -2.818256871971034272e+01
8.988294870491057020e-01 -5.889240621152060839e+01
7.349576263598338599e-01 -4.879835939532313915e+01
5.738813568881586669e-01 -1.581252092835910616e+01
7.941109026004010696e-01 -3.338763876300333067e+01
1.644710699849644797e+00 -2.256509340276029363e+01
3.036490130252503139e+00 1.491707337348590556e+01
inf inf
9.996277463261095120e-01 2.554313193303741514e+01
7.221927641767841299e-01 -4.810078803572753969e+01
1.025715356657492139e+00 -2.051546555276499362e+01
1.932675219467208549e+00 2.183405575610304794e+00
8.800389243208555090e-01 -6.267067651851597532e+01
6.942120664044740819e-01 -5.351600504659093360e+01
3.109169620582055704e-01 -6.161012169040027686e+01
4.522776199344978321e-01 -2.587818262392950430e+01
7.331437968145769757e-01 -5.760331714213000964e+01
4.263271005569337357e-01 -5.891004675963844051e+01
6.993743319943696024e-01 -2.840735741055192065e+01
1.619645040264907854e+00 -1.672344089455659955e+01
4.425535443317974438e-01 -5.426895277144143392e+01
8.923348206159208429e-01 -1.514928436116208665e+01
1.141379512510894756e+00 -2.259596909450558755e+01
9.048568679737194476e-01 5.404905979816204464e+00
4.733579796768797032e-01 -6.110744532814246810e+01
7.592275282701461236e+00 5.417158932810194116e+00
1.350681550897133487e+00 -2.167289240516884163e+01
inf inf
1.259312180572524476e+00 3.131215461499873065e+00
2.235177401549067966e+00 2.866758045780716202e+01
3.038959167737408373e-01 -4.950806474994175232e+01
6.792904372441944671e-01 2.702310016184442887e+00
6.025685141722287863e-01 -5.891594882188113758e+01
1.477384105114669843e+01 2.411856517950963052e+01
8.689030499475779434e-01 -1.686832461973030917e+01
3.300720550938912812e+00 -2.462865050500212760e+01
5.396719127248504888e-01 -4.521518475301434137e+01
4.855162248916556345e-01 3.511396146350988801e+01
4.720366413313961118e-01 -3.097117481066288747e+01
4.093086379518392492e-01 -3.389958617476105474e+01
2.890629276275233916e-01 1.863544095270536261e+01
2.911709636017617564e-01 -4.563371345385005640e+01
2.649669869959942470e-01 -1.249673100820170468e+01
6.604921727769657025e-01 -1.515778707987888296e+01
2.316834318895253819e+00 -3.866314358427595010e+01
4.042483153796958550e-01 -4.163218139397820750e+01
5.663725814789255519e-01 -5.289501023709356531e+01
1.701300557294914251e+00 -1.219300704624463272e+01
9.508317686638970700e-01 -7.153052473382159349e+01
6.153592822045699240e-01 -2.568764377610350991e+01
1.230762814400361949e+00 -4.836990184292538686e+01
8.842902842370153893e-01 4.402177965572555252e+00
3.915824555504246463e-01 -6.277121180218554741e+01
1.107409242350774425e+00 -1.278730078348252341e+01
4.970748547190464994e-01 -7.397017785093410680e+00
5.882387986603551111e-01 -1.832511979467821561e+01
3.255197392247731192e-01 -1.564190630481187760e+01
7.249466259722782135e-01 -4.290305990130865865e+01
3.479084143721841715e-01 -3.826405370794399374e+01
4.709511162302739695e-01 -4.209150511951441587e+01
1.010711108842715644e+00 -3.231661307413840234e+01
3.946539090550708062e-01 -1.944479354367134505e+01
2.574276846940821151e-01 3.040677253746196698e+02
6.132364028788457322e-01 -4.527262293351252254e+01
6.360675779384791229e-01 -6.736384480832154509e+01
2.152252357872159738e-01 -6.276853687587394148e+01
6.994146611002939329e-01 -5.168919319333260631e+01
6.212256267687231714e-01 -4.641468824940040605e+01
8.006492588983373793e-01 -4.948112390117672277e+01
2.339848515279340790e-01 -5.655008015234503915e+01
3.986488710790539458e-01 -6.110013377129116208e+01
5.462260925955968460e-01 -8.108879349373687262e+00
1.856177206952092318e+00 6.398721620308938540e+00
6.171355832762592808e-01 -3.682883256835830821e+01
4.919506777291902111e-01 -3.204811090553364750e+01
2.639500773875900208e-01 -2.295828842985664764e+01
8.630054783326572831e-01 -1.843211852105693538e+01
4.174943262014785272e-01 -6.406991094538886955e+01
6.071546896865289700e-01 -4.526900917161760418e+01
7.195996586785153859e-01 -3.788415687181095848e+01
2.941306718754096439e-01 5.293361073302010666e+00
1.545949060421804855e-01 -8.844033123792262074e+01
5.903576170691633429e-01 -4.561799995477419856e+01
5.042037243492110132e-01 3.232967035508301024e+01
8.222970267560122393e-01 -3.384811945979348735e+01
1.073384779954569268e+00 4.420814815365671002e+00
4.125913991677330195e-01 -5.470037219455765154e+01
6.404567289665462626e-01 -5.963784171152856572e+01
5.793077221092101103e-01 -9.442176366420088840e+00
4.945916740407442225e-01 -5.359457329935818137e+01
1.099855516792229482e+00 -4.713981775164464949e+01
5.755348502310447811e-01 -4.133162084345586607e+01
4.931892013759118676e+00 1.067230878200514077e+01
1.221541452305535014e+00 -4.307378963023935192e+00
inf inf
6.528741727058546829e-01 -3.870880916868382826e+01
3.605728738852772564e-01 -4.632875172059083724e+01
2.848172529950458554e+00 -4.319454615099599692e+01
4.257969408519738930e-01 -5.092652002157378632e+01
4.053317400065513110e-01 -6.516736045005595201e+01
3.921551848671934182e-01 -6.674103106519503115e+01
7.030155741518108181e-01 2.006481544586904064e+01
5.611603246014776891e-01 -3.149215923708806741e+01
5.333312810712360630e-01 -6.470449738651851135e+01
4.783382041636462523e-01 -3.025840219988885238e+01
6.748818218212542241e-01 -6.213393808259886697e+01
4.808985422633522133e-01 -6.596545189476633198e+01
5.724442123947612870e-01 5.657038334975593941e+00
6.021050095173378081e-01 -2.799319012287215358e+01
4.106319367399720588e-01 -6.604191038832613003e+01
4.718233731774991169e-01 -5.829862731690185740e+01
5.709429334204152440e-01 -3.176515135186527772e+01
3.783493276374789716e-01 -3.070343104906381626e+01
8.513268414088187575e-01 -2.037712456093799318e+01
6.134800578938036653e-01 -5.022816133079776790e+01
5.299215111780050114e-01 -3.529611107543732373e+01
8.407924028339567313e-01 3.153556511906581150e+01
3.966744252681890237e-01 -3.340305348385369655e+01
inf inf
5.793390891915952690e-01 -5.827716239945089427e+01
8.682922320307701058e-01 -5.284694270812244810e+01
5.047484473424211915e-01 -3.557367203842269276e+01
8.650250143244507806e-01 -6.088340853434296207e+01
8.863460884178172572e-01 -3.376295534609211302e+01
7.734297730003436566e-01 -1.812854396441507987e+01
2.516179129035168716e-01 -5.882909336724415539e+01
2.914828140145841462e-01 3.495588797770893308e+01
4.422205491446886128e-01 -5.423449438068225703e+01
1.239599089546261773e-01 1.082891200910952705e+02
-2.698591315951697628e-02 -4.131249815701757484e+02
8.989852022080900840e-01 -3.136628903822026970e+01
4.023053374739812682e+01 1.791432031086037568e+01
8.726357327514372431e-01 -2.930741218120344271e+01
4.924272053245358216e-01 -7.469902568516856434e+01
5.622042603121157889e-01 -4.105130776883144961e+01
8.807493047179136836e-01 -4.653257733848078459e+01
6.756015843367042528e-01 -4.311277806795504830e+01
5.825381115000497489e-01 -3.433545891989516008e+01
inf inf
6.324873895663959411e-01 -6.011024804946270450e+01
3.054642708930093709e-01 -2.438004817712206673e+01
1.426931707448759301e+00 4.630687838393274802e+00
4.896303538223795715e-01 -6.242459196870067473e+01
5.655769218266319953e-01 -6.185709314422013705e+01
3.927438777883901500e-01 -6.152295035440755555e+01
6.634438992483997488e-01 -4.170725477039513152e+01
6.274861603369604746e-01 -2.979732589129761777e+01
8.864082624561171464e-01 -4.008507827047814942e+01
inf inf
7.736893916197298271e-01 -6.499312487032668173e+01
7.526147731736769764e-01 -9.004763440023868526e+00
2.001211874384388967e+00 2.178927829355572854e+01
3.616668008834670878e-01 -4.217601655753876599e+01
7.109324016952899283e-01 -5.571495759717819141e+01
5.649212937921307409e-01 -5.472967739243468088e+01
4.022917936159082775e-01 -4.025692209585966452e+01
3.633412989690218975e-01 -3.894514248547068291e+01
3.753280054520025666e-01 -4.653712426191650309e+01
2.648186935127526676e-01 -5.314151208665687420e+01
inf inf
2.466281522635788548e+01 1.346624723384435462e+01
5.891851323333924251e-01 -1.280931584399177936e+01
4.613957787270130395e-01 -7.076240874188898999e+01
6.900741320987258121e-01 -3.634074984219384419e+01
2.883805535540237552e-01 -5.717279294835304881e+01
2.792528726114990034e-01 -5.084144471361209128e+01
3.977778744163887881e-01 -3.362484249321769880e+01
6.624591969120877666e-01 -6.874925128884576964e+01
7.623573329499261364e-01 -3.031154261860061183e+01
2.783827441448640805e+00 2.701576930815673805e+01
6.773771852503046587e-01 -6.311078268472287789e+01
3.303637969663987484e+00 -3.038697353058698880e+01
7.181895402873513801e-01 1.360398668269916023e+01
1.189341881952392210e+00 -2.512964909576833961e+01
7.337190467004656158e-01 -3.045165886305365532e+01
6.074868446839311042e-01 -4.770547111267646301e+01
7.003245865527053526e-01 -3.443712714449831935e+01
4.130802355422825478e+00 -9.307939904815219379e+00
1.915827315372585105e+00 2.466659642039863432e+00
7.701851003844889521e-01 -1.505218290036984818e+01
2.711763250047667828e+00 -4.958557944413880136e+01
4.230142325432145745e-01 -5.780346516386561007e+01
1.196523963597317664e-01 4.161086642316207929e+01
3.586384771171011177e-01 -5.963273160557692165e+01
1.266865696083643300e+01 8.756955294247291022e+00
3.827286764523007423e-01 -4.005821381778367396e+01
inf inf
6.954008928300415171e+00 -7.222212165536861406e+00
3.492303128441390792e-01 -1.706188889677462228e+01
8.427440234911219852e-01 -4.939770319267700671e+01
3.341392888361329483e+01 1.155195856733856097e+01
7.036835249686780314e-01 -4.857212368415880377e+01
inf inf
5.120230898867067504e-01 -2.711158237890950673e+01
1.868711437060639247e+00 9.761688512049875754e+00
5.317529847071043037e-01 -2.170362116527062568e+01
1.505840364264162679e+00 4.505025535386590896e-01
4.641475400482401592e-01 -1.713066856614683786e+01
4.228587974474656841e-01 -5.070951795597271428e+01
1.313055475291322327e-01 -1.448691852807703384e+01
inf inf
1.154402733028770500e+00 -6.153596965115414008e+01
1.027917353847268567e+00 -2.732387128552042554e+01
3.017793388708172042e-01 -1.123751203976949853e+01
3.444992046054244361e-01 -1.445304343266451497e+01
-1.381507271048120877e+00 -1.351114450798343682e+02
1.909216282665015252e-01 8.004675626990399451e+01
4.896699827702144514e-01 -5.010155793985801864e+01
1.158679438667750805e+00 8.193056092881357699e+01
5.382855997087111488e-01 -5.665170449546548781e+01
1.185913627885613053e+00 -5.363113217117513187e+01
7.210370832351481463e-01 -2.808447719751256244e+01
6.396880954164869681e-01 -6.630589050886682401e+01
6.681409798039912307e-01 -1.910653368426062215e+01
1.438104018048985999e+01 2.712927105520245519e+01
6.134649344790821246e-01 -2.056182979171183334e+01
1.176527868671497501e+00 -3.963010173247474910e+01
4.540064502877556030e-01 -8.501092946670535611e+00
1.862028008006670232e+00 -3.413963900161306242e+01
4.788966222490766533e+00 -6.644368136099637923e+01
1.209119667586075142e+00 7.530864842251111746e+00
1.583807728544768034e+00 -1.430463489013039080e+01
6.394615242588996828e-01 -3.744723830888263194e+01
inf inf
2.007036629558058394e+00 3.456999812899220359e+01
6.922131150604957650e-01 -1.887261029674792567e+01
4.909549128950725927e-01 -7.368182691206102675e+01
4.775666299496132972e-01 -5.183800987757120282e+01
8.483982201543202040e-01 -3.820034319042006388e+01
1.120439884544393250e+00 -1.821744658026775987e+00
8.179889540346465537e-01 -2.540441309497045097e+01
3.242348090999151999e-01 -6.626627906574924509e+00
3.962386468736210920e-01 -7.143888953482955628e+01
5.359077228069881738e-01 -7.765716127243028843e+00
1.104401363200606001e+00 -2.943295778515994598e+01
2.291789664053183739e-01 -3.550233965101708122e+01
2.574512100058711228e-01 -6.346259959902566550e+01
6.220001416467295652e-01 -5.686393204340670593e+01
1.156418908261736878e+00 -1.112643137202656973e+01
4.430503765117230763e-01 -4.313640149969551629e+01
1.195567827711034647e+00 -1.197851510721319634e+01
1.180995577437145894e+00 -3.177592167827982195e+01
1.994727570290920848e+00 1.167515975647881632e+01
5.965890240608997530e-01 -5.031624015778211145e+01
9.821083906241743211e-01 -3.224908954703770547e+01
8.490191203476090687e-01 -6.813395455061987604e+01
8.011837595834486736e-01 -6.822469698614217748e+01
4.641959909879960211e-01 -8.772650146895648149e+00
4.990922902365735880e-01 -6.820887355902584659e+01
5.810288507234894206e-01 -5.530226180884707077e+01
7.215495989562664692e-01 -1.688142655919286383e+01
1.269619067768474885e-01 -9.685352848788851077e+01
2.371855542158018415e-01 -6.974308466170730014e+01
4.015006149753845843e-01 -6.013937824429329027e+01
2.859805516566895633e-01 -4.779737081082340922e+01
inf inf
8.228564530690902767e-01 -5.018547075026751969e+01
1.815755554131846239e+01 -5.139043199716340382e+00
1.461231612037161343e+00 -8.224852379917396661e+01
1.066234345455264965e+00 -6.293504706094537937e+01
inf inf
7.571856852416380956e-01 -4.408289612263631341e+01
5.666310798453690900e-01 -1.699245656667201487e+01
1.628877184794304434e+00 -3.484078290539792988e+01
9.940152790850133036e-01 -3.677587294284170127e+01
3.283924878637725642e-01 -3.761240586844255773e+01
5.569966244780553133e-01 -6.382961228269923737e+01
5.225261613791829518e-01 -5.610316140991507439e+01
6.281500502369116168e-01 -7.559107915477066797e+01
7.816269438426417526e-01 -5.713113843847069973e+01
4.139006947940866432e-01 -6.560746628792664126e+01
