1.226152000000000004e-11
inf
2.735828000000000124e-12
1.277995999999999960e-11
inf
1.590062000000000056e-11
inf
1.132886999999999997e-11
1.898807000000000110e-11
inf
inf
1.700456000000000161e-11
1.174840000000000031e-11
1.278869999999999942e-11
inf
inf
inf
8.077981999999999415e-12
inf
inf
2.037361999999999897e-11
7.659554000000000302e-12
inf
inf
inf
inf
inf
1.671288000000000138e-11
8.914835999999999719e-12
6.730413999999999679e-12
1.180631000000000001e-11
1.141237000000000058e-11
1.792405999999999905e-11
1.389440000000000025e-11
1.763183000000000122e-11
1.376210999999999941e-11
1.390398999999999961e-11
1.532097999999999880e-11
3.434545999999999934e-11
8.979062999999999623e-12
inf
1.889262999999999843e-11
1.032974999999999928e-11
9.936569000000000167e-12
inf
inf
1.758274000000000067e-11
1.335693000000000052e-13
inf
inf
inf
1.589959000000000051e-11
8.556168999999999304e-12
1.400967000000000042e-11
3.357316999999999961e-12
inf
inf
4.777558000000000149e-12
inf
1.404930000000000073e-11
inf
inf
3.070837000000000156e-12
inf
inf
inf
inf
inf
1.373324000000000016e-11
7.984079999999999236e-12
1.568976999999999929e-11
inf
inf
2.414235999999999892e-11
1.207820999999999928e-11
inf
1.133100999999999940e-11
4.728426999999999760e-13
inf
inf
2.038662999999999994e-11
3.775643999999999739e-12
1.312743999999999965e-11
4.213389999999999781e-13
8.087704000000000250e-13
inf
inf
inf
inf
inf
8.338184000000000612e-12
inf
inf
inf
2.236985999999999936e-11
9.106108000000000320e-12
inf
1.585118000000000153e-11
1.067300999999999957e-11
1.001481000000000062e-11
inf
inf
inf
4.799315999999999702e-13
inf
2.939957999999999982e-12
6.942818000000000002e-14
3.868165000000000007e-12
inf
inf
inf
inf
inf
5.386031999999999763e-12
inf
inf
1.082884999999999985e-11
inf
inf
1.745511000000000154e-11
inf
7.335805999999999731e-12
1.364176999999999994e-11
2.325143000000000042e-12
3.278488999999999926e-12
inf
6.185447999999999767e-14
1.179787000000000050e-12
3.022221000000000194e-12
7.889887999999999672e-12
inf
inf
inf
1.017947999999999935e-11
inf
inf
inf
2.105651000000000193e-12
inf
1.602608000000000031e-12
inf
9.942886000000000372e-12
1.270993000000000055e-11
1.300818999999999932e-11
inf
inf
inf
1.381702000000000003e-12
inf
4.784189999999999631e-12
inf
3.874900999999999747e-12
inf
inf
inf
inf
inf
2.830214999999999972e-12
inf
inf
inf
inf
9.808848000000000211e-12
inf
inf
1.003578999999999959e-11
8.791886999999999896e-12
1.044562999999999939e-11
8.873106000000000461e-12
inf
inf
inf
5.621266999999999619e-13
4.016212000000000255e-12
inf
1.289332000000000064e-12
inf
inf
inf
1.452372000000000064e-11
6.978313999999999865e-12
inf
inf
inf
6.670086000000000019e-12
inf
1.242577999999999959e-11
3.837822000000000244e-12
9.588913000000000301e-12
inf
inf
9.531649000000000314e-12
5.031598999999999915e-12
1.366831999999999926e-11
6.782070999999999769e-12
5.150047999999999908e-12
inf
inf
inf
inf
inf
inf
inf
inf
inf
inf
inf
inf
inf
inf
inf
inf
inf
inf
inf
1.073707999999999932e-11
inf
5.906637000000000250e-12
1.775352999999999897e-11
inf
inf
inf
1.030179000000000027e-11
inf
inf
inf
4.743445000000000292e-12
1.256676999999999937e-12
inf
inf
inf
2.321926000000000097e-12
inf
3.949087000000000377e-12
1.094180000000000009e-11
inf
inf
inf
inf
8.569997000000000727e-12
1.698953000000000061e-12
9.087472000000000600e-12
1.039293999999999994e-11
inf
inf
inf
inf
inf
2.506019999999999857e-12
inf
8.659305000000000128e-13
2.097799999999999907e-13
2.405888000000000017e-12
inf
inf
1.328866000000000085e-12
inf
inf
1.161849999999999942e-11
9.089072000000000108e-12
inf
inf
inf
4.564351999999999977e-12
inf
inf
1.220698999999999987e-11
inf
1.094378000000000085e-12
inf
7.464894999999999364e-12
9.490598999999999393e-12
inf
inf
inf
inf
inf
inf
inf
inf
inf
inf
inf
inf
inf
4.975571000000000146e-12
inf
inf
inf
inf
inf
inf
1.514522000000000077e-11
inf
inf
inf
inf
inf
inf
inf
inf
inf
6.032120999999999718e-12
inf
inf
inf
2.358880000000000143e-12
inf
1.288688999999999983e-11
inf
inf
4.187362000000000389e-12
6.571838000000000052e-12
1.583252999999999858e-11
1.659272000000000081e-11
1.105894999999999985e-11
inf
inf
1.056229999999999994e-11
2.279309999999999908e-12
inf
inf
4.363129999999999807e-12
4.515519999999999726e-12
inf
inf
inf
2.451709000000000090e-12
2.589770000000000182e-12
inf
2.150607000000000148e-11
inf
inf
1.779091999999999989e-12
inf
2.971382000000000152e-12
inf
inf
inf
6.717208000000000270e-12
inf
inf
1.960626999999999942e-11
1.438027000000000048e-11
1.879257000000000098e-11
9.371446000000000133e-12
8.792344999999999327e-12
inf
inf
inf
inf
inf
inf
inf
3.516006000000000195e-12
3.335885000000000179e-12
inf
inf
inf
inf
inf
inf
inf
inf
inf
inf
inf
5.533857000000000297e-12
6.702687000000000276e-12
inf
inf
inf
inf
inf
2.551602000000000097e-12
inf
1.420975999999999983e-12
inf
1.132299000000000000e-11
inf
inf
inf
inf
6.582680999999999747e-12
