inf
inf
inf
inf
inf
inf
inf
inf
inf
-8.094833582082233647e+01
inf
inf
inf
-7.486738554321681249e+01
inf
inf
inf
inf
inf
inf
inf
inf
inf
inf
inf
-7.285271140743842011e+01
-8.381227065434346457e+01
inf
inf
inf
inf
inf
inf
-8.564259665151463707e+01
inf
inf
-8.634027727458500578e+01
-9.085325586213468796e+01
-8.842983675563064594e+01
inf
-8.569854350301122281e+01
inf
-8.771718652201278132e+01
inf
-8.217766103691306512e+01
inf
-7.920091819110832887e+01
inf
inf
inf
inf
inf
-8.249686662904642276e+01
inf
inf
inf
-7.582766802897801028e+01
inf
-8.113016091256302786e+01
inf
-9.263854939720410187e+01
inf
inf
-7.937600016724984187e+01
inf
inf
inf
inf
-1.057858930807117019e+02
inf
inf
inf
inf
inf
inf
inf
-7.751088116108340387e+01
inf
inf
inf
inf
-8.051687547112526033e+01
-7.219240693491703098e+01
inf
-7.675320471520710441e+01
-8.311996500376400832e+01
inf
inf
inf
inf
-8.852342802319722637e+01
inf
inf
inf
inf
inf
inf
inf
inf
inf
inf
-8.056171078706421440e+01
inf
inf
inf
inf
-7.847868355983365518e+01
-7.642240974411785714e+01
inf
inf
-8.974494023606904136e+01
inf
inf
inf
-8.799725965879035527e+01
inf
-7.320292496685040362e+01
inf
-8.099871519151238886e+01
inf
inf
inf
inf
inf
inf
inf
inf
inf
inf
inf
inf
inf
inf
inf
inf
inf
inf
inf
-8.543481136015495281e+01
inf
inf
-8.199728303144750896e+01
inf
inf
inf
inf
inf
-9.505237811594408015e+01
inf
inf
inf
inf
-8.730135972282869261e+01
inf
-8.618304389262411291e+01
inf
inf
inf
inf
inf
-8.427421868620227485e+01
inf
inf
inf
inf
inf
inf
inf
inf
inf
-8.109998722218298894e+01
inf
inf
inf
inf
inf
inf
inf
inf
inf
-7.191733599634349616e+01
inf
inf
inf
inf
inf
-8.773053510000607957e+01
inf
inf
inf
inf
inf
-7.493084819808522923e+01
inf
-7.940988372092593295e+01
inf
inf
inf
-8.908581620161533010e+01
-8.567804141252821637e+01
inf
inf
inf
-9.227045677333872220e+01
inf
inf
-7.799801813807849271e+01
-9.060736682229055816e+01
-8.039014979272243977e+01
-9.183367474645895356e+01
-9.040207068760287257e+01
inf
inf
inf
inf
inf
inf
-8.355936605094412073e+01
-7.999532676687788069e+01
-7.884885894464918010e+01
-7.610814916067002400e+01
inf
inf
-7.457180925538341398e+01
inf
inf
-7.671700176484466738e+01
inf
-8.436608384723457732e+01
-8.525948803451380797e+01
inf
inf
-8.722295669950669605e+01
inf
-8.542160941495144755e+01
inf
inf
inf
-8.399633861970013982e+01
inf
inf
-7.101799145472307373e+01
-8.935471931577589544e+01
inf
inf
inf
inf
inf
inf
inf
inf
-8.810970129490323188e+01
inf
inf
-8.461472946356578007e+01
inf
inf
inf
-7.652457667458858737e+01
-7.175457442410225894e+01
-8.927221626418796063e+01
-8.560508125143999791e+01
inf
-8.485185808312540701e+01
inf
inf
inf
inf
inf
inf
inf
-1.094597656421950091e+02
inf
inf
-7.268937004377131927e+01
inf
-8.327654805470845645e+01
-1.001377727454115956e+02
inf
inf
inf
inf
-8.009479858084090154e+01
-8.463789661098950035e+01
-9.009074553500663285e+01
-7.855541718334167456e+01
inf
inf
inf
inf
-7.243129226668675358e+01
inf
inf
-9.400914668245680161e+01
inf
inf
inf
inf
inf
-8.893314354527933574e+01
inf
inf
inf
inf
inf
inf
inf
inf
inf
inf
-9.336645028895490839e+01
inf
-7.671914122228366750e+01
inf
-8.557217977048657076e+01
-9.435200695548104477e+01
inf
inf
inf
-8.342888131440916766e+01
inf
-8.502447002656654718e+01
inf
inf
inf
inf
inf
inf
inf
-1.042814161860529509e+02
inf
inf
inf
inf
inf
inf
inf
inf
-8.529000003797008844e+01
inf
inf
inf
-8.513216893743627622e+01
-8.944250995066430221e+01
inf
inf
inf
inf
inf
inf
inf
inf
inf
-7.137461417609726766e+01
inf
-9.185274043261290444e+01
inf
inf
inf
inf
inf
inf
inf
inf
inf
inf
inf
inf
inf
inf
inf
inf
inf
inf
inf
inf
inf
inf
inf
inf
inf
inf
inf
inf
