2.171981000000000000e+09
2.273700000000000000e+09
5.150408000000000000e+09
2.618090000000000000e+09
4.862168000000000000e+09
4.031028000000000000e+09
6.194018000000000000e+09
1.179076000000000000e+11
3.692854000000000000e+09
inf
2.770803000000000000e+09
3.879450000000000000e+09
7.415570000000000000e+08
5.548591000000000000e+09
1.938586000000000000e+09
5.063515000000000000e+09
4.983263000000000000e+09
6.935739000000000000e+09
4.189609000000000000e+09
3.996866000000000000e+09
9.541652000000000000e+09
2.822926000000000000e+09
1.227291000000000000e+10
5.207274000000000000e+09
1.136458000000000000e+10
5.055760000000000000e+09
9.527884000000000000e+09
8.608635000000000000e+09
8.283557000000000000e+08
3.963279000000000000e+09
5.525375000000000000e+09
7.184792000000000000e+09
3.273586000000000000e+09
1.318192000000000000e+09
2.315967000000000000e+09
6.921199000000000000e+09
1.084207000000000000e+09
1.575853000000000000e+10
7.084574000000000000e+09
4.343963000000000000e+10
3.321340000000000000e+09
1.994811000000000000e+10
4.538023000000000000e+09
8.013135000000000000e+09
6.849402000000000000e+09
8.687926000000000000e+10
9.152791000000000000e+08
8.660576000000000000e+08
3.028818000000000000e+10
4.205620000000000000e+09
3.386063000000000000e+10
1.740333000000000000e+09
1.751412000000000000e+10
5.363788000000000000e+09
1.700499000000000000e+09
1.493919000000000000e+08
1.447988000000000000e+10
1.970404000000000000e+09
7.924180000000000000e+09
8.066882000000000000e+07
1.315303000000000000e+10
5.130399000000000000e+09
6.057636000000000000e+09
9.944573000000000000e+08
2.451847000000000000e+09
8.828484000000000000e+08
5.726646000000000000e+09
6.800024000000000000e+09
1.044751000000000000e+10
2.016745000000000000e+09
1.209308000000000000e+10
inf
1.230034000000000000e+09
6.583074000000000000e+09
8.151634000000000000e+09
1.160426000000000000e+10
4.726430000000000000e+09
3.836620000000000000e+09
2.492572000000000000e+09
2.626421000000000000e+09
1.107856000000000000e+10
4.224455000000000000e+09
inf
inf
3.786023000000000000e+09
1.344223000000000000e+09
9.044963000000000000e+10
3.326873000000000000e+07
6.928461000000000000e+09
1.395946000000000000e+10
5.110544000000000000e+09
2.304650000000000000e+09
6.803528000000000000e+08
1.568367000000000000e+10
2.885849000000000000e+09
1.150318000000000000e+10
5.975406000000000000e+09
1.018954000000000000e+10
1.162469000000000000e+10
1.675843000000000000e+10
5.329155000000000000e+09
1.036550000000000000e+10
1.837640000000000000e+08
6.108070000000000000e+09
3.372228000000000000e+09
7.777177000000000000e+09
3.753620000000000000e+07
1.993606000000000000e+09
6.229078000000000000e+10
2.117647000000000000e+09
5.385663000000000000e+09
5.244498000000000000e+09
3.768915000000000000e+07
4.078334000000000000e+09
7.200462000000000000e+09
inf
4.563112000000000000e+09
3.730409000000000000e+09
6.794426000000000000e+08
1.358606000000000000e+10
8.497842000000000000e+09
4.663011000000000000e+09
3.268724000000000000e+10
1.015819000000000000e+11
4.401882000000000000e+09
5.040323000000000000e+10
4.494239000000000000e+07
8.121554000000000000e+09
8.336898000000000000e+09
5.355088000000000000e+09
7.216200000000000000e+09
2.075054000000000000e+09
1.150318000000000000e+10
2.807323000000000000e+09
7.860504000000000000e+10
5.677406000000000000e+09
5.736597000000000000e+09
2.582254000000000000e+09
3.421152000000000000e+10
5.282259000000000000e+10
1.287853000000000000e+09
7.039257000000000000e+09
inf
2.063382000000000000e+10
6.906719000000000000e+09
3.032992000000000000e+09
4.798563000000000000e+09
2.076359000000000000e+10
2.947426000000000000e+08
5.989567000000000000e+08
2.566196000000000000e+09
2.121730000000000000e+09
3.175961000000000000e+09
1.563539000000000000e+09
2.161317000000000000e+09
8.530780000000000000e+09
3.281721000000000000e+09
3.220575000000000000e+08
4.422521000000000000e+09
inf
2.709406000000000000e+09
2.390595000000000000e+09
inf
3.101373000000000000e+09
7.777177000000000000e+09
4.248921000000000000e+09
1.930650000000000000e+10
inf
1.073630000000000000e+10
2.463740000000000000e+10
3.255830000000000000e+09
3.510273000000000000e+09
2.330799000000000000e+07
3.902378000000000000e+09
4.449342000000000000e+09
2.997196000000000000e+09
inf
3.271964000000000000e+09
3.116009000000000000e+09
3.433605000000000000e+09
2.238245000000000000e+10
inf
inf
2.706075000000000000e+09
2.080776000000000000e+09
8.202265000000000000e+09
3.348288000000000000e+09
3.177490000000000000e+09
4.387258000000000000e+09
1.240433000000000000e+09
1.779737000000000000e+10
4.482569000000000000e+09
1.082430000000000000e+10
1.481783000000000000e+09
3.561393000000000000e+09
1.236021000000000000e+09
7.224096000000000000e+09
1.728488000000000000e+10
3.491618000000000000e+07
inf
1.054764000000000000e+10
2.791891000000000000e+09
4.957074000000000000e+09
8.347438000000000000e+08
6.842304000000000000e+09
1.932911000000000000e+09
7.145913000000000000e+09
1.361969000000000000e+09
2.676458000000000000e+09
2.974245000000000000e+10
3.088318000000000000e+09
2.279193000000000000e+09
3.805662000000000000e+09
5.624210000000000000e+09
3.886300000000000000e+09
3.792546000000000000e+09
9.145184000000000000e+09
1.618339000000000000e+10
8.202265000000000000e+09
1.299768000000000000e+10
1.731661000000000000e+09
1.622315000000000000e+09
3.829028000000000000e+08
2.401027000000000000e+09
4.537430000000000000e+07
6.498842000000000000e+09
1.999038000000000000e+09
1.410860000000000000e+10
1.890843000000000000e+09
1.656504000000000000e+09
4.150109000000000000e+09
6.676347000000000000e+08
8.922735000000000000e+09
9.854960000000000000e+10
2.783652000000000000e+09
7.247885000000000000e+09
4.617359000000000000e+10
2.502017000000000000e+09
1.958714000000000000e+09
3.056863000000000000e+09
4.031028000000000000e+09
9.365707000000000000e+09
1.202700000000000000e+10
9.625106000000000000e+09
8.400539000000000000e+09
inf
1.234173000000000000e+10
8.497842000000000000e+09
2.385413000000000000e+09
9.419149000000000000e+09
5.672528000000000000e+09
9.811030000000000000e+09
5.562614000000000000e+09
4.281987000000000000e+09
1.705715000000000000e+09
8.698226000000000000e+08
3.299762000000000000e+09
4.522482000000000000e+10
1.549231000000000000e+09
5.416590000000000000e+09
5.002139000000000000e+10
1.731207000000000000e+09
5.488631000000000000e+09
2.319222000000000000e+09
3.044179000000000000e+09
inf
4.443354000000000000e+09
3.836620000000000000e+09
7.445149000000000000e+08
7.528875000000000000e+09
2.870793000000000000e+09
1.101021000000000000e+09
2.995836000000000000e+09
1.910470000000000000e+07
1.930650000000000000e+10
1.504403000000000000e+09
1.369880000000000000e+10
2.863913000000000000e+08
6.401807000000000000e+08
2.767319000000000000e+09
3.971602000000000000e+07
2.810908000000000000e+09
4.975752000000000000e+09
2.929380000000000000e+09
3.455390000000000000e+07
2.907452000000000000e+09
7.503208000000000000e+09
1.276228000000000000e+08
9.392352000000000000e+09
2.516363000000000000e+07
3.751604000000000000e+09
2.200941000000000000e+10
2.250451000000000000e+09
6.987114000000000000e+09
inf
5.761626000000000000e+09
2.895975000000000000e+09
4.341107000000000000e+09
6.849402000000000000e+09
2.598015000000000000e+08
1.023694000000000000e+10
2.714977000000000000e+09
6.473356000000000000e+10
7.115111000000000000e+09
3.269534000000000000e+08
inf
6.707460000000000000e+08
5.282258000000000000e+09
inf
3.514009000000000000e+09
4.118399000000000000e+09
2.304650000000000000e+09
inf
1.100241000000000000e+10
2.314344000000000000e+09
2.612910000000000000e+09
3.435392000000000000e+09
5.290724000000000000e+09
3.980002000000000000e+09
1.808993000000000000e+10
1.381633000000000000e+09
1.091376000000000000e+10
2.819310000000000000e+09
3.906996000000000000e+09
2.069851000000000000e+10
9.473204000000000000e+09
9.611096000000000000e+09
3.368787000000000000e+10
4.268147000000000000e+09
2.259693000000000000e+09
2.006937000000000000e+10
9.884466000000000000e+09
3.005382000000000000e+09
3.174434000000000000e+10
4.446682000000000000e+07
7.945636000000000000e+09
inf
2.804193000000000000e+08
1.763104000000000000e+09
3.641932000000000000e+09
3.334759000000000000e+10
2.972905000000000000e+09
3.026180000000000000e+08
6.270488000000000000e+09
7.813992000000000000e+09
5.863964000000000000e+09
9.974053000000000000e+09
2.261241000000000000e+10
5.895378000000000000e+09
1.375588000000000000e+11
4.458355000000000000e+09
9.753062000000000000e+09
2.418617000000000000e+10
inf
1.849530000000000000e+10
2.640073000000000000e+09
1.431662000000000000e+09
inf
3.085432000000000000e+09
5.653102000000000000e+09
1.570371000000000000e+09
3.235092000000000000e+09
4.284765000000000000e+09
4.369837000000000000e+09
1.398903000000000000e+10
1.121023000000000000e+10
4.851486000000000000e+07
1.375588000000000000e+09
1.745855000000000000e+09
8.178897000000000000e+08
6.622691000000000000e+09
9.500465000000000000e+09
3.071081000000000000e+09
4.972005000000000000e+09
5.715555000000000000e+08
4.058281000000000000e+09
2.440068000000000000e+09
1.325070000000000000e+09
1.130620000000000000e+10
1.218683000000000000e+09
5.278036000000000000e+09
5.036478000000000000e+09
3.464230000000000000e+09
2.049293000000000000e+09
