1.516931999999999943e-11
1.704512999999999848e-11
1.057127000000000005e-11
1.316833999999999960e-11
1.284184000000000014e-11
1.329641000000000069e-11
1.410744000000000072e-11
3.009003999999999888e-13
1.187159000000000031e-11
inf
1.611891999999999853e-11
1.112210999999999935e-11
2.040154999999999843e-11
1.179300999999999965e-11
1.441635000000000006e-11
1.415521999999999954e-11
1.199389999999999961e-11
1.454270000000000022e-11
1.002788000000000069e-11
1.145030999999999950e-11
1.126881999999999923e-11
1.319400000000000053e-11
9.662167999999999871e-12
1.153638000000000057e-11
1.249346000000000077e-11
1.801300000000000090e-11
1.244725999999999961e-11
1.168447999999999991e-11
3.177096000000000218e-11
1.748065000000000105e-11
1.416430999999999945e-11
1.328281000000000002e-11
1.708110999999999849e-11
2.223502999999999921e-11
1.186812999999999984e-11
1.202190000000000071e-11
5.891083000000000092e-12
1.401642000000000017e-11
1.039998000000000069e-11
1.168810000000000065e-11
1.783094000000000116e-11
1.207096999999999940e-11
2.174653999999999874e-11
1.185255000000000002e-11
1.127977999999999942e-11
8.783963999999999951e-12
1.323914000000000047e-11
1.538689999999999858e-11
1.104730999999999971e-11
1.869565999999999952e-11
1.102486999999999965e-11
1.106609000000000016e-11
1.138640000000000003e-11
1.425626999999999980e-11
8.577698000000000151e-12
1.465417999999999845e-11
1.282645000000000014e-11
1.304570000000000044e-11
1.126916999999999933e-11
4.266882000000000034e-12
1.342773999999999989e-11
1.689820999999999853e-11
1.566552000000000129e-11
5.256918000000000239e-12
1.256796000000000010e-11
7.676724999999999280e-12
7.035240000000000222e-12
1.287152999999999938e-11
9.839575999999999270e-12
4.918174999999999892e-12
1.159703000000000032e-11
inf
1.996568999999999992e-11
1.871873000000000136e-11
1.252207999999999949e-11
1.163147999999999922e-11
9.016559000000000738e-12
6.897817999999999841e-12
1.640659999999999999e-11
1.143615999999999961e-11
1.401995999999999997e-11
1.537114999999999918e-11
inf
inf
9.827633999999999279e-12
3.805946999999999999e-11
1.121797999999999983e-11
6.024536999999999980e-12
9.628025999999999429e-12
1.157944999999999950e-11
8.820407999999999629e-12
1.159361999999999963e-11
1.149117000000000060e-11
1.019310000000000026e-11
1.276053000000000036e-11
8.829808999999999742e-12
4.007827000000000185e-12
1.561928000000000128e-11
1.185924000000000067e-11
1.264545000000000000e-11
8.648634999999999326e-12
1.096569000000000030e-11
7.827669999999999502e-12
1.147321999999999945e-11
1.124470999999999965e-11
1.195667999999999949e-11
3.039549999999999907e-12
9.836159999999999964e-12
9.045181999999999575e-12
1.336915999999999955e-11
1.106791000000000065e-11
1.127084000000000047e-11
4.614930000000000006e-12
1.288796999999999966e-11
9.341030000000000235e-12
inf
1.626934999999999873e-11
1.103146000000000074e-11
1.524043999999999923e-12
1.207857000000000030e-11
6.728165000000000341e-12
7.797533999999999680e-12
6.861764999999999691e-12
1.654227000000000036e-11
1.536693999999999874e-11
5.765780999999999865e-12
5.300198999999999800e-12
1.129155999999999960e-11
1.438421999999999947e-11
1.710288999999999883e-11
1.035096999999999946e-11
7.863352000000000359e-12
1.143587000000000022e-11
1.833650000000000048e-11
8.889985999999999476e-12
1.289489000000000060e-11
9.329592000000000380e-12
5.822586999999999613e-12
3.990240999999999941e-12
1.097630999999999971e-11
7.923978000000000792e-12
1.296231999999999964e-11
inf
6.640613000000000030e-12
1.187948000000000059e-11
2.190702999999999980e-11
4.435674000000000109e-12
1.056653000000000062e-11
4.089666999999999925e-11
4.420294000000000229e-12
8.833185000000000191e-12
1.115529999999999953e-11
9.769653999999999560e-12
1.077925000000000054e-11
9.417407999999999609e-12
1.232366999999999973e-11
1.278740999999999953e-11
1.298766999999999933e-11
1.642402000000000053e-11
inf
6.645780000000000385e-12
1.016255000000000056e-11
inf
1.378345999999999992e-12
1.193301999999999957e-11
7.198675000000000121e-12
9.121907999999999505e-12
inf
7.612483999999999373e-12
1.476978000000000010e-11
7.847671999999999360e-12
2.044738000000000087e-11
5.000888999999999937e-12
6.853048999999999994e-12
9.793551000000000584e-12
8.439482999999999210e-12
inf
1.574958999999999974e-11
7.694597999999999602e-12
1.011376999999999963e-11
8.011229000000000215e-12
inf
inf
7.850598000000000149e-12
3.830446999999999986e-12
1.164845999999999942e-11
8.830983999999999482e-12
1.201136999999999994e-11
9.291421999999999544e-12
1.473023000000000074e-11
1.196000999999999924e-11
1.087864999999999990e-11
1.312092000000000020e-11
3.635977000000000068e-11
1.216653999999999957e-11
1.157855000000000018e-11
6.889485999999999670e-12
1.005000000000000019e-11
2.899727000000000090e-12
inf
8.637092999999999213e-12
9.104258000000000282e-12
7.179583999999999874e-13
1.399625000000000026e-11
5.434752999999999754e-12
6.739634000000000320e-12
6.860583999999999719e-12
1.787063999999999987e-11
1.017024000000000009e-11
8.322074000000000189e-12
8.446899000000000518e-12
9.025514000000000269e-12
9.514051999999999374e-12
1.228843000000000038e-11
2.405481000000000138e-11
4.062586000000000073e-12
7.894124999999999546e-12
1.030064999999999973e-11
1.094461999999999946e-11
1.306376000000000047e-11
9.878815000000000048e-12
4.368335000000000288e-12
1.038959999999999927e-11
1.094927000000000026e-11
4.155129000000000116e-12
1.051884000000000044e-11
3.042521000000000017e-12
1.385518000000000075e-11
4.854753999999999975e-12
1.124566000000000037e-11
9.223796000000000454e-12
1.317838000000000024e-11
1.117501000000000046e-11
6.420356999999999802e-12
9.480618999999999470e-12
8.644503999999999250e-12
7.748298000000000474e-12
1.112217000000000005e-11
1.169162000000000022e-11
8.486153999999999223e-12
1.478694999999999850e-11
3.760358999999999770e-12
1.073240000000000060e-11
1.295577999999999995e-11
9.561209999999999404e-12
inf
8.668798000000000035e-12
6.129110999999999691e-12
4.119380999999999934e-12
1.036211000000000016e-11
1.217932000000000025e-11
1.005745000000000012e-11
1.140228000000000016e-11
1.131090000000000020e-11
1.965535999999999997e-11
1.123929999999999958e-11
1.056166999999999977e-11
6.495805000000000310e-12
2.451614000000000180e-12
6.719922999999999618e-12
9.172387000000000546e-12
2.054997000000000154e-11
2.027907999999999885e-11
1.494677999999999985e-11
3.105769999999999761e-11
inf
4.698639999999999859e-12
7.418316999999999722e-12
1.182261000000000025e-11
1.091331000000000048e-11
1.501008999999999870e-11
1.293832999999999986e-11
4.304038000000000365e-12
7.731800999999999600e-12
1.181849000000000006e-11
1.310052000000000000e-11
8.846315999999999926e-12
7.040876000000000098e-13
2.739514000000000195e-12
1.721340999999999864e-11
1.645845000000000082e-11
2.846932999999999982e-12
9.811337000000000767e-12
8.693309000000000071e-12
2.199374000000000035e-12
9.356543000000000151e-12
9.795067000000000070e-12
1.012992999999999983e-11
1.128635999999999958e-11
7.651651000000000593e-12
1.145346999999999966e-11
1.071987000000000045e-11
1.533314999999999955e-11
1.244880000000000003e-11
inf
1.936812999999999979e-11
4.841473000000000084e-12
1.299677000000000017e-11
1.176381999999999985e-11
4.989135999999999997e-12
1.105829000000000013e-11
4.654501999999999951e-12
9.854411999999999349e-12
1.196353000000000042e-11
1.376207999999999986e-11
inf
7.521143999999999885e-12
1.230267000000000053e-11
inf
8.852415000000000302e-12
9.203033000000000737e-12
1.509224000000000032e-11
inf
7.278176000000000107e-12
2.240896999999999998e-11
1.617288999999999855e-11
1.125447000000000021e-11
9.751103999999999402e-12
1.085435000000000050e-11
8.962065000000000345e-12
1.101050999999999970e-11
1.247951999999999931e-11
1.125304000000000028e-11
1.760834999999999858e-11
1.402312000000000013e-11
2.243257000000000081e-11
9.505003999999999471e-12
1.286531000000000024e-11
1.797102000000000111e-11
1.254146999999999987e-11
1.163861999999999954e-11
2.111072999999999925e-12
5.917881000000000399e-12
1.182315000000000016e-11
5.083796999999999689e-12
9.072115999999999226e-12
inf
7.372465000000000736e-12
1.010907000000000067e-11
1.848249999999999925e-11
1.664196000000000071e-11
1.012032000000000024e-11
1.875618000000000016e-11
4.812021999999999870e-12
2.237959999999999968e-11
1.117735000000000063e-11
1.496448000000000047e-11
1.380744000000000079e-11
9.419455000000000277e-12
1.042276999999999922e-11
1.359941000000000051e-11
1.215404000000000058e-11
1.230295999999999991e-11
inf
1.417270000000000079e-11
4.258447000000000181e-12
4.734226000000000228e-12
inf
9.506646999999999568e-12
1.610944999999999897e-11
2.711169999999999968e-11
1.402899000000000079e-11
1.190523999999999946e-11
7.280534999999999936e-12
1.416802999999999976e-11
1.403591000000000012e-11
7.706721000000000681e-12
1.271389999999999978e-11
1.550731000000000130e-11
1.658392999999999959e-11
1.394298999999999974e-11
1.432595000000000036e-11
1.147520999999999953e-11
1.690590000000000130e-11
7.837095000000000545e-12
1.075780999999999937e-11
4.612158999999999836e-12
7.131296999999999598e-12
8.887114000000000778e-12
1.808904000000000064e-11
1.387917000000000053e-11
1.084957000000000059e-11
1.350281000000000030e-11
1.214983000000000014e-11
