5.282154000000000000e+06
1.611881000000000000e+07
5.830846000000000000e+06
5.899432000000000000e+06
4.802050000000000000e+06
4.733463000000000000e+06
9.191580000000000000e+06
1.694185000000000000e+07
5.007808000000000000e+06
inf
4.939222000000000000e+06
6.516710000000000000e+06
8.437130000000000000e+06
4.939222000000000000e+06
1.172928000000000000e+07
8.642889000000000000e+06
5.830846000000000000e+06
5.213568000000000000e+06
4.802050000000000000e+06
4.802050000000000000e+06
5.625086000000000000e+06
6.105192000000000000e+06
6.173778000000000000e+06
5.693673000000000000e+06
5.007808000000000000e+06
6.173778000000000000e+06
5.899432000000000000e+06
5.487914000000000000e+06
5.968018000000000000e+06
7.476920000000000000e+06
4.253358000000000000e+06
4.939222000000000000e+06
8.231370000000000000e+06
9.603099000000000000e+06
5.693673000000000000e+06
4.802050000000000000e+06
6.653882000000000000e+06
4.459118000000000000e+06
4.802050000000000000e+06
5.762260000000000000e+06
3.841840000000000000e+06
5.968018000000000000e+06
7.888438000000000000e+06
5.144982000000000000e+06
6.242364000000000000e+06
6.791056000000000000e+06
5.556500000000000000e+06
5.076395000000000000e+06
5.625086000000000000e+06
7.339747000000000000e+06
6.173778000000000000e+06
5.830846000000000000e+06
6.516710000000000000e+06
6.379537000000000000e+06
5.350740000000000000e+06
5.213568000000000000e+06
5.830846000000000000e+06
4.802050000000000000e+06
4.802050000000000000e+06
6.379537000000000000e+06
5.282154000000000000e+06
6.242364000000000000e+06
6.585296000000000000e+06
4.116185000000000000e+06
4.321944000000000000e+06
1.145493000000000000e+07
5.899432000000000000e+06
5.625086000000000000e+06
5.625086000000000000e+06
9.054407000000000000e+06
5.899432000000000000e+06
inf
8.505716000000000000e+06
1.022038000000000000e+07
7.957024000000000000e+06
6.105192000000000000e+06
5.350740000000000000e+06
7.545506000000000000e+06
7.476920000000000000e+06
5.625086000000000000e+06
7.614092000000000000e+06
5.556500000000000000e+06
inf
inf
1.220938000000000000e+07
4.664876000000000000e+06
6.105192000000000000e+06
1.990006000000000000e+06
1.124917000000000000e+07
6.448124000000000000e+06
6.173778000000000000e+06
7.271160000000000000e+06
7.065401000000000000e+06
7.476920000000000000e+06
7.271160000000000000e+06
6.036605000000000000e+06
1.433556000000000000e+07
8.231370000000000000e+06
6.859642000000000000e+06
1.076907000000000000e+07
6.105192000000000000e+06
9.191580000000000000e+06
8.848648000000000000e+06
7.202574000000000000e+06
9.465926000000000000e+06
8.368543000000000000e+06
3.224562000000000000e+06
6.859642000000000000e+06
5.762260000000000000e+06
3.498908000000000000e+06
4.939222000000000000e+06
7.957024000000000000e+06
3.155975000000000000e+06
8.917235000000000000e+06
1.001462000000000000e+07
inf
7.957024000000000000e+06
6.585296000000000000e+06
1.927378000000000000e+07
1.111200000000000000e+07
5.968018000000000000e+06
7.408334000000000000e+06
7.339747000000000000e+06
8.299957000000000000e+06
7.819852000000000000e+06
8.299957000000000000e+06
3.430321000000000000e+06
6.448124000000000000e+06
8.231370000000000000e+06
1.138635000000000000e+07
6.036605000000000000e+06
7.819852000000000000e+06
5.076395000000000000e+06
7.408334000000000000e+06
5.487914000000000000e+06
7.065401000000000000e+06
6.653882000000000000e+06
7.682679000000000000e+06
4.184772000000000000e+06
6.791056000000000000e+06
8.505716000000000000e+06
1.351253000000000000e+07
inf
8.917235000000000000e+06
9.054407000000000000e+06
6.448124000000000000e+06
8.574302000000000000e+06
6.996815000000000000e+06
4.939222000000000000e+06
5.899432000000000000e+06
6.653882000000000000e+06
8.025611000000000000e+06
6.448124000000000000e+06
7.545506000000000000e+06
7.682679000000000000e+06
6.310950000000000000e+06
7.888438000000000000e+06
6.996815000000000000e+06
1.632457000000000000e+07
inf
8.711475000000000000e+06
5.830846000000000000e+06
inf
2.894447000000000000e+07
6.653882000000000000e+06
6.310950000000000000e+06
6.722469000000000000e+06
inf
6.585296000000000000e+06
8.231370000000000000e+06
7.819852000000000000e+06
8.574302000000000000e+06
2.058593000000000000e+06
7.065401000000000000e+06
6.928228000000000000e+06
2.009682000000000000e+07
inf
6.996815000000000000e+06
6.791056000000000000e+06
7.545506000000000000e+06
7.614092000000000000e+06
inf
inf
6.242364000000000000e+06
8.917235000000000000e+06
8.711475000000000000e+06
7.545506000000000000e+06
7.065401000000000000e+06
6.791056000000000000e+06
9.191580000000000000e+06
9.877444000000000000e+06
8.780062000000000000e+06
7.202574000000000000e+06
5.007808000000000000e+06
8.368543000000000000e+06
7.065401000000000000e+06
7.957024000000000000e+06
5.968018000000000000e+06
2.332938000000000000e+06
inf
6.653882000000000000e+06
1.227797000000000000e+07
3.182510000000000000e+07
9.191580000000000000e+06
7.682679000000000000e+06
5.487914000000000000e+06
6.791056000000000000e+06
9.054407000000000000e+06
6.722469000000000000e+06
7.339747000000000000e+06
1.015179000000000000e+07
1.022038000000000000e+07
8.299957000000000000e+06
9.946031000000000000e+06
5.693673000000000000e+06
2.181148000000000000e+07
6.310950000000000000e+06
5.830846000000000000e+06
6.448124000000000000e+06
8.848648000000000000e+06
9.534512000000000000e+06
3.264814000000000000e+07
5.350740000000000000e+06
6.653882000000000000e+06
2.813043000000000000e+06
8.162784000000000000e+06
8.162784000000000000e+06
8.917235000000000000e+06
8.368543000000000000e+06
1.303242000000000000e+07
8.437130000000000000e+06
1.124917000000000000e+07
1.467849000000000000e+07
9.877444000000000000e+06
2.455494000000000000e+07
6.791056000000000000e+06
8.780062000000000000e+06
8.094198000000000000e+06
7.408334000000000000e+06
7.682679000000000000e+06
7.476920000000000000e+06
9.328753000000000000e+06
6.928228000000000000e+06
7.476920000000000000e+06
6.242364000000000000e+06
inf
6.105192000000000000e+06
7.545506000000000000e+06
1.282666000000000000e+07
5.693673000000000000e+06
6.105192000000000000e+06
6.379537000000000000e+06
6.859642000000000000e+06
7.614092000000000000e+06
7.339747000000000000e+06
5.213568000000000000e+06
5.968018000000000000e+06
7.682679000000000000e+06
1.193504000000000000e+07
6.928228000000000000e+06
8.642889000000000000e+06
6.105192000000000000e+06
2.181148000000000000e+07
1.035755000000000000e+07
5.144982000000000000e+06
inf
1.200362000000000000e+07
1.337535000000000000e+07
6.448124000000000000e+06
5.419327000000000000e+06
8.368543000000000000e+06
8.368543000000000000e+06
1.426698000000000000e+07
1.235556000000000000e+06
5.762260000000000000e+06
5.968018000000000000e+06
6.996815000000000000e+06
1.831357000000000000e+07
1.467849000000000000e+07
9.465926000000000000e+06
3.636080000000000000e+06
1.337535000000000000e+07
7.614092000000000000e+06
8.985821000000000000e+06
2.401525000000000000e+06
5.968018000000000000e+06
1.714760000000000000e+07
5.487914000000000000e+06
7.888438000000000000e+06
1.509901000000000000e+06
6.310950000000000000e+06
8.094198000000000000e+06
8.162784000000000000e+06
7.819852000000000000e+06
inf
7.545506000000000000e+06
2.565232000000000000e+07
6.859642000000000000e+06
8.642889000000000000e+06
6.653882000000000000e+06
5.282154000000000000e+06
4.465076000000000000e+07
7.339747000000000000e+06
8.642889000000000000e+06
8.985821000000000000e+06
inf
8.780062000000000000e+06
7.751266000000000000e+06
inf
7.476920000000000000e+06
7.682679000000000000e+06
8.505716000000000000e+06
inf
6.379537000000000000e+06
7.065401000000000000e+06
5.282154000000000000e+06
6.448124000000000000e+06
5.968018000000000000e+06
6.653882000000000000e+06
6.448124000000000000e+06
6.791056000000000000e+06
5.625086000000000000e+06
5.762260000000000000e+06
1.035755000000000000e+07
5.350740000000000000e+06
7.065401000000000000e+06
5.830846000000000000e+06
6.036605000000000000e+06
7.133988000000000000e+06
5.213568000000000000e+06
4.939222000000000000e+06
1.330677000000000000e+07
7.202574000000000000e+06
6.928228000000000000e+06
3.704667000000000000e+06
5.556500000000000000e+06
inf
6.173778000000000000e+06
6.585296000000000000e+06
5.007808000000000000e+06
6.173778000000000000e+06
4.802050000000000000e+06
5.899432000000000000e+06
9.465926000000000000e+06
9.122994000000000000e+06
4.459118000000000000e+06
5.556500000000000000e+06
5.144982000000000000e+06
6.105192000000000000e+06
6.242364000000000000e+06
6.996815000000000000e+06
6.242364000000000000e+06
5.007808000000000000e+06
inf
8.162784000000000000e+06
5.144982000000000000e+06
6.996815000000000000e+06
inf
7.545506000000000000e+06
5.144982000000000000e+06
6.653882000000000000e+06
5.144982000000000000e+06
5.487914000000000000e+06
6.242364000000000000e+06
4.733463000000000000e+06
5.968018000000000000e+06
3.636080000000000000e+06
4.802050000000000000e+06
5.282154000000000000e+06
4.253358000000000000e+06
5.350740000000000000e+06
6.379537000000000000e+06
5.350740000000000000e+06
6.585296000000000000e+06
1.070048000000000000e+07
1.316959000000000000e+07
8.505716000000000000e+06
7.751266000000000000e+06
4.802050000000000000e+06
6.791056000000000000e+06
5.830846000000000000e+06
4.802050000000000000e+06
5.899432000000000000e+06
6.242364000000000000e+06
