-8.557305384473671950e+01
-8.815499839104978719e+01
-8.952280626866152602e+01
-8.784618081295643321e+01
inf
inf
inf
-8.808260999948085157e+01
-8.724816804646525270e+01
-8.765988862960026040e+01
inf
inf
-8.989572678263671435e+01
inf
-8.686794327294808227e+01
inf
-8.949743748888874961e+01
inf
-8.804630806475110205e+01
-8.884733570660075941e+01
inf
-8.893415106394955671e+01
-8.441305555812027706e+01
-8.760082254432728632e+01
-8.747858753170920920e+01
-8.812929087007870521e+01
-8.849274724489866628e+01
-8.734803325903733651e+01
-7.958648652781882049e+01
-7.421470297149714668e+01
-8.869684708678001073e+01
-8.596187922215588628e+01
inf
-8.565119867826507516e+01
inf
-8.494064690368071524e+01
-8.867469382990900328e+01
-9.041706194114333073e+01
-8.839869753437838540e+01
-8.543427543973568561e+01
-8.611683404679109799e+01
inf
-8.860419554762812311e+01
-9.459061571168203386e+01
-8.733075941956961685e+01
-8.533440790695688349e+01
-8.820713303261783267e+01
inf
-8.683733892228387674e+01
inf
inf
inf
-8.545399612717010029e+01
-8.796270898873430610e+01
-8.657282398073040497e+01
-8.657628028384773700e+01
-8.631967548274528212e+01
-8.558253626500493283e+01
inf
-8.978812409341799139e+01
inf
-8.887772065636335128e+01
-8.694713740330158203e+01
-8.551039202153847896e+01
inf
inf
-8.791814821660885571e+01
-8.819055462510719678e+01
-9.297833276010554471e+01
inf
-8.997009221847088156e+01
inf
-9.776136141835470994e+01
inf
-8.831244115736294020e+01
-8.928125041906339732e+01
inf
-9.211135744420333538e+01
-8.580996349875736939e+01
-8.589176883250810590e+01
inf
inf
-8.612877962428839851e+01
-8.746925326801645895e+01
-8.816456457575840489e+01
-8.867798981120581914e+01
-8.759084224640461969e+01
inf
-8.821530455183324193e+01
-9.481484837519165865e+01
-8.615028653744948883e+01
inf
-8.795921029218489196e+01
inf
-8.840643695261377388e+01
-8.762820745335970685e+01
-8.655510378333227095e+01
inf
inf
-7.962553134189728610e+01
inf
-8.270144020303825982e+01
-8.544551744366229684e+01
inf
-8.623613615653617614e+01
-8.742595418249759120e+01
-8.275683162411893079e+01
-8.605089965336391344e+01
inf
-8.889548790134944056e+01
inf
inf
-8.172320671507311829e+01
inf
inf
-8.718516716103816577e+01
-8.469751420545273390e+01
-8.485023861732611294e+01
inf
-9.139648831583815536e+01
inf
-8.648777183942557656e+01
-8.218192116771480471e+01
-8.803583911351921643e+01
inf
-8.568171538100382634e+01
inf
inf
-8.593734965250337154e+01
-8.578784302147505514e+01
inf
-8.668061462533191275e+01
-9.096097495436023905e+01
-8.655416655895741940e+01
inf
-8.727584688910167188e+01
inf
-8.712447022316138145e+01
-8.559150338136954872e+01
-8.690133874947839843e+01
-7.778604749820433995e+01
inf
inf
inf
-8.587270899843444738e+01
inf
-9.070050124264945168e+01
-8.727784789953952327e+01
-8.135443768059481329e+01
-8.554830334290117833e+01
-8.691355313388319814e+01
inf
-8.541391233943615191e+01
inf
-9.089868391149154547e+01
inf
-9.041803805533440652e+01
-7.458351709235660110e+01
inf
inf
-7.638091771316773304e+01
inf
-8.868425794814579888e+01
inf
-8.665277218545485027e+01
-8.775715543741181079e+01
-8.857036089443995763e+01
-8.819828279622977618e+01
inf
-8.794077753447884049e+01
inf
-8.632774209838400736e+01
-8.408469405424663989e+01
-8.581336837087727076e+01
-8.373023998819880376e+01
-8.685445795114166856e+01
inf
-8.620843664861192224e+01
inf
-8.744001150623499541e+01
inf
-8.939108027379977273e+01
inf
-9.789476098354795397e+01
inf
inf
-8.776870354715927647e+01
inf
-8.706367392925588433e+01
inf
inf
-8.957703514934080147e+01
-8.494220273366245522e+01
-8.720255830417657705e+01
-8.891013586014892667e+01
-8.995179877557447412e+01
inf
inf
-8.703435289634686001e+01
-1.040283548352083187e+02
-8.946268338382949992e+01
-8.816610335266736342e+01
inf
inf
-9.155887793190308344e+01
inf
inf
inf
-7.861299399428776269e+01
inf
-9.033292287474384352e+01
-8.626738583170627805e+01
inf
-8.750319270921748682e+01
-8.694492984027948523e+01
-8.994493400222036428e+01
-8.524110214850215073e+01
-8.572315008492482491e+01
inf
inf
-7.817474522531340142e+01
inf
inf
inf
inf
-8.689622408774613405e+01
inf
-8.594732278522366187e+01
inf
-9.128347388365448012e+01
inf
inf
inf
-8.742826987555358187e+01
-8.832962453768118394e+01
-8.910992442071551523e+01
-9.233722335100176792e+01
-8.790190771119337398e+01
-8.788978987102647977e+01
-8.882187029426519587e+01
-8.614445503780210345e+01
inf
inf
-8.906226587201828693e+01
-8.451820697122960269e+01
inf
-8.680525050510274809e+01
inf
inf
-8.436814540573716670e+01
-8.837348505073900640e+01
-8.938651482013071359e+01
inf
-9.199994872717803673e+01
inf
-8.416952760844937131e+01
-8.415414744835130989e+01
inf
-8.476533213628441388e+01
inf
-8.796607669151913456e+01
inf
-9.346463558572970953e+01
-8.535634601347256023e+01
-8.306802465841457206e+01
-1.057874219754099556e+02
-1.060547867933746460e+02
-8.941143893273292065e+01
-8.571125922698982436e+01
-8.741111705086339612e+01
-8.780569322227060525e+01
-8.783590209944637195e+01
-8.827317116493435378e+01
-8.712440853276872588e+01
-8.802713656136766929e+01
-8.864003439340353907e+01
inf
inf
inf
inf
-9.035995852099803471e+01
inf
-7.667463056355109075e+01
inf
-8.841491291687755449e+01
-8.840043181861948085e+01
inf
-9.013168320412528089e+01
-9.070738369884284680e+01
-7.943756418967541322e+01
-8.869196228911577862e+01
inf
inf
-8.812169275257127765e+01
-8.847068399662579452e+01
-8.685520972742214951e+01
-8.728257992352747863e+01
-8.726871565438062817e+01
inf
inf
inf
inf
inf
inf
inf
-8.936504522512504423e+01
-8.741673429681900132e+01
-8.867587945399922944e+01
-8.804549087149388242e+01
-8.662993066506074058e+01
-9.374313869526109499e+01
-8.906834234108488602e+01
-9.599424924668733183e+01
-8.588752705389777020e+01
-8.571640603345289833e+01
inf
-8.560784982625865780e+01
inf
inf
-8.824471862292872970e+01
-8.702356667985280581e+01
-7.694400418941484077e+01
-8.929802027035567846e+01
-8.098688103645397973e+01
-9.096469212096160106e+01
-9.140994888676128483e+01
-9.173683407292578806e+01
inf
inf
inf
-9.405305219346846002e+01
-8.939120066099518169e+01
-8.709501038387077188e+01
inf
inf
-8.808418135210200717e+01
-8.538374670151118551e+01
-9.577585436531384744e+01
-8.867495627253096302e+01
-8.922849659684240464e+01
-8.675720783000001290e+01
-8.756943876222483425e+01
inf
-8.988903320545166764e+01
inf
-8.550486417968441799e+01
-9.007399570986321180e+01
-9.478720028155787247e+01
-9.264702930038536977e+01
inf
-8.746427278138517636e+01
inf
inf
-8.768415415053874540e+01
inf
-7.956851618648238400e+01
inf
-8.530856190649019766e+01
inf
inf
-8.846240898236004568e+01
-8.424504525984843895e+01
-8.860432557711128254e+01
-8.760211313977278280e+01
-8.703672418198854643e+01
-8.855501908252925602e+01
inf
-8.745522329871590728e+01
inf
inf
-9.010728101790385836e+01
inf
inf
inf
-7.991510116556845844e+01
-9.536414613250801153e+01
inf
inf
-9.982530378731797782e+01
-8.608319645045797586e+01
inf
inf
-8.661692373455062466e+01
inf
