inf
inf
inf
-7.911022553361955545e+01
-8.219019204641998044e+01
inf
inf
-8.847462446184776752e+01
-8.407082433462562676e+01
-8.372508954823774729e+01
-7.662287781233483486e+01
-9.310124749799508947e+01
-8.133903514228394727e+01
inf
-7.866605705134217885e+01
inf
-8.090277073532867291e+01
-8.598777543878392748e+01
-8.568307300170725682e+01
-8.675013065682125557e+01
inf
-9.034227020327487878e+01
inf
inf
inf
-8.724173999363804910e+01
-9.125917273841706390e+01
inf
inf
-8.727352236363203986e+01
inf
inf
inf
-7.623658123980793277e+01
-7.256139925356822573e+01
-9.113606308314274429e+01
-8.259713084361963809e+01
-9.461162228279216890e+01
-8.821701229733876914e+01
-9.049233090078088537e+01
-8.187712145902692384e+01
-8.803198272578993056e+01
inf
-8.804383624202947090e+01
inf
-8.380728279229307986e+01
inf
inf
-8.629688460699283326e+01
-9.393080832409823699e+01
inf
inf
-9.056509676107515361e+01
inf
-8.430589664177546183e+01
-8.965290082861285725e+01
inf
inf
inf
-9.215404931218768070e+01
inf
-8.974781813713936174e+01
inf
inf
-8.984423861258585475e+01
inf
-9.080582112479480372e+01
-8.321986109853158098e+01
-8.637698939892614192e+01
-8.652914463694585834e+01
-9.208662071550418204e+01
inf
-8.139684878691699055e+01
-9.141002980746593209e+01
-9.323160313129748999e+01
inf
inf
inf
inf
inf
inf
-7.323571221310271540e+01
-8.551517146791223922e+01
-9.135568541136429133e+01
-9.001568690622302427e+01
inf
-8.384284308139592667e+01
inf
inf
inf
-9.067948690025376379e+01
inf
inf
-8.746023455923655376e+01
-9.279622707731071785e+01
-9.189170480641894301e+01
-9.149936474652631091e+01
-8.998841416109115698e+01
inf
inf
inf
inf
inf
-8.707827317224918318e+01
inf
inf
inf
-9.170165179132276023e+01
-8.540068912691165792e+01
inf
inf
inf
-9.029703059193099079e+01
inf
inf
-8.868451477238330938e+01
-8.371719089915278289e+01
inf
inf
inf
-8.407070627306057986e+01
inf
-8.832531668001652747e+01
inf
inf
inf
-8.161612310122367830e+01
-8.945144091157487765e+01
-9.002407177813606154e+01
-8.423759137451227730e+01
inf
inf
-9.082926092285710240e+01
inf
inf
-8.572365618799250342e+01
-8.557189721265604021e+01
inf
inf
-8.880983419283437286e+01
-9.066322240405823152e+01
-7.920587580021648932e+01
-8.310022266282032888e+01
inf
-8.764405659824853956e+01
-7.761736019863776903e+01
inf
-8.766995492547951585e+01
-8.858821356789533752e+01
inf
-8.890792675638776643e+01
-8.149743963818428938e+01
-8.765947836822959971e+01
inf
inf
inf
-8.531029763431972412e+01
inf
inf
-8.700566224409519123e+01
inf
inf
inf
-9.219931062991710746e+01
-7.731298420021211371e+01
inf
inf
inf
-8.822477628830802132e+01
-8.693612782827892715e+01
inf
inf
inf
-8.906603961897633326e+01
-7.705103506844143624e+01
inf
inf
inf
inf
inf
inf
inf
inf
inf
-8.664942036021122362e+01
-9.186967961918055892e+01
inf
-7.995450323507611756e+01
inf
-8.887792524449780274e+01
inf
-8.560216096314081824e+01
-8.689343557513672067e+01
-8.992902714243324169e+01
inf
inf
inf
inf
inf
inf
inf
inf
-8.051133750870090466e+01
inf
inf
inf
inf
inf
inf
inf
inf
-8.806413554617697059e+01
inf
inf
-8.953607841186072847e+01
inf
inf
-8.190956602811512255e+01
inf
-9.100155218366199961e+01
inf
inf
inf
inf
inf
inf
inf
inf
-8.687514536907697504e+01
inf
inf
inf
inf
inf
inf
inf
inf
inf
-9.210685810078153679e+01
inf
inf
inf
-8.832624831302869950e+01
inf
inf
-9.160268080228921406e+01
inf
-9.413235677305121385e+01
-9.258675432244062620e+01
inf
inf
inf
inf
inf
inf
inf
inf
inf
inf
inf
inf
-9.027814848697448724e+01
-9.253493561612161500e+01
inf
inf
-8.164257027538280909e+01
-9.044887611694878160e+01
inf
inf
inf
inf
inf
inf
inf
inf
inf
inf
inf
inf
inf
inf
inf
inf
inf
inf
-8.172696117121087411e+01
-8.711528673378569465e+01
-9.059776345924761642e+01
inf
inf
inf
inf
-8.730115446332206375e+01
inf
inf
inf
inf
inf
inf
inf
inf
inf
inf
inf
inf
inf
inf
inf
inf
inf
-9.116255473933986764e+01
inf
inf
inf
-8.386333431608144906e+01
-9.355753256594057632e+01
inf
-9.012346620673716302e+01
inf
inf
inf
inf
inf
inf
inf
inf
inf
inf
inf
-8.512985860405508731e+01
inf
inf
inf
inf
inf
inf
-8.737564249543768824e+01
-8.566871970336606523e+01
inf
inf
inf
inf
-8.140868679629210192e+01
inf
-8.708035262611495853e+01
inf
inf
-8.243540841666998631e+01
inf
inf
inf
inf
inf
inf
-8.735104060394999692e+01
inf
inf
inf
-8.822926262066540914e+01
-7.032105655993248661e+01
inf
inf
inf
inf
inf
inf
inf
inf
inf
inf
inf
inf
inf
inf
-8.591429110596916985e+01
inf
inf
inf
inf
inf
inf
inf
inf
inf
