4.577577487918883525e-01 -6.082351945572555252e+01
3.565861949627534000e-01 5.036006618437327553e+00
4.250144604814492522e-01 -1.652610470242082386e+01
6.963609365017497943e-01 -1.158315356289286280e+00
1.127183711379925057e+01 7.295482065296130969e+00
8.534233456241713256e+00 -1.692476838938807404e+01
inf inf
3.977374531946014646e-01 -3.464302619827549989e+01
5.940405789919021018e-01 -4.000278147477170165e+01
4.071516427909525060e-01 2.942210693172044955e+01
inf inf
3.748522295663244686e-01 -1.103769378217700314e+01
2.808579648300288945e-01 -6.079393301977737707e+01
inf inf
6.359106456776201233e-01 -9.849208812125263890e+00
1.453840640267662465e+00 2.346944625495127212e+01
5.724066456797538560e-01 -1.830425168964162097e+01
5.587234797345813320e+01 7.389197769637336766e-01
4.032645812767028382e-01 2.709894678654214850e+00
4.042175247252999259e-01 2.870732154825347493e+01
inf inf
5.486319894727066382e-01 -2.346787621941121316e+01
6.287605555003358271e-01 1.062399150656945679e+01
4.926099344620155085e-01 -3.070385669090002168e+01
3.346778890849284593e-01 -3.922285055955468636e+01
3.443630864326606700e-01 -4.802016405173749547e+01
5.169472156593848400e-01 -3.771643284225562809e+01
4.704307610334050871e-01 -2.411387202922716710e+01
1.717894862706695003e+00 3.165169831044139670e+01
1.000982902293556798e+00 -7.901636833076356936e+01
2.088360776437678534e-01 -1.617596570870518491e+01
2.803730109696938477e+00 -1.161857688697659929e+00
5.894356904279516307e-01 -2.092936252392724583e+01
3.178842411368184573e-01 -3.658931120121124536e+01
1.238221377405412493e+00 1.671193365236292294e+01
4.571603540538464183e-01 -2.275891433661094254e+01
4.674350949062646698e-01 -3.962817264114106308e+01
4.843969835691482873e-01 -3.893211419994273115e+01
2.326630286729906016e-01 -6.362600075564876079e+01
9.703151436010416520e-01 -7.822460066162739700e+00
2.632501720230100428e-01 5.828865264785886779e+01
9.252120511797564673e-01 -2.045677787203155162e+01
5.188777778614123148e-01 6.715703059948113562e+00
6.107750622886501946e-01 -1.992615713406770084e+01
6.777774877496390848e-01 -2.695440541740842377e+01
9.762244585068706737e-01 -5.128809888762829949e+00
6.434845622555391831e-01 -6.573723800016057339e+01
9.971574168809148375e+00 1.302605929686766295e+01
4.045810648698068279e-01 -6.668916232634320096e+00
1.870365085439131292e+01 9.348471412584482110e+00
1.531862215663705840e+01 4.359143144650535540e+00
inf inf
6.324813391081506309e-01 -5.918862245433163416e+00
1.429779974845499790e+00 1.243058239791424846e+01
6.408420614288277140e-01 -3.637617851854214024e+01
2.343461368237052533e-01 6.608658982578195662e+01
1.938287254847669006e-01 -4.269951792512645028e+01
5.005803383244171734e-01 4.218698569763324713e+01
9.097226893729287722e-01 -5.899795540631813218e+00
6.777919284109905629e-01 -8.293914391533889763e-01
1.732730399035733626e+01 1.826367210805949881e+01
2.631145980470214196e-01 -5.970260295415547347e+01
1.229444259315671112e-01 -1.016721140403092818e+02
4.964252132712948518e-01 -1.917802449394262965e+01
1.563549176606318269e+01 1.458362647675865453e+01
1.653160322080854616e+00 1.838962059303256069e+00
4.337977473973990694e-01 -4.963608188688094458e+01
2.995293193556086142e-01 -4.621371131521022591e+01
3.025985907954625298e-01 -1.792473821841547377e+01
inf inf
6.986187268940118322e-01 -1.894023340318414839e+01
1.705656766732927210e+01 8.983157396346546975e+00
3.203315827343924949e-01 -4.759785063580071096e+01
2.384781231705223092e+01 1.171178111012555201e+00
3.587635102131157550e-01 -3.538582197246498851e+01
5.693153627463836131e-01 -5.393351543404447312e+01
inf inf
1.925464508370004213e-01 2.941850817894360048e+01
4.360364705086536841e-01 -5.712933130552485039e+01
4.321958153915623213e-01 2.409830520211324512e+01
inf inf
2.392156988761258063e+01 1.333895618695789409e+01
6.347471209343651388e-01 -3.842707505811065971e+01
4.925861003607558963e-01 -4.759847335098359622e+01
4.941594314450807879e-01 -3.563658357780129649e+01
7.815485008226226160e-01 -7.971593362061667243e+00
6.092080402311292886e-01 -5.879174002629651952e+00
inf inf
7.321348008876447100e-01 -1.523578439280181129e+01
2.365171991275020869e+00 1.436252786109439512e+03
6.838101791796353801e-01 -3.636251896274693252e+01
6.606157571577233156e+00 -9.774398511274622336e+00
4.048676348873045394e-01 -6.140511092396188531e+01
inf inf
1.095628679197813149e+00 -7.810984418810197383e+01
2.832727798894132953e-01 -5.448395747153392676e+01
2.868745331915259489e-01 3.388830120504700716e+01
3.670836907275498362e+01 1.117577886912185514e+00
inf inf
9.706896193920088178e-01 -5.222922405571562621e+01
inf inf
3.704952156554738307e-01 3.752723075083404325e+01
3.545825882503949589e-01 -6.193635286840765808e+00
2.022248582698855301e+01 3.987931987802796119e+00
3.146143426445967978e-02 1.154063639226450960e+03
1.693928271884209913e+00 -1.467206930605871484e+01
3.683405568213676151e+00 1.488162276253759231e+01
1.514133345622286964e+00 -8.916938393591969714e+00
2.208250105209613068e+01 4.742744007472129653e+00
3.728765227724989972e-01 -5.979171826416038726e+01
3.263788129661569837e+00 3.280477527107605340e+01
inf inf
8.322406899892845766e-01 8.156410603354835587e+00
inf inf
2.691884523718988564e+00 2.316843093039765833e+01
8.011241491901109901e-01 -2.928613156723051780e+00
5.836703615338496576e-01 -3.727704688491213858e+01
4.351722740370997933e-01 7.093244051995228006e+01
inf inf
1.644990342670552508e+01 -1.912003159159838006e+01
inf inf
4.688714500086445525e-01 7.714794815441713638e+00
1.476338966332199121e+01 5.698668038202524322e+00
5.146196053704913398e-01 -4.333704472072352765e+00
inf inf
4.369509989940441042e-01 -1.564275554263549139e+01
1.539662191682040771e+00 -1.111061135771991992e+01
1.455884736912043564e+01 1.017042119728121286e+01
4.434797201314313320e-01 -3.059589314128965398e+00
2.482387540467353160e-01 -2.090841686353996920e+01
1.482571667931941617e+00 -5.018351055912354752e+00
3.995237489837106803e-01 -4.785534117427415879e+01
8.647498433049973787e-01 1.465233627980302655e+00
8.451837285780124942e-01 -8.044022727575475429e+00
inf inf
3.403905025550679198e-01 -5.373040634594261888e+01
inf inf
6.192354672328299614e-01 -2.569537038051677413e+01
8.283211019368456052e-01 -6.281509482383034282e+01
4.132743430033524179e-01 -4.969308582134438268e+01
6.286423663982075860e-01 2.848533934241788579e+00
inf inf
9.258711061397631781e+00 -4.092455550274467946e+00
1.098903765112073661e+00 -2.885103890637122248e+00
7.961031452582870704e-01 1.359564655946941514e+01
inf inf
3.485536822364810883e-01 -3.429774174643321061e+01
6.068418747784330991e-01 -4.681904393703906209e+01
2.852544031483747577e+00 2.510165227263346921e+01
5.119489242240553573e-01 -4.418792396608625950e+01
4.194852293904129947e-01 -2.951784498805039547e+01
1.357773621885236892e+01 1.678539603028628235e+01
6.247892334281039961e-01 -4.173346557325665174e+01
1.332755134033748590e+01 7.743320643882743326e+00
6.650570877067950581e-01 6.138967789587578494e+01
3.057573102153378630e-01 -2.103582366129010950e+01
4.274885803927914174e-01 -4.727986452489035152e+00
1.265885899138622150e+00 -8.694576004303067762e+00
5.143466067706521372e+00 1.440979806528901896e+01
inf inf
2.796380233670859194e+00 -1.845025055493528754e+01
inf inf
3.736682355361048424e-01 -5.584450538788245666e+01
7.260723448711935646e+00 1.490487982771800723e+01
4.370408675758524208e-01 -4.516923985875596514e+01
3.525861317684141905e-01 -4.662068114349754211e+01
4.960794786024351755e-01 -2.921110573133555732e+01
2.699552655097179343e-01 -2.648489569510992681e+00
inf inf
4.853231487039774694e-01 -3.006596210344589437e+01
1.792798292735241772e-01 -7.524774201856265776e+00
1.265733641291751699e+00 -2.100356209485151382e+01
2.757501767295008066e-01 7.158144401521374789e+01
2.686642984250215416e-01 -2.620359259017657294e+01
6.749551095587154048e-01 -1.559250779809487852e+01
1.339758293986798299e-01 1.317585828464668793e+02
6.379665892723332732e+00 2.585595987574061994e+01
7.855716971152432171e-01 -4.119665991694973428e+01
inf inf
3.079044823376366757e-01 -4.130850577968043069e+01
8.293090955343537241e-01 -4.350958552438378746e+01
3.813390307256136480e-01 4.582974392082088677e+00
4.521492945502714633e+01 3.288783789733521701e+00
2.926297676427412897e-01 1.780839509485178240e+01
inf inf
2.008114540050125640e+01 2.079509730098305642e+00
5.501901788927018311e-01 -4.841899964163516756e+01
inf inf
3.031759368483274986e-01 -2.010657854415336132e+01
inf inf
1.187902991066858505e+01 1.239894289882571066e+01
3.744571442877973610e-01 -3.031952124909243196e+01
3.195782849339934839e-01 -3.250674793530793494e+01
2.215208667353186500e-01 -3.067999398744825967e+01
1.568452103596489761e-02 1.080693874547102041e+03
5.242171857579813832e+01 1.513954645576180758e+00
6.127167143577934461e+00 2.864109548632677615e+01
1.210712127831879492e+01 1.632916855865713757e+01
6.569260139617841832e-01 -6.678304506167629029e+01
3.330491787653240277e-01 -2.736064931214324147e+01
6.425724171802746021e+00 -8.745192921915093009e+00
1.023358636957261147e+00 -2.746979794534022190e+01
8.231855541183795699e-01 -1.008088913240096574e+01
inf inf
1.175059607061514244e+00 -3.510314542554420569e+01
inf inf
inf inf
inf inf
7.616212293612575346e-01 2.735361842324876847e+01
inf inf
1.313581861375760829e+00 -1.068214478138512291e+01
3.194723073037454952e+00 -7.588017504548639636e+01
inf inf
6.557866037209795218e-01 -6.449491661193634684e+01
1.888550532740325805e+00 -3.752829248533524265e+01
9.685467934881751839e-01 -2.338411010071512663e+01
5.539147479165993371e-01 1.939481833677436029e+01
2.581817382296792918e+00 -9.612981429926084065e-01
3.755527460484810831e+01 7.729598696838501759e+00
1.438043117551607741e+00 4.521607338310253965e-01
2.270069160428961896e-01 -2.677899714131250875e+01
2.520368232328992519e+01 1.580635451689436533e+00
inf inf
8.762613637118951360e+00 5.862429554281016308e+00
inf inf
6.839339763055898302e-01 -3.300552326963494210e+01
inf inf
6.009227458309090997e-01 -1.970646431945508681e+01
inf inf
1.112433963795361969e+00 -1.721666325712178747e+01
inf inf
inf inf
2.033804616794869702e+01 1.680915949570658086e+01
6.995066172662302018e-01 -3.729980687442030263e+00
3.274926085581371105e-01 -3.521736243406846967e+01
5.672433381433503730e-01 -3.299803402142207176e+01
-6.097106593665158059e-01 -1.444297001924264521e+02
7.011175221101878519e-01 -5.285222981898085237e+01
1.384409239487128573e+00 1.603821655311402861e+00
4.204939726760768548e-01 -8.026244169922215121e+01
3.444996418128186133e-01 -5.046427805571476455e+01
inf inf
1.444730069081240131e+01 1.024818073650206962e+01
3.102243815937696381e-01 -2.853199180977113869e+01
7.785934928682192169e-01 3.210866647279240027e+01
8.656054875402171556e-01 -4.153753951890008622e+00
4.406829986495106044e-01 6.727901058528356515e+00
5.261561515837119840e-01 3.173071403010116853e+01
inf inf
4.087521545647550170e+01 1.005732235384787820e+01
1.089049906447780991e+00 -3.066867513805064860e+01
6.126505256565892843e-01 -2.505430209005074715e+01
inf inf
1.486981944049077775e+01 4.654469593036597352e+00
inf inf
6.700273390229951609e-01 -3.198634300761660754e+01
8.165941633147395518e-01 -5.356570715962133278e+01
inf inf
1.275432858699049099e+00 2.955377039821777174e+01
3.761443182557859255e-01 -4.116557309419907540e+01
4.261321396299287967e-01 -7.871526987922571550e+01
inf inf
1.014478471429721251e+00 -1.547567556262583643e+01
3.836300486590439318e-01 -2.062519063619132709e+01
1.026287707801470717e+00 1.840985024235007872e+00
-3.470848005959108196e-02 -7.798263556885867729e+02
1.510525185152954109e+01 1.390539818574639774e+01
7.427154594397600285e-01 1.924265383298883636e+00
1.933741951536867565e-01 6.572088988748630811e+01
4.882325914647963616e-01 -3.203785473905909953e+01
3.780144540010907384e-01 -3.634133590481552289e+01
5.389690840196821320e-01 -5.304126800980813528e+01
1.040434088102617283e+00 -3.241719308756265860e+01
4.129858101775156776e-01 -7.621376183004380778e+01
7.597874055702248386e-01 -2.083789777919157160e+01
1.979015527882456993e-01 5.545747658854988060e+01
3.236794888380307267e+00 -1.250696735774299029e+01
inf inf
inf inf
2.747180101303228383e+01 2.274412428780972206e+01
9.010512825323034880e-01 -3.208873620427888085e+01
2.772566209136554960e+01 1.233712119441974586e+01
3.095207148042288248e-01 -4.941510624108320116e+01
2.193591151530787187e+01 1.042126743464606164e+01
1.168907044122242667e-01 -6.481215970465571274e+01
3.858540507077560244e-01 -1.591328823173963691e+01
inf inf
4.849887702833647896e-01 -6.168282087431880001e+01
1.199919836480638713e+00 -1.586988397742473111e+01
1.397350707829186156e+01 1.341016875466975300e+01
8.804096890361285954e-01 -1.646119413582367130e+01
2.691819596823145488e+01 -9.965029416189880251e+00
inf inf
5.335794927219079664e-01 1.086103384045901521e+01
8.248685220684989217e-01 -3.563710387783567057e+01
3.518245621328721651e-01 -2.774190534902179550e+01
7.236836491827776108e-01 -2.517639286216829575e+01
1.072231442994241446e+00 -7.767271105027757017e+01
6.124950431960194397e-01 -4.875910840855578243e+01
1.526399089153515654e+01 -4.988076137970186785e+00
inf inf
inf inf
inf inf
inf inf
9.114803842405266865e-01 9.029981286188867529e+00
6.069761869490609696e-01 -1.122379851960525521e+01
1.650508708215426557e-01 -4.903821804751412827e+01
1.015482027293345801e+00 -3.142889271139581808e+01
9.190765927131530622e-02 2.625541962705781884e+02
2.471125226619212523e+00 2.059620449867357195e+01
3.439344932117748277e-01 -2.183701024528899381e+01
7.955989839163486455e-01 -6.841214892108894219e+01
1.416861611561605894e-01 -3.487045975510155671e+01
4.173611903663956846e-01 1.016387011796892210e+02
7.006015839182151428e-01 -3.611893291165180386e+01
4.417502883019096060e+01 -2.371107377487167989e-01
3.528819550252246251e-01 -6.469301050982143408e+01
3.022068338790763420e+01 1.128083755816103917e+01
2.024238267492066257e+01 1.445709967247395866e+01
3.401224390161952105e-01 -2.342150220324234411e+01
2.893663183779192627e-01 -4.564267373403837524e+01
2.565653094822530900e+00 6.568296162601792787e+01
2.541964381580613663e-01 -4.692871759884078386e+01
2.057939406271949778e+01 -5.145473510206767465e+00
3.856952034328907652e-01 1.423830892302887108e+01
1.041170001029156467e+00 -3.120156608703203105e+01
1.975543474151375278e+01 -9.195094044875485650e+00
1.867079372319721542e-01 -3.637926086064132392e+01
1.791235757096781711e+01 1.046206923147547201e+02
3.338323420966072774e+01 5.892622390394803844e+00
4.769318626534501671e-01 -5.156130720310699189e+01
4.778072751726556988e-01 -6.938324038607677835e+01
7.716573487998884540e-01 -8.151514277982975898e+00
7.907962723119434933e-01 -4.975345495573615828e+00
1.723169321275325672e+01 7.217384706701248653e+00
5.186343896273732490e+00 -2.129488706670831988e+01
9.635978526625126328e-01 -7.299812460091378341e+01
5.257668145296064965e-01 1.257482704479670055e+01
4.459246783188792751e-01 -4.643432436683963260e+01
3.396421117755162866e-01 -6.209262542462240475e+01
3.564363205260092649e-01 -2.176229545510264529e+01
8.023884781616349438e-01 -4.718408875118677770e+01
inf inf
9.379470320845473275e-01 2.653428510698607923e+01
inf inf
6.285095964341320673e-01 3.507407160330298979e+01
3.613603056456470841e-01 -4.915419640792529066e+01
2.245636402625957595e-01 6.359539981016428811e+00
5.130563687290528030e-01 -7.195403374373246663e+01
inf inf
1.554969853516913192e+00 -6.141910651148060651e+01
1.507181148585755359e+01 1.331639095897640601e+01
2.641002460885646030e+01 9.105871842325464760e-01
2.593699803379468372e-01 8.959506004710655702e+01
1.093635110848102521e+01 8.476421601603073341e+00
6.867217249493892117e-01 3.079366116001522613e+01
1.547530347250039284e+01 1.226550324076574050e+01
6.403898303875160458e+00 -1.220634762818299635e+01
inf inf
2.769253956044390819e+01 6.192958897773580773e+00
1.987362650745355896e+00 1.182865754125231028e+01
2.668300540322019465e-01 -7.419460357509777282e+01
5.094054050178691284e-01 -2.493103530279956459e+01
8.094478585535375137e-01 -3.027942227051947555e+01
3.076177721195432757e-01 -4.965233213893209552e+01
2.255402495717376610e+00 6.819173570391533268e+00
9.760636484236662191e-01 -1.425182904648164772e+01
3.381066348520155307e-01 -5.637835693047019703e+01
inf inf
5.907196755229848328e+00 2.924176485935207737e+01
2.266231870126166059e-01 -4.863406844710212340e+01
inf inf
inf inf
1.230411531265142955e+01 5.024896295299378757e+00
1.096024886081105265e+00 6.204030273089936820e+00
3.729765278573723641e+00 -1.031076582021141697e+01
inf inf
1.486791425459656146e+01 3.155188974418810854e+00
4.538625556430915253e-01 -9.848969000416042618e+00
2.138116005023646959e+00 2.637182453197208432e+01
1.265929431423569618e+01 3.964185245671041002e+01
1.758031727568874913e+01 3.191676957414723237e+00
6.548244070330698774e-01 -1.425083298559251332e+01
6.558253299295083139e+01 7.841004608992540703e+00
