inf
inf
1.202181999999999976e-11
inf
7.155572999999999685e-12
2.059646000000000047e-11
inf
1.513526999999999999e-12
inf
inf
1.433612000000000011e-11
inf
inf
8.555452999999999573e-12
inf
inf
inf
inf
6.695260999999999657e-12
6.292441000000000370e-12
1.158644999999999977e-11
2.433491999999999906e-12
inf
inf
inf
4.276160000000000229e-12
1.769865000000000032e-11
5.667571999999999794e-12
7.965437000000000323e-12
1.233308999999999950e-11
6.076103000000000045e-12
1.522866000000000066e-11
1.276650999999999989e-11
inf
2.624559000000000025e-11
9.848640999999999292e-12
2.246805999999999908e-12
1.132142000000000004e-11
1.200173000000000080e-11
1.067693999999999994e-11
inf
1.145606000000000036e-11
inf
1.011479000000000036e-11
1.191610999999999940e-11
inf
1.397730999999999954e-11
4.831123999999999600e-12
2.417365999999999941e-13
1.386720000000000053e-11
6.148102999999999738e-12
inf
3.532039000000000193e-12
6.728397000000000173e-12
2.388040999999999962e-13
8.766278999999999910e-12
7.886308999999999975e-12
4.459467999999999835e-12
5.163587999999999868e-12
5.899149999999999961e-12
9.127594999999999539e-12
1.411911000000000041e-11
1.067215000000000073e-11
1.094142000000000045e-11
9.744633000000000772e-12
1.005063000000000036e-11
1.756147000000000070e-11
9.951615999999999265e-12
7.753537000000000387e-12
6.130457000000000401e-12
2.275760000000000150e-11
inf
inf
8.030935999999999416e-12
8.036289000000000514e-12
5.367451000000000289e-12
inf
inf
inf
6.677575999999999617e-12
7.599086999999999566e-12
inf
1.023093000000000031e-11
8.743250999999999698e-12
1.352462999999999949e-11
9.759041999999999928e-12
inf
6.329698000000000036e-12
inf
inf
inf
1.042310000000000069e-11
inf
3.159734999999999965e-12
1.407027999999999970e-11
1.328103000000000001e-11
inf
inf
2.315944999999999983e-12
1.796846999999999927e-11
7.554267000000000167e-12
1.147278000000000072e-11
8.250817999999999427e-12
inf
inf
3.192473000000000144e-12
1.445420999999999966e-11
2.766328000000000044e-12
inf
inf
inf
inf
inf
inf
inf
inf
inf
1.170677000000000061e-11
9.284687999999999343e-12
1.403635000000000047e-11
5.772917000000000290e-12
6.620952999999999687e-12
1.264640000000000072e-11
9.586068999999999995e-12
inf
6.390697999999999877e-12
1.168424999999999961e-11
1.247588999999999926e-11
9.616584000000000496e-12
5.667701999999999713e-12
7.902458000000000294e-12
5.976491000000000287e-12
inf
2.543725000000000049e-12
inf
1.127178999999999957e-11
1.177744000000000076e-11
inf
7.591871999999999581e-12
8.619657000000000740e-12
inf
1.210120000000000018e-11
2.165591999999999967e-11
9.254736999999999686e-12
inf
inf
9.381449999999999370e-12
inf
inf
5.365690999999999699e-12
1.342131000000000070e-11
inf
inf
1.343008000000000006e-11
inf
inf
inf
1.126330999999999959e-11
8.805347000000000527e-12
4.079798000000000101e-12
inf
inf
1.644195000000000145e-11
inf
inf
inf
1.041463999999999933e-11
inf
inf
inf
1.838967999999999844e-12
2.693040000000000004e-12
5.857355000000000339e-12
inf
3.149662000000000075e-12
inf
5.755835999999999952e-12
2.508750000000000190e-12
inf
1.228496999999999950e-12
inf
inf
inf
1.029078999999999961e-11
inf
2.793572999999999894e-12
1.981543999999999942e-12
inf
2.404072999999999989e-12
1.538795000000000008e-12
1.093273999999999972e-11
9.860874999999999824e-12
inf
3.553959000000000164e-12
5.946472000000000150e-12
3.054021000000000119e-12
inf
4.007827000000000185e-12
1.257438999999999929e-11
inf
8.736357000000000434e-13
inf
inf
inf
4.341911999999999968e-12
1.020109999999999942e-11
inf
inf
inf
inf
7.142891999999999610e-12
3.437970000000000142e-12
4.569776000000000056e-12
7.480021999999999407e-12
7.966327999999999294e-12
2.153086000000000182e-12
1.253439999999999958e-11
6.534369999999999752e-13
9.400388000000000556e-12
4.671518999999999696e-12
8.071687000000000602e-12
1.440395999999999995e-11
1.155814000000000067e-11
1.578491000000000004e-11
inf
2.850797999999999986e-12
inf
1.835855000000000158e-12
inf
1.382844999999999930e-11
inf
inf
5.667679000000000169e-12
1.865558999999999806e-12
2.896559999999999928e-12
7.729144999999999576e-12
inf
5.697139999999999694e-12
3.268980000000000072e-12
inf
inf
7.364356000000000049e-12
inf
inf
inf
9.813097000000000550e-12
9.550748999999999697e-12
inf
8.007689000000000413e-12
inf
inf
8.027588000000000590e-12
7.845872000000000720e-12
7.087585000000000036e-12
inf
inf
inf
9.973112999999999411e-12
inf
inf
inf
6.332371000000000180e-12
4.824390000000000206e-12
3.821049999999999758e-12
inf
inf
1.370580999999999936e-14
3.353518000000000090e-12
2.525300999999999924e-12
2.961287000000000082e-12
inf
inf
inf
6.064020000000000247e-12
inf
inf
inf
inf
inf
9.727130000000000781e-12
inf
inf
8.241340000000000303e-13
inf
inf
inf
1.176370000000000005e-11
2.385198000000000032e-12
inf
inf
inf
1.277091999999999947e-11
inf
5.364417999999999933e-12
inf
inf
inf
inf
7.882496999999999870e-12
inf
inf
inf
inf
5.339587000000000157e-12
5.611189000000000275e-12
inf
inf
inf
9.937927999999999495e-12
9.731106999999999200e-12
8.594651999999999878e-12
inf
inf
1.407189000000000013e-12
inf
inf
inf
1.406036000000000048e-11
inf
7.690401000000000201e-12
inf
inf
1.539212000000000005e-12
2.910970000000000066e-12
inf
inf
9.819972999999999873e-14
inf
inf
inf
5.631244999999999801e-12
2.234581999999999899e-12
9.837737999999999697e-12
inf
1.185339000000000025e-11
4.556860000000000033e-12
1.845424999999999924e-11
inf
inf
inf
6.920613000000000250e-13
inf
inf
6.644032000000000260e-12
inf
1.155541999999999924e-11
1.187222000000000048e-11
inf
inf
7.295377999999999209e-12
inf
8.324017999999999964e-13
2.958755000000000149e-12
inf
5.694618000000000282e-12
1.123383000000000041e-11
inf
inf
inf
inf
5.775836000000000270e-12
inf
inf
inf
inf
inf
inf
inf
6.062237000000000112e-12
2.081666999999999838e-12
1.229581000000000029e-11
7.161487999999999665e-12
9.259140000000000066e-12
inf
inf
1.324661000000000064e-11
1.120052000000000042e-11
1.337351999999999934e-11
inf
inf
inf
inf
5.154174000000000329e-12
1.260911000000000058e-11
