inf
inf
inf
inf
2.727803000000000000e+08
inf
3.668847000000000000e+08
inf
inf
1.152694000000000000e+09
inf
inf
inf
4.129407000000000000e+08
inf
inf
inf
inf
2.305589000000000000e+08
inf
3.364819000000000000e+08
inf
inf
inf
inf
1.117497000000000000e+10
8.995826000000000000e+08
inf
1.052129000000000000e+10
inf
inf
inf
8.941187000000000000e+07
1.044166000000000000e+09
4.593493000000000000e+09
7.936920000000000000e+10
1.111276000000000000e+09
3.028244000000000000e+08
8.424097000000000000e+08
inf
1.084386000000000000e+09
inf
6.459740000000000000e+08
2.084697000000000000e+10
3.626758000000000000e+08
3.920050000000000000e+08
2.151538000000000000e+07
inf
inf
inf
inf
inf
2.302084000000000000e+08
inf
inf
inf
2.955111000000000000e+08
4.016856000000000000e+10
6.168783000000000000e+08
inf
2.092644000000000000e+09
inf
2.515292000000000000e+08
2.973417000000000000e+08
inf
5.860019000000000000e+07
2.633583000000000000e+08
inf
1.880169000000000000e+10
2.147071000000000000e+08
2.449302000000000000e+08
inf
8.555381000000000000e+10
1.044166000000000000e+09
inf
inf
3.740429000000000000e+08
inf
inf
inf
inf
4.037536000000000000e+08
3.985506000000000000e+08
3.011482000000000000e+07
4.053685000000000000e+08
4.001727000000000000e+08
inf
inf
inf
4.941227000000000000e+08
4.528835000000000000e+08
3.224811000000000000e+08
3.031729000000000000e+08
2.118690000000000000e+08
inf
inf
2.099313000000000000e+08
inf
inf
inf
inf
2.977331000000000000e+08
inf
inf
inf
4.104738000000000000e+07
3.533385000000000000e+08
3.025620000000000000e+08
inf
8.243828000000000000e+08
7.531317000000000000e+08
inf
inf
inf
4.003186000000000000e+08
inf
3.008331000000000000e+08
1.380363000000000000e+08
7.012234000000000000e+08
inf
4.066447000000000000e+09
3.852423000000000000e+10
2.745652000000000000e+08
inf
inf
inf
inf
inf
3.305981000000000000e+07
3.601559000000000000e+07
inf
5.965778000000000000e+07
1.766473000000000000e+08
inf
7.750169000000000000e+10
4.305649000000000000e+10
inf
inf
8.403370000000000000e+07
inf
2.059298000000000000e+08
2.264028000000000000e+08
2.889317000000000000e+10
inf
2.361078000000000000e+08
inf
2.847110000000000000e+08
5.004178000000000000e+07
inf
inf
inf
inf
5.730877000000000000e+08
inf
4.867837000000000000e+08
inf
inf
1.127731000000000000e+08
3.973547000000000000e+08
inf
4.547279000000000000e+08
inf
5.381342000000000000e+07
inf
inf
inf
9.715966000000000000e+07
inf
2.189313000000000000e+09
inf
4.197555000000000000e+08
3.713859000000000000e+08
inf
inf
inf
inf
inf
4.457137000000000000e+07
inf
inf
5.274756000000000000e+08
inf
inf
inf
3.160771000000000000e+07
2.370764000000000000e+08
5.088162000000000000e+08
inf
inf
5.001870000000000000e+07
inf
inf
3.059893000000000000e+08
inf
5.670204000000000000e+08
inf
6.592274000000000000e+07
inf
9.738372000000000000e+08
8.145967000000000000e+08
inf
6.136253000000000000e+07
8.151359000000000000e+07
2.440772000000000000e+09
inf
inf
3.797788000000000000e+08
1.018340000000000000e+09
3.666320000000000000e+08
2.041414000000000000e+09
1.160001000000000000e+09
inf
inf
1.682571000000000000e+08
2.605652000000000000e+08
inf
inf
7.096460000000000000e+08
4.519553000000000000e+08
2.013492000000000000e+09
6.335491000000000000e+08
inf
inf
6.962211000000000000e+08
inf
8.445697000000000000e+09
2.491639000000000000e+08
inf
8.468497000000000000e+08
1.924298000000000000e+08
5.229533000000000000e+08
inf
9.766706000000000000e+08
2.785826000000000000e+08
7.715675000000000000e+08
1.168022000000000000e+08
inf
1.397552000000000000e+08
4.558923000000000000e+08
inf
inf
4.624936000000000000e+08
1.294996000000000000e+09
8.997055000000000000e+08
1.495696000000000000e+08
inf
inf
inf
inf
4.838639000000000000e+07
inf
3.927528000000000000e+08
inf
inf
6.318476000000000000e+08
inf
inf
inf
3.842984000000000000e+08
5.462957000000000000e+08
8.874637000000000000e+08
3.011770000000000000e+08
inf
1.337593000000000000e+09
inf
2.439868000000000000e+11
inf
inf
inf
inf
inf
3.938800000000000000e+10
inf
4.980654000000000000e+07
4.367305000000000000e+08
2.636956000000000000e+08
9.894328000000000000e+08
9.327636000000000000e+09
4.746521000000000000e+07
3.419599000000000000e+08
inf
inf
4.334546000000000000e+08
5.303634000000000000e+08
7.793261000000000000e+08
7.022138000000000000e+09
inf
inf
inf
inf
6.589620000000000000e+08
inf
inf
7.232810000000000000e+08
inf
inf
inf
2.736183000000000000e+07
2.563285000000000000e+10
6.160131000000000000e+08
inf
inf
inf
inf
inf
2.410332000000000000e+07
inf
inf
inf
8.604269000000000000e+09
6.034851000000000000e+08
inf
1.748731000000000000e+08
inf
6.169361000000000000e+08
2.019511000000000000e+09
3.186593000000000000e+08
inf
8.597251000000000000e+10
4.371943000000000000e+08
2.570689000000000000e+07
1.249790000000000000e+09
inf
inf
7.288829000000000000e+08
1.203036000000000000e+08
inf
inf
inf
1.435216000000000000e+10
inf
inf
inf
inf
inf
inf
inf
1.254789000000000000e+12
4.485968000000000000e+08
5.654071000000000000e+07
inf
inf
1.154714000000000000e+09
8.121863000000000000e+08
7.121777000000000000e+11
3.724462000000000000e+10
inf
3.025698000000000000e+07
5.875267000000000000e+10
4.787966000000000000e+07
inf
inf
5.086983000000000000e+08
5.333260000000000000e+08
inf
1.163278000000000000e+09
inf
2.178598000000000000e+08
inf
inf
inf
inf
inf
inf
inf
4.295510000000000000e+07
inf
inf
inf
inf
inf
inf
inf
inf
1.614618000000000000e+10
inf
inf
inf
inf
2.133347000000000000e+08
inf
inf
inf
2.208543000000000000e+08
