9.398227000000000319e-12
inf
8.767744999999999614e-12
1.213936000000000009e-11
1.873603999999999980e-11
1.126342999999999939e-11
1.293710000000000068e-11
inf
2.150889000000000086e-11
inf
1.241614999999999976e-11
1.783532999999999889e-11
2.021311999999999859e-11
1.315303999999999986e-11
1.471017000000000133e-11
1.275123999999999970e-11
1.231642000000000054e-11
1.322197999999999977e-11
2.259652999999999843e-11
7.804583999999999736e-12
inf
1.366898999999999990e-11
1.396053000000000009e-11
3.729838999999999775e-11
2.549004000000000031e-12
1.143186000000000053e-11
8.473073999999999849e-12
1.325776999999999996e-11
1.238192000000000022e-11
7.965717000000000398e-12
1.248421000000000058e-11
1.676395000000000108e-11
1.231539000000000050e-11
1.105877000000000014e-12
7.170338999999999746e-12
1.246266000000000054e-11
2.313948000000000068e-11
1.249513999999999961e-11
2.359970999999999860e-12
2.856635000000000096e-11
1.817286000000000018e-11
1.669818999999999996e-11
1.588891000000000040e-11
1.866726000000000017e-11
1.858527999999999975e-11
1.048085999999999943e-11
1.176379999999999961e-11
1.080900000000000049e-11
inf
7.671060999999999599e-12
5.240378000000000392e-12
1.058532000000000038e-11
1.255526999999999967e-11
1.174465999999999976e-11
1.015365000000000046e-11
1.232877999999999949e-11
9.195471999999999736e-12
9.834415000000000762e-12
9.553804000000000637e-12
inf
1.734681000000000048e-11
4.017012999999999778e-12
1.533893000000000157e-11
4.639665999999999872e-12
1.044402000000000057e-11
1.699582999999999949e-11
1.315489999999999921e-11
inf
2.358423999999999928e-11
2.314811999999999931e-11
1.534391999999999991e-11
1.865043000000000094e-11
inf
inf
1.544994999999999921e-11
1.607873000000000130e-11
9.794538000000000043e-12
4.677166000000000066e-12
1.105416000000000063e-11
8.005839999999999338e-12
inf
7.376268999999999455e-12
3.037413000000000035e-11
1.076147999999999990e-11
5.694976999999999918e-12
1.950094999999999962e-11
2.625263000000000180e-12
2.142115000000000107e-13
1.990464999999999961e-11
1.195055999999999992e-11
1.887021000000000023e-11
2.001212999999999906e-11
1.277852000000000036e-11
2.936131000000000103e-12
1.196011999999999973e-11
1.432143999999999961e-11
2.300122999999999925e-14
8.903800999999999857e-12
7.516774000000000783e-12
1.054625999999999953e-11
9.891088000000000475e-12
2.328050000000000041e-11
8.413065000000000160e-12
1.002540999999999979e-11
1.065557000000000041e-11
3.734855999999999813e-12
1.053845999999999951e-11
1.142725999999999952e-11
1.184362999999999969e-11
1.792321999999999923e-12
1.097443999999999943e-11
1.133083999999999981e-11
3.151414000000000086e-12
inf
1.590351000000000157e-11
2.970224999999999817e-11
inf
1.103411999999999984e-11
1.129494000000000074e-11
9.243619999999999340e-12
1.253736999999999992e-11
9.145209999999999561e-12
5.923604000000000212e-12
9.465597999999999225e-12
1.017458000000000045e-12
4.922519000000000141e-12
3.739956000000000265e-12
8.758388999999999628e-12
inf
7.673789999999999758e-12
1.004461000000000035e-11
9.114155999999999722e-12
6.636235000000000348e-12
4.847090999999999869e-12
1.527745999999999941e-12
1.176541000000000005e-11
1.729217000000000143e-11
1.541292999999999984e-11
9.117910000000000273e-12
inf
1.424520000000000073e-11
6.589113000000000098e-12
1.621056000000000156e-11
9.535131999999999522e-12
9.692857999999999612e-12
6.065496999999999837e-12
1.477398000000000123e-11
1.107206999999999969e-11
9.828619999999999776e-12
8.741665000000000193e-12
3.383921000000000157e-12
7.249517999999999645e-12
1.339328000000000006e-11
1.653752000000000040e-12
1.060320999999999920e-11
inf
1.011723999999999941e-11
3.674962000000000270e-12
inf
1.004711000000000080e-11
3.756237000000000042e-12
1.302031000000000029e-11
1.859619999999999946e-11
1.572619000000000127e-11
1.307363999999999921e-11
2.545300000000000070e-12
1.090296999999999953e-11
1.446378999999999970e-11
7.526166999999999509e-12
8.067005999999999685e-12
inf
1.208452000000000029e-11
5.891766999999999930e-12
4.501897000000000320e-12
3.069378000000000051e-12
6.823838999999999960e-12
9.680774000000000044e-12
1.170376000000000021e-12
inf
inf
2.563046000000000184e-12
inf
1.226791000000000038e-12
5.942470000000000224e-12
1.172066999999999998e-11
2.679857000000000139e-12
6.596959999999999791e-12
4.320257999999999664e-12
inf
inf
1.047787000000000047e-11
1.076787999999999955e-11
9.499249999999999534e-12
7.724720999999999998e-12
8.379996000000000354e-12
8.845035999999999350e-12
2.889187000000000016e-12
7.032136000000000077e-12
inf
inf
8.786254000000000338e-12
inf
inf
2.466181999999999841e-12
inf
6.579322999999999995e-12
2.137924999999999900e-12
inf
inf
1.204519999999999961e-11
8.507297000000000197e-12
1.054072000000000035e-11
2.068972000000000163e-12
1.110549999999999948e-11
1.090835000000000006e-11
8.424717999999999726e-12
inf
7.862960000000000253e-12
2.856027000000000185e-12
1.321516999999999932e-11
9.226214000000000414e-12
8.638783000000000592e-12
3.382453999999999877e-12
inf
8.919802000000000366e-12
8.088643000000000070e-13
3.110607999999999967e-13
inf
inf
7.641013000000000492e-12
inf
inf
4.833377000000000237e-13
9.271407000000000260e-12
inf
7.070708000000000329e-12
1.126300999999999928e-11
inf
4.180366000000000001e-12
1.169326000000000020e-11
1.006246000000000032e-11
1.158689000000000012e-11
6.496381000000000004e-12
1.302884999999999936e-11
8.323575000000000710e-12
5.175238999999999896e-12
inf
3.926759000000000353e-12
1.416889000000000022e-11
inf
1.111296999999999965e-11
7.053446999999999884e-13
inf
6.696977000000000495e-13
8.334280000000000713e-12
inf
1.182967000000000042e-12
3.771672000000000168e-12
1.785967000000000038e-11
inf
inf
6.009339000000000149e-12
9.675718999999999719e-12
9.555404000000000145e-12
9.045878999999999648e-12
5.447071000000000307e-12
9.122475000000000466e-12
1.148618999999999995e-11
1.727003999999999938e-11
3.303970999999999877e-12
inf
9.896895000000000310e-12
inf
inf
2.254209000000000174e-12
inf
7.891463999999999866e-12
inf
1.197972000000000017e-11
inf
inf
4.947665000000000002e-12
inf
8.577016999999999621e-12
3.550406999999999898e-12
1.497300000000000092e-11
1.092001999999999975e-11
1.121205000000000007e-11
inf
8.931977000000000766e-12
1.183678999999999969e-11
1.273577999999999968e-11
1.142652000000000047e-11
7.918081000000000701e-12
4.312220000000000380e-12
1.355615999999999946e-11
inf
5.625182000000000012e-12
3.738817000000000304e-12
inf
1.036869999999999963e-11
1.932202000000000131e-12
inf
3.854072999999999667e-12
inf
inf
inf
7.439119999999999911e-12
9.055773000000000010e-12
1.393408999999999965e-11
7.060098000000000236e-12
1.559831000000000000e-11
9.467609000000000114e-12
1.086606999999999996e-11
1.611402000000000044e-11
1.112334999999999945e-11
1.974197000000000095e-11
1.482467000000000129e-11
1.532207000000000117e-11
inf
2.188905999999999922e-12
5.805235000000000355e-12
inf
1.085060000000000064e-11
inf
inf
4.439245999999999803e-12
1.355933000000000055e-11
4.606212999999999732e-12
1.053332999999999951e-11
1.219827999999999960e-11
inf
8.904314000000000342e-12
6.346334000000000370e-12
9.366510000000000647e-12
1.037954999999999933e-11
1.577522000000000071e-12
3.907807999999999740e-12
6.851404000000000358e-12
inf
inf
9.416618999999999339e-13
1.633716999999999995e-11
1.203535999999999972e-11
6.293578999999999754e-12
9.434093000000000764e-12
1.330862000000000030e-11
2.997789999999999892e-11
1.856706000000000187e-12
1.374104999999999949e-11
9.030068000000000575e-12
4.138656000000000172e-13
1.459616999999999919e-11
1.447388000000000012e-11
5.867115000000000088e-12
7.711476000000000694e-12
1.152017999999999989e-11
1.410998000000000002e-12
1.270878000000000070e-11
1.231281000000000072e-11
4.599786999999999613e-12
1.812785999999999905e-12
8.692314000000000235e-13
inf
1.497098000000000130e-11
3.589063000000000173e-12
4.540554000000000365e-12
1.040341999999999931e-11
1.453994999999999925e-11
3.001032999999999901e-12
7.511235000000000558e-12
1.707145999999999843e-11
3.803699000000000270e-12
1.021662999999999945e-11
1.022072999999999940e-11
2.836845000000000157e-11
6.193228999999999681e-12
2.404323000000000114e-12
inf
5.668356000000000005e-12
3.057147000000000039e-13
1.207642999999999926e-11
1.171218000000000069e-11
1.411393000000000063e-11
