1.154563000000000076e-11
1.598673999999999979e-11
7.351458999999999685e-12
1.948847000000000087e-11
4.978059999999999894e-12
5.123443000000000346e-12
inf
1.153814999999999966e-11
1.290576000000000054e-11
1.723192000000000156e-11
inf
1.318463999999999985e-11
1.329166000000000034e-11
inf
1.389149000000000062e-11
1.802056999999999901e-11
1.249026000000000014e-11
6.448295999999999608e-12
1.397547000000000043e-11
2.862473999999999986e-11
inf
1.400922000000000076e-11
1.080685999999999945e-11
1.231999999999999920e-11
1.095484999999999992e-11
2.029293000000000005e-11
1.532597999999999969e-11
1.808862999999999984e-11
1.349442999999999988e-11
6.908326000000000022e-12
1.142334000000000007e-11
1.128185999999999975e-11
5.956683000000000136e-12
1.485228000000000020e-11
9.671612000000000573e-12
1.442159999999999986e-11
1.181038999999999972e-11
1.703085000000000109e-11
1.493165999999999900e-11
1.056370999999999963e-11
1.248360999999999996e-11
1.474135999999999889e-11
1.519625999999999931e-11
5.642503999999999723e-12
1.780758999999999925e-11
1.440693000000000029e-11
1.356133999999999924e-11
2.288350999999999808e-12
1.399979000000000007e-11
5.232025000000000216e-12
4.551256000000000252e-12
inf
1.492766999999999954e-11
8.045715000000000518e-12
1.827500999999999889e-11
1.144425999999999995e-11
1.246358999999999940e-11
1.255058000000000002e-11
4.950815000000000044e-12
7.627537000000000318e-12
7.877654999999999718e-12
1.406652000000000053e-11
1.127986999999999968e-11
9.625878999999999196e-12
7.273964000000000124e-12
9.563258000000000649e-12
1.153139000000000061e-11
8.381233999999999303e-12
8.917207000000000012e-12
inf
1.327765999999999979e-11
9.858662000000000265e-12
6.337700000000000349e-12
2.424559000000000150e-13
2.235354000000000049e-11
1.186573000000000057e-11
inf
8.780806999999999907e-12
1.224336000000000045e-11
1.260085999999999928e-11
inf
5.859760000000000065e-12
1.755612000000000133e-11
1.176810999999999962e-11
1.224655999999999947e-11
1.665246999999999962e-11
7.569832999999999982e-12
inf
1.129595000000000055e-11
2.931295999999999953e-12
9.861984000000000238e-12
9.863627999999999297e-12
1.371263999999999921e-11
inf
1.406378999999999979e-11
1.331127000000000009e-11
1.158907000000000001e-11
1.321138999999999991e-12
inf
1.241361999999999977e-11
inf
1.528581000000000108e-11
1.435863000000000018e-11
1.657670999999999915e-12
1.142568999999999955e-11
1.082755999999999996e-11
9.994239000000000264e-12
8.495871999999999768e-12
4.113423999999999942e-12
1.212238999999999920e-11
1.238075000000000013e-11
inf
1.000078999999999984e-11
inf
1.574650999999999891e-11
9.389084000000000507e-12
1.254095000000000020e-11
6.848916000000000379e-12
inf
2.612510999999999913e-11
inf
1.444705000000000073e-11
3.616150000000000096e-12
1.180490999999999963e-11
inf
8.819550999999999282e-12
6.725776000000000158e-12
4.568552000000000302e-12
1.389740000000000014e-11
1.396919000000000058e-11
1.002777000000000019e-11
8.827803000000000124e-12
3.398032000000000156e-12
1.060659000000000035e-11
inf
9.359236999999999493e-12
inf
1.026991999999999952e-11
3.486979999999999910e-11
9.763776000000000744e-12
1.255474000000000068e-11
inf
2.741925999999999923e-12
5.926632000000000106e-12
1.121441000000000048e-11
inf
1.618046999999999921e-11
6.986046999999999989e-12
2.592475000000000139e-11
1.316411999999999985e-11
1.028839000000000035e-11
4.414008999999999918e-12
2.242541999999999958e-11
3.578856000000000073e-12
4.555686000000000062e-12
3.685349000000000072e-12
5.508689999999999623e-12
7.717621000000000160e-12
1.147417999999999948e-11
inf
1.979512999999999867e-11
inf
8.831932999999999622e-12
2.121448999999999839e-12
1.257435999999999975e-11
8.096743000000000207e-12
7.942510999999999214e-12
1.012519999999999971e-11
inf
1.039001000000000007e-11
7.642015000000000532e-12
1.103894000000000022e-11
7.975815000000000584e-12
1.559668999999999864e-11
1.384893000000000044e-11
1.058279000000000039e-11
5.791759000000000181e-12
1.214090999999999981e-11
inf
2.167751999999999950e-11
9.432828999999999731e-12
9.295070999999999259e-12
1.507428000000000027e-12
1.046410999999999952e-11
inf
1.343728000000000027e-12
1.365092000000000056e-11
inf
1.205590999999999926e-11
inf
1.195923999999999903e-12
8.333690999999999977e-12
7.269126999999999627e-12
8.775186999999999775e-12
7.548149000000000132e-12
3.157488000000000066e-13
5.702195000000000019e-12
3.023346999999999921e-12
1.079556999999999941e-11
1.907998000000000005e-12
5.550793999999999905e-12
1.965673999999999849e-11
3.422338000000000194e-12
inf
9.099881000000000371e-12
inf
inf
inf
3.305799000000000139e-12
inf
2.430801999999999884e-11
8.939150999999999701e-12
inf
9.628694000000000533e-12
7.478459999999999216e-12
9.460823000000000591e-12
1.452375000000000019e-11
7.797781000000000093e-12
2.042157999999999910e-12
1.004887999999999989e-11
1.173844000000000062e-11
7.091937000000000056e-12
inf
7.191073999999999657e-13
inf
6.333027000000000011e-12
inf
6.588787999999999894e-12
inf
8.298039999999999244e-12
inf
inf
3.808686999999999783e-13
9.693584999999999231e-12
1.191729000000000041e-11
1.014475000000000037e-11
7.768126000000000054e-12
1.432176000000000016e-11
7.000833000000000286e-12
1.253301000000000013e-11
7.452096999999999604e-12
inf
1.804129999999999907e-12
1.030045999999999991e-11
1.343317999999999951e-11
8.016172999999999471e-12
9.198105999999999985e-12
1.238323999999999965e-11
inf
1.110399999999999954e-11
1.644636000000000102e-11
1.006628999999999951e-11
inf
9.596861000000000945e-13
inf
1.279548000000000032e-11
1.059282999999999940e-11
inf
8.168197999999999523e-12
3.123010000000000039e-12
9.113913000000000002e-12
inf
1.022950000000000039e-11
1.052538999999999944e-11
6.476275999999999657e-12
8.433762000000000551e-12
4.446943999999999918e-12
1.043753999999999997e-11
1.296241999999999921e-11
8.831573000000000218e-12
1.220190000000000034e-11
1.648836999999999874e-11
1.945896000000000052e-11
1.302560999999999987e-11
6.659406999999999677e-12
1.034890000000000006e-11
9.252482000000000116e-12
inf
inf
7.484952999999999237e-12
1.094739999999999998e-11
8.592630999999999679e-12
1.143507000000000047e-11
1.026113000000000073e-12
8.032905000000000293e-12
1.605799000000000032e-11
inf
1.329297999999999977e-11
1.352002000000000079e-11
5.230169999999999715e-12
1.933321000000000098e-11
8.145266000000000202e-13
inf
1.155229000000000025e-11
1.221644000000000080e-11
1.159443999999999962e-11
1.307377999999999925e-11
1.420004000000000055e-11
3.336938000000000175e-12
4.763587000000000188e-12
inf
inf
inf
inf
7.306869999999999540e-12
1.158729000000000000e-11
1.265311999999999930e-11
1.164025000000000021e-11
8.289372999999999559e-12
1.465131999999999860e-11
9.712669000000000687e-12
8.351444999999999459e-12
1.363303000000000012e-11
1.317210999999999970e-11
1.240621999999999962e-11
1.453627999999999993e-12
1.071148000000000072e-11
6.933544000000000248e-12
5.946272000000000212e-12
1.197707999999999969e-11
1.026527999999999965e-11
1.265620999999999944e-11
9.813424000000000292e-12
1.094646000000000019e-11
1.430257000000000052e-11
2.232951999999999955e-11
6.969223999999999951e-13
5.321402999999999636e-12
1.935887000000000029e-12
1.091516999999999983e-11
1.161130999999999932e-11
1.202926999999999969e-11
1.122423999999999944e-11
5.123062999999999897e-12
2.670259999999999973e-12
1.319358000000000041e-11
2.065404999999999962e-11
9.347884000000000238e-12
1.142781000000000036e-11
1.020305999999999995e-11
1.357264999999999952e-11
2.017234000000000005e-11
inf
2.086508000000000140e-11
inf
9.277873999999999812e-12
1.990964000000000118e-11
1.594485000000000026e-11
1.077588000000000033e-11
inf
1.852000000000000106e-11
2.323878999999999816e-12
5.389601999999999919e-12
4.202981000000000102e-12
5.424201999999999792e-12
7.443946999999999482e-12
3.264712999999999844e-12
1.159904999999999994e-11
inf
5.606066000000000278e-12
1.504660000000000093e-11
1.606403999999999988e-11
1.930433999999999850e-11
1.243823999999999972e-11
1.370557000000000054e-11
1.367440999999999929e-11
1.212778999999999996e-11
1.347084999999999929e-11
inf
7.710026999999999495e-12
1.496874000000000070e-11
inf
inf
2.719394999999999844e-12
1.461218000000000004e-11
8.726583000000000278e-12
inf
4.115898999999999687e-12
5.379026999999999835e-12
1.176227999999999943e-11
5.003293999999999663e-12
2.454044000000000201e-12
1.639549999999999976e-11
2.685552999999999957e-11
