inf
inf
inf
1.004676000000000030e-12
4.480395999999999986e-13
inf
inf
9.681598999999999690e-12
8.654822999999999380e-12
3.189195000000000125e-12
3.872853000000000219e-13
1.429545000000000044e-11
6.633661999999999770e-12
inf
2.102948000000000098e-12
1.179477000000000024e-12
2.178590000000000151e-11
1.490952999999999938e-12
1.004042000000000015e-11
1.182439000000000027e-11
inf
5.758509999999999865e-12
inf
inf
inf
9.809473999999999688e-12
1.044452999999999932e-11
inf
inf
6.815530000000000141e-12
2.865357000000000005e-13
7.165348999999999784e-12
inf
9.879762999999999612e-12
3.795675999999999951e-12
1.262368999999999990e-11
6.691562999999999929e-12
7.567536000000000401e-12
3.954925000000000336e-12
1.424497000000000044e-11
7.921772000000000427e-12
7.709553000000000521e-12
2.173515000000000155e-12
5.671120000000000174e-12
inf
7.727420999999999572e-12
inf
inf
7.509046000000000314e-12
7.336305000000000212e-12
inf
inf
2.570058000000000114e-12
inf
7.799547000000000107e-12
1.295006000000000026e-11
inf
2.744252000000000089e-12
inf
9.160644000000000725e-12
inf
5.062120999999999610e-12
inf
3.011227000000000170e-12
7.738209999999999599e-12
inf
1.117426000000000049e-11
4.613608999999999996e-12
1.025573000000000077e-11
5.797615000000000030e-12
1.255789999999999923e-11
inf
8.671785000000000495e-12
5.880035999999999766e-12
1.006419999999999987e-11
inf
inf
inf
1.089470999999999973e-12
2.474792999999999914e-12
inf
4.243040999999999833e-12
7.974127000000000359e-12
1.315694999999999999e-11
7.648727999999999920e-12
1.196556999999999987e-12
1.206510999999999967e-11
2.838126999999999979e-15
inf
1.242668000000000052e-12
1.205519999999999977e-11
inf
inf
1.055311999999999977e-11
4.053805000000000012e-12
5.380716999999999826e-14
1.193928000000000080e-11
1.035857000000000036e-11
inf
inf
inf
inf
9.789884999999999941e-13
4.108724000000000174e-12
inf
inf
inf
1.416486000000000029e-11
4.419398999999999756e-12
inf
inf
inf
1.100593999999999985e-11
inf
inf
1.059851000000000024e-11
1.041701999999999997e-11
inf
inf
inf
6.921705999999999708e-12
inf
7.055221999999999843e-12
9.833088000000000520e-12
inf
inf
3.334228999999999848e-12
6.831061999999999716e-12
5.659192000000000187e-12
2.805157000000000020e-12
inf
inf
1.096030000000000046e-11
inf
inf
8.336704999999999867e-12
9.131963000000000718e-12
2.063770999999999971e-12
inf
1.612850000000000019e-11
5.966371000000000326e-12
5.554592000000000007e-12
3.607717000000000186e-12
inf
9.718642999999999991e-12
3.498933000000000031e-12
inf
8.947327999999999253e-12
8.800200000000000408e-12
inf
1.005114000000000073e-11
6.832452999999999745e-12
7.054681000000000159e-12
6.240174999999999712e-13
inf
inf
2.215710999999999827e-12
inf
inf
1.928349999999999957e-12
1.295932000000000056e-12
inf
inf
7.722004000000000303e-12
7.604689000000000616e-12
5.683555999999999981e-13
1.511304999999999971e-11
4.851067000000000134e-11
8.125483000000000346e-12
1.398974000000000012e-11
1.106262999999999968e-11
inf
inf
3.276160999999999817e-12
6.871148999999999685e-12
inf
inf
3.960932000000000111e-12
inf
inf
9.761105000000000543e-13
inf
inf
inf
6.271015000000000012e-12
5.876296000000000026e-12
inf
5.542461999999999734e-12
inf
1.621453000000000038e-12
inf
5.681197000000000354e-12
8.139420000000000067e-12
7.125677000000000274e-12
9.414263000000000434e-13
inf
inf
2.450057000000000048e-12
inf
inf
inf
inf
1.807499999999999922e-12
inf
inf
inf
inf
inf
inf
inf
inf
1.739479000000000004e-12
inf
inf
1.079167000000000020e-11
inf
inf
4.018451000000000282e-12
inf
3.977517999999999854e-12
inf
inf
inf
inf
inf
inf
inf
inf
3.609799999999999926e-13
inf
inf
inf
inf
inf
inf
inf
inf
5.856490000000000221e-12
2.781670999999999972e-12
inf
inf
inf
4.975466000000000117e-12
inf
inf
5.019331999999999721e-12
inf
9.158203999999999374e-12
8.055346999999999886e-12
inf
inf
inf
inf
inf
inf
inf
inf
inf
inf
inf
inf
1.691674000000000007e-11
5.433727000000000400e-12
inf
5.875587000000000296e-12
1.584627000000000070e-13
5.912676999999999687e-12
inf
inf
inf
inf
inf
inf
4.563609000000000007e-12
inf
inf
inf
inf
inf
inf
inf
inf
inf
inf
4.519590999999999901e-12
6.619095999999999648e-12
1.430684999999999937e-11
4.304285999999999740e-12
inf
inf
8.019094000000000202e-13
1.248201000000000045e-12
5.855848000000000394e-12
3.913386999999999630e-12
inf
inf
inf
inf
inf
inf
inf
inf
inf
3.733715000000000313e-12
inf
inf
inf
inf
inf
inf
4.347338000000000393e-12
inf
inf
inf
8.205433000000000222e-12
1.144894000000000029e-11
2.024407999999999910e-12
1.032339000000000010e-11
inf
inf
1.309447999999999976e-11
inf
inf
inf
2.394727000000000122e-12
inf
inf
inf
inf
3.073803999999999975e-12
inf
inf
inf
inf
inf
5.401379999999999750e-12
2.323065999999999989e-11
1.267020999999999999e-11
inf
inf
inf
inf
7.454723000000000082e-12
inf
1.250724999999999964e-11
inf
inf
2.148405999999999843e-12
5.500334999999999908e-12
inf
1.351785999999999951e-11
inf
inf
inf
3.661693999999999806e-12
inf
inf
inf
3.848044000000000117e-12
5.817491999999999623e-12
inf
inf
inf
inf
1.295261000000000048e-12
inf
inf
inf
inf
inf
inf
inf
inf
inf
1.337472999999999990e-11
inf
inf
inf
inf
inf
inf
inf
inf
inf
