5.080613773435455061e-01 -2.059227974064326716e+01
3.886118178662303357e-01 -2.546335667168314387e+01
1.189366028351479310e+00 -2.489414605390254209e+01
9.672528752736341273e-01 2.373193416928457466e+01
1.061360749261133662e+00 -2.563676198709996612e+01
7.672583252156116584e-01 -1.769101290472998400e+01
7.772123478013283737e+00 7.902918673739284472e+00
2.613367530801570249e-01 -5.136951523930426333e+01
2.452113972672877451e-01 1.290044269804104182e+01
5.398044121658722716e-01 -5.768299387306753090e+01
3.648218727851879617e-01 8.711419399559042986e+00
3.428925036679215665e+00 -3.762479329726818200e+00
inf inf
4.380249464715318397e-01 -1.966004665468747703e+01
1.265124431956458517e+00 -2.716589267939084706e+01
6.792903295007687303e-01 -1.955599494802879335e+01
1.030800006183469897e+00 -2.797074036500082883e+01
2.076616602041157122e+01 7.228306732596864848e+00
4.522877656377980671e+00 5.685175097079553375e+00
6.239754055375138497e-01 -4.002046527203408033e+01
inf inf
7.380335073869810358e-01 -4.156231771714915624e+01
5.828521839734153165e-01 -3.880141830018239091e+01
5.450587620446051274e-01 -4.562694148553706697e+01
9.577189149787184164e-01 -4.043004596692987462e+01
1.148242526689834175e+00 -1.801452603259269836e+01
5.484821142604954236e-01 -3.145815323818552045e+01
1.584965859861805049e+00 -6.408291716892339451e+00
5.512186672918524266e-01 1.029845228818619063e+01
4.011566867395052749e-01 -3.087697392398023766e+01
8.027508858469720732e-01 6.444832844435278218e+01
5.473851122188055918e-01 -1.541514894765258070e+01
4.999526934150639312e-01 -1.061516763416817666e+00
1.200511950027711716e+00 2.530307488671514449e+00
1.137666743569930583e+00 -1.640178280394032129e+01
5.679025376128613578e-01 1.426122271724482360e+01
8.958922832495485045e-01 -2.087967693199612285e+01
1.027391499137555231e+00 -3.061473318379579922e+01
7.975601181113414206e-01 -3.708131304514660798e+01
5.030008549671356466e-01 -6.787786988126733867e+00
4.130412256464111587e-01 1.059828661833616792e+01
7.927455213809431189e-01 -2.563019248725429478e+01
3.779739931397302910e-01 -1.878504282650213142e+01
9.124905277505282797e+00 3.289035493347336470e+00
inf inf
1.685301982897947193e+00 -3.214887829953358089e+00
7.249588340041044354e-01 -2.850257893307295021e+01
1.502063988474306777e+00 -1.289394956519593549e+01
7.880643911315519112e-01 -2.047399279186863552e+01
2.612233555883713976e+00 -3.411823058048254609e+01
inf inf
1.159909429802947400e+01 -1.000358321571131981e+01
1.395366710103604913e+00 -1.707821523650038387e+01
3.665799050371135182e-01 -5.308558065483919286e+00
4.462037948354644068e-01 -3.980046423691531032e+01
2.004243597434488544e-01 1.771820355939660629e+01
2.577583808770404605e+00 -2.065674769454064474e+01
inf inf
7.413399188771199189e-01 -1.550798470786768668e+01
1.167215774308877574e+00 -1.047118747804261929e+01
2.144296432203924851e+00 -5.528312565678133339e+00
1.278822042283219051e+00 -1.624041429395696667e+01
3.424004843173708013e-01 2.184165577718104245e+01
6.709442629014502613e-01 -2.429409031913310812e+01
9.548804064403585423e-01 8.978576849986401598e+00
8.888675768268342603e-01 -2.395402247805187201e+01
inf inf
3.367588995803109664e-01 -6.529946132309281381e+01
1.355653275511606815e+01 1.890362570186158564e+01
2.134227723677708966e+01 7.351603985921059348e+00
8.961716805523916030e-01 -3.073674936556456672e+01
2.141469547713755084e+00 -1.109469739748201000e+01
8.434088653859845852e-01 -1.577873340605246710e+01
inf inf
4.146383418577521129e-01 5.809033553767597624e+01
7.756221780091457907e-01 -1.760793021499584654e+01
1.110229088138084075e+00 -3.142407593820249900e+01
5.656275853384826746e-01 1.029012111878394720e+01
inf inf
7.431259608837162967e-01 -1.630053165790766201e+01
1.644953763235842459e+01 1.304254801309137868e+01
inf inf
5.438074262546785942e-01 -6.484961580941396164e+01
1.674120208735738080e+00 -2.361921289931141388e+01
3.227391770748342936e-01 -4.065755272020498978e+01
2.021502494014016449e+01 5.519505148679133555e+00
5.890420596581600332e-01 2.541817603420698735e+00
4.005579782334128258e-01 -9.845391261662012283e+00
4.543252232023214376e-01 -3.572152532174280282e+01
7.173282765878562506e-01 1.650133865053864213e+01
6.758373849790690890e+00 -6.760137987726725584e+00
2.688960256707669805e-01 -4.969062433648581845e+01
5.416813458263758374e-01 5.426093110174904410e+01
1.100769493741819538e+00 -2.256865395632791316e+00
6.918379993495106239e-01 -2.239559516750971113e+01
5.522485859711049327e-01 -6.681193296881244237e+01
5.258443504378448319e-01 -4.688695554194891457e+01
1.061235125511433841e+00 -1.740406133278676037e+01
1.880656422992294807e+01 2.381628721317184727e+01
4.948886698193200595e-01 -3.037617357087922798e+01
2.683953513060229334e-01 -5.663710679477900811e+01
9.060798511697113478e-01 -4.753838726049728791e+01
3.627095171366742643e-01 3.819062833027022918e+01
1.089569093092752405e+00 -1.031067750601560995e+01
inf inf
inf inf
6.389202902397737027e-01 -5.329030923076005877e+01
inf inf
6.257543050566689580e-01 -3.638408974071172963e+01
6.041786711311427638e-01 -3.647213532159226901e+01
inf inf
1.079294274786789520e-01 3.250427359634733193e+02
1.646000725850811719e+01 -2.177062312075508654e-01
2.496500568739061876e+01 3.046683390238582145e+00
inf inf
inf inf
1.519702571283275905e+00 -3.163368705027012240e+01
8.644349479248659707e-01 -3.574085996147890398e+01
2.721272449744911448e+00 -8.774703888085475967e+00
7.816423145805845962e+00 1.791601107883082467e+00
3.637967157642293947e-01 -5.245708675646852015e+01
7.329515575482479228e-01 -1.778798073708477290e+01
1.555594873128423572e+01 -3.029765200471311815e+00
5.658391990350218892e-01 -5.342025079979594437e+01
7.259318928813747185e-01 -4.647081137647412419e+01
inf inf
4.625280199064975006e-01 -4.131075434329268603e+01
6.800556960471536572e-01 -2.861872961590571762e+01
7.558712395516646761e-03 1.986606588354448149e+03
inf inf
2.530885665685362884e+00 -1.069760118796524750e+01
inf inf
2.284537772622298846e+00 7.555885547664002999e-01
5.478976907292849585e-01 -4.290476159827187530e+01
inf inf
inf inf
1.317971696533198589e+01 5.411889294344858214e+00
1.275808332729393202e+00 -3.575345957985119671e+00
9.989767514237655632e+00 1.975780155712095754e+00
5.606124387646395091e-01 -1.497590313216647040e+01
inf inf
1.016989236447839007e+00 2.278968173063006475e+01
2.616151420318321374e+00 -1.283705757355912880e+01
4.904699909711961459e-01 -1.881176850781865539e+01
1.026963790183728964e+00 -5.007605446102881785e+01
1.762725566418118284e+00 1.162280543277871914e+01
1.404220061369769645e+01 1.113045562621376483e+01
2.445894406648181640e-01 -4.855300566842196019e+01
5.151259976666656693e-01 2.297457994285303950e+00
4.207671562773140361e-01 -3.011584094125797506e+01
1.533339666535069767e+01 -6.971326765663530267e+00
inf inf
inf inf
inf inf
inf inf
inf inf
4.637167538947351009e-01 -5.157722218547716153e+01
4.902358294221465518e-01 -4.165135339828655248e+01
inf inf
inf inf
1.980952169967079968e+01 8.759616402356057208e+00
inf inf
2.999619246739220757e-01 4.740748696797479766e+01
5.409568735218104329e-01 -4.151940423179489414e+01
1.931113853285872750e+01 1.268642944388197336e+01
inf inf
9.457892803667916626e-01 -3.273797708818712682e+00
3.372789006757780372e-01 3.890219574891690257e+01
6.859965650128735382e-01 -6.285514923741421001e+01
1.284523427846501198e+00 -2.140245082300724988e+01
9.678148910011074024e-01 -4.021718373842368521e+01
4.538517182996082422e-01 -2.682524056195386208e+01
2.549557374290496270e+01 2.429086561375763154e+01
4.688736298272132563e-01 -5.140222731193276928e+01
1.658739422226410198e+01 1.446228248520860182e+00
7.036656784544351728e-01 2.394064965605738138e+01
7.252145630642535361e-03 5.479742735904293113e+03
4.452121094713377136e-01 -7.870734465373891986e+00
6.531831374157942571e-01 -1.094765075125203246e+01
2.605639639487840609e-01 -5.998079508109630353e+01
3.969382776372789579e-01 -3.940629313579025705e+01
3.838725673758967005e-01 7.328893865189484380e+00
inf inf
inf inf
1.411142644226952847e-01 1.924347968522151575e+02
7.626257918905745559e-01 -2.287910222333217192e+01
2.978812256501375799e+01 4.248478732649245693e+00
8.408125852060200245e+00 8.624969605640430359e+00
9.687907508538448065e-01 -5.652962815307897415e+01
2.720428375787900865e+00 -6.536722886365233798e+00
6.262030213264986322e-01 -5.580986636984157201e+01
inf inf
7.036600765035010419e-01 -1.392859277926704209e+01
9.780654808692805791e-01 2.347631682925610264e+01
inf inf
5.494166597250934592e-01 -7.281765509280890836e-01
inf inf
inf inf
inf inf
8.930001500358715205e+00 3.662212955933413561e+00
3.747856427655302247e-01 -1.928621684924459956e+00
3.605403016861785104e-01 -3.346380091187900518e+01
1.055413298003066158e+00 7.237481788293559148e+00
inf inf
inf inf
7.129771012484888149e-02 5.065496805947327061e+02
inf inf
6.314923833985706114e-01 -1.252511272971836753e+01
4.158136311637473659e-01 -4.227190467385383243e+01
1.798625444901903947e+01 7.329413545713703293e+00
1.576786591351551969e+00 -8.479970561795880712e+00
7.841217380640618240e-01 -1.798160890343292451e+01
3.779377205074312962e-01 -1.694019269390647509e+01
1.752625248883755482e+00 -1.637954900405861380e+01
1.074554464101361795e+00 -1.998536821120439910e+01
1.181868657318692284e+00 -2.667311347814304057e+01
1.505795826123265080e+01 9.816071302936347109e+00
inf inf
8.910549986178661896e-01 -1.380634063983400317e+01
8.228258831611213964e+00 1.114603920741907928e+01
6.243012990331104906e-01 -1.379355357787256864e+01
inf inf
inf inf
2.112527796465829510e+01 2.065118740470130376e+01
1.659385943383726314e+01 4.128017937220344713e+00
8.508640817379923282e-01 -2.346329465548201298e+01
1.537841968505764489e+00 -1.241451870301626137e+01
1.017509517640852623e+00 -2.981360522957639958e+01
4.850537447104644739e-01 -5.172504462922411506e+01
5.466253476233544628e-01 -4.602497110464381080e+01
8.917894143853398736e-01 -2.420916508394067534e+01
inf inf
inf inf
inf inf
inf inf
4.876523497000668783e-01 -2.646493337675640589e+01
inf inf
1.723901665614962386e+00 -3.019816291130577923e+00
4.993922182240971841e-01 -5.665390506130611215e+01
3.224842883073281707e-01 4.347480906911746246e+01
1.054607317312407977e+00 -5.550780642151786282e+01
inf inf
9.635705728758107158e-01 -2.499787608589799603e+01
inf inf
5.146859644207841811e-01 -3.070032409916813876e+01
6.145823343085931034e-01 1.114577905793720847e+00
2.695862364434190539e+01 1.587539423896513746e+01
8.777610228607924725e+00 3.885038113130973247e+00
6.933400224437433756e-01 -1.482094437612636639e+01
1.888272009194671142e-01 2.843209068335148615e+01
9.271643200422044373e+00 -1.938156362064311722e+01
6.729636261644563966e+00 4.801989414973073877e+01
inf inf
7.152511292009643640e+00 1.191343567819813920e+01
inf inf
2.678085189359106000e+00 1.967505408719445681e+00
2.550263584235014491e+01 8.672687949628627990e+00
1.023485426809665455e+01 2.147628396313268517e+00
8.778286524134457647e-01 -3.621203860250834339e+01
1.399577416523295759e-01 1.976258761528444152e+00
1.545610894110086564e+00 -5.281000476642040198e+00
3.669261112067978559e+01 8.359988599490026928e+00
7.378339378849499974e-01 -1.904113365703638650e+01
9.425100383386838532e-01 -6.204562788186589728e+01
5.535517398071734263e-01 -4.763997975828678477e+01
inf inf
8.918741438932196175e-01 -2.606889937797733481e+01
1.028236833533526129e+00 -3.397131313381699158e+01
6.210579094909821629e-01 4.014122059879579929e+00
inf inf
1.089236449246279470e+01 4.049505366822454988e+00
inf inf
1.100443082065761224e+01 -1.205561143220054454e+01
inf inf
1.211314472111676865e+00 -7.302848481323904650e+01
4.050336569322922076e-01 8.243312025789879272e+01
inf inf
inf inf
inf inf
9.940846657070698811e+00 2.309582717315616307e+01
1.193425426076438711e+01 1.175733006234376532e+01
inf inf
5.327763025579656642e+00 1.123221769412229731e+00
5.483161564640698371e-01 -3.344688399000807522e+01
6.254438169261408720e-02 -8.803914122573269196e+01
inf inf
1.775672935466016122e+00 -5.194623122404632909e+01
6.685547507304672177e-01 -4.325992856875515713e+01
6.266747055951581435e-01 -5.576269740906380434e+01
8.786363136893838854e-01 -5.686710070428467390e+01
inf inf
5.170911060348741373e+00 1.533870123974502775e+01
9.357617881945728966e-01 -1.719501840329194309e+01
9.116400675694524836e-01 -1.273959081316685671e+00
inf inf
6.590607043359577588e-01 -1.121935203552443028e+01
8.886260207025516777e+00 1.190379885983320207e+01
1.154277074280050819e+01 9.498535942483085748e+00
7.908325111564229459e+00 8.925383682445660938e+00
6.528344159701403582e-01 -3.106640344119672648e+01
5.340015892760485272e+00 3.969430616097203046e+00
inf inf
inf inf
5.995727470730433106e-01 -4.349934695281572061e+01
inf inf
inf inf
5.398133752873668367e-01 -4.174375701231835478e+01
9.436498953050205252e-01 -4.041634832980081882e+01
inf inf
7.884908396464178626e-01 -1.721469161677420701e+01
2.140071720906898900e+00 1.520937540536711552e+01
inf inf
3.878122794191464773e-01 -6.771021491882680721e+01
1.193304900102089672e+00 -3.672314900363090118e+01
5.731288777369236698e-01 7.647639693099120173e+00
1.489503294089642660e+00 -2.073270525616909410e+01
1.339429269342786277e+00 -1.396371885880616404e+01
9.948199357720604041e-01 -2.810021037115363640e+01
inf inf
5.580660719674988002e-01 -1.426784891647364972e+01
inf inf
inf inf
1.134084211918245266e+01 3.941222263078504096e+00
7.432728020225785492e+00 2.760614041284161146e+01
1.357724820947565192e+00 2.388484980678880376e+01
inf inf
inf inf
inf inf
9.278232635257169791e-01 -1.772476598468932707e+01
inf inf
7.995174397677510258e-01 4.875727090395518548e-01
inf inf
2.219730342801040646e+00 -1.371118490965693759e+01
1.396110229041346518e+00 -4.680759122790049354e+00
inf inf
1.518485967589141339e+00 -2.093956096309800685e+01
2.070153351150823551e-01 9.627736401279244660e+01
1.695116040739573782e+00 -4.581812869477275996e+01
7.593864637628712499e-03 5.506349089255161644e+00
4.107350004809425137e+00 -2.260137469213000472e+01
4.988638142022283617e-01 -1.825179042609645563e+01
inf inf
inf inf
2.378394006973834607e+01 3.242140932437616030e+00
inf inf
8.511066462134427857e-01 7.861460265139035286e+00
6.775739477540389188e+00 -1.635073477724606983e+00
inf inf
1.158971103021468219e+00 -2.708443239358538435e+01
8.261257263637897807e-01 -3.101776843696291763e+01
7.842505829355479463e-01 -4.830666094150197409e+01
6.090054521048233749e-01 5.850706963251632864e+00
inf inf
4.638789303742802961e-01 -2.397411802047755813e+01
7.699398390790401780e-01 -1.314162892239203906e+01
8.262722173807189874e-01 -3.792504562712952776e+01
1.087238863567530878e+01 2.160060490259930077e+01
1.244659244754864336e+00 -3.458487330480047461e+01
1.771910399125937374e+01 -6.803643696871389146e+00
4.173414232322770756e-01 -2.931795762286796858e+01
8.541171346454822233e-01 -1.051277777996394747e+01
1.188792122483148361e+01 2.137343984705303868e+01
4.610597205568891077e+00 1.664067701763394069e+01
5.151801965419541274e-01 1.687452826459801969e+01
8.257697223819213672e-01 -1.954525387131123892e+01
5.886107094362261760e-01 -1.664471578896263892e+01
8.769473955071095617e+00 1.382720941690994643e+01
2.136417708361292256e+01 -3.381457577407817272e+00
5.625927284198796174e-01 1.302482488781350156e+01
inf inf
7.251480398969069041e-01 -2.249409997054742405e+01
1.049339228649008859e+01 -1.053467177612255412e+01
5.782367365987275409e-01 -1.249663956290374500e+01
4.823860956755982032e-01 5.534323229537319477e+00
2.383311231445347733e+00 3.820950831083628429e+00
2.336331716369758738e+01 1.589539086291961922e+01
1.124062265677451961e-01 1.236928984420228943e+02
1.315728955476691331e+00 5.204968596604942377e+01
6.470632861177272321e-01 -3.014614329621206323e+01
1.637397599728000142e+00 -2.845956392542209912e+01
4.519158241055218350e-01 -4.923119300807446308e+01
4.831055262243229564e-01 -5.225860047913462125e+01
1.845345239527306669e+00 -1.660902836250159353e+01
2.522237793979464904e-01 -9.213842724100861403e+01
