1.580956055769269675e+00 -4.010673269963029952e+01
1.506807088415240248e+00 -7.333794874696705435e+00
5.005875390497508404e-01 -5.010390135311342874e+01
1.097449855266958263e+00 -1.477399547736940022e+01
9.477158633350503125e-01 -1.166700081867889160e+01
1.011209417695208224e+00 -4.329510551418497499e+01
5.986244509758450461e-01 -3.144235779950328791e+01
1.722267614785606138e-01 -7.036839342885197368e+01
8.839596548506915008e-01 -4.998850906400054583e+01
inf inf
9.562496022360901238e-01 -3.881651391527776696e+01
6.878666499670448298e-01 -4.485015629945350923e+01
1.143534033439481679e+00 -3.355842892189894400e+01
7.402916291155685613e-01 -6.097053892444322543e+01
9.498014154854292901e-01 2.951175590278547922e+00
8.999692357644601959e-01 -5.459835755805654145e+01
4.187611188413861707e-01 -3.762761248059440078e+01
2.206083231926770249e+00 -3.441016382293706499e+01
6.460189596112713151e-01 -3.803462772780007839e+01
7.979638104319157765e-01 -4.810777113403922556e+01
4.814098677722079000e-01 -4.997341255297546070e+01
1.646322770858476447e+00 -4.999309675225797633e+01
5.414495764021227675e-01 -5.734313935162322196e+01
9.628153953110206720e-01 -1.418700432448823712e+01
5.850862829620815386e-01 -5.791370900228909591e+01
1.287938078753990911e+00 -5.801024992291780791e+01
9.444290465867763995e-01 -7.268646656958541996e+01
4.347737799207911369e-01 -5.880291421928527740e+01
1.949524475502789400e+00 -1.465847576864800850e+01
7.075820901630625048e-01 -4.134053447320859931e+01
5.002300998284888722e-01 -4.038906459401557925e+01
5.835043378931280555e-01 -5.012796673468230324e+01
6.803615463807762831e-01 -2.250605238629876581e+01
2.379308807116447433e+00 -2.190741145830044445e+01
7.296401363325050182e-01 -4.073301890809976555e+01
9.804301625435390966e-01 -2.368586591316633161e+01
5.418952203665868828e-01 -1.217641292500407069e+01
3.644192966147985491e-01 -5.337067936042016925e+01
7.643310618338943208e-01 -4.520894572613072171e+01
5.450591105044935158e-01 -6.029402524314564005e+01
6.785193273156120419e-01 -2.882012455672412798e+01
3.600660425189522451e-01 -5.930696518832864683e+01
8.549323139080509115e-01 -3.395721084341254681e+01
8.084793559044249900e-01 -5.892286206594386755e+01
7.352080957490205737e-01 -3.947534269220285097e+01
4.285553455250425414e-01 -6.437681070823980178e+01
1.324481583877682001e+00 -3.657069374228282754e+01
9.669030551245576532e-01 -4.164776591270763362e+01
5.751706697508757182e-01 -7.586762196007059345e+01
1.264386012243739144e+00 -6.754716649006809348e+01
3.135808827836815138e-01 -5.971624084548980704e+01
1.077267769977142242e+00 -3.449043101289645818e+01
5.950332578597595790e-01 -5.579423098319709595e+01
6.267728246520999358e-01 -3.262447212401009011e+01
9.406503833895044631e-01 5.483477560453113853e+00
2.060195386821062069e-01 -1.503959611885191805e+01
4.521914165526297325e-01 -5.502442362008786603e+01
6.058758609197605338e-01 6.088980846003674507e+00
5.839854037624016003e-01 -2.670833469987815789e+00
1.206647467358696879e+01 3.390108839531460205e+01
5.905210952186202844e-01 -6.319133271420833609e+01
1.097111037047038939e+00 -5.178782501791491910e+01
7.340449131989837950e-01 -5.280612030450339489e+01
7.391217262041450686e-01 -7.542263227506392553e+00
1.296418334778993930e+00 -3.710285795992124491e+01
6.676623034801353329e-01 -6.169163835742033974e+00
9.159303740732334109e-01 -2.184991023449268610e+01
1.005428926849834648e+00 -5.619189327464709294e+01
6.846431166218294173e-01 -5.891229849895713500e+01
6.245846469830431680e-01 -3.972679074576642932e+01
4.596403771198120936e-01 -5.208028435033441639e+01
inf inf
1.383301266900829773e+00 -5.613158109950352781e+01
4.104214303753914717e-01 -2.998386926626780635e+01
6.562845916447074268e-01 -6.118357582888079804e+01
4.910110240735219844e-01 -5.092227177027791640e+01
6.774425294109021056e-01 -4.450328820540582342e+01
6.758435034234240302e-01 -1.443372681106242261e+01
1.415356130648236954e+00 -5.164684006085707324e+01
5.591963707343869938e-01 -4.697666539226930382e+01
7.161576913152410961e-01 -6.461894072697036506e+01
5.587651475453990768e-01 -5.114146971137717657e+01
inf inf
inf inf
9.150292856172825839e-01 -2.882585854561255445e+01
2.416166909157559051e+00 2.517660460423487567e+00
4.598048859662605681e-01 -5.981405901202862907e+01
2.953916142574074044e+01 1.870264083169730185e+01
5.207018606955827744e-01 -4.947140598838582548e+01
7.071911891423950935e-01 -6.492276952939954526e+01
1.005370683717815350e+00 -5.036969714794919639e+01
1.984943020131830771e+00 -1.708218788745629269e+01
1.412357449394422426e+00 -1.035843401625897719e+01
6.442685854850604965e-01 -5.911933595426523169e+01
1.048193666519851908e+00 -1.979870527827468862e+01
6.622718736102551906e-01 -6.969393674779041703e+01
6.161494733823439374e-01 -3.346816887992283540e+01
7.519062336898815202e-01 -5.376032722275694908e+01
3.286351923278189591e-01 -3.220863096729185315e+01
4.585163966778651456e-01 -6.148504792401848817e+01
5.049540938608417795e-01 -2.780245398855781502e+01
4.550948926867970368e-01 -6.140753319922068698e+01
2.825099079448125661e+00 2.064749560507417314e+01
8.029484984830662642e-01 -5.229188940334825730e+01
1.093310672682788143e+00 -1.506398218179441884e+01
5.341301227991659406e-01 -3.731721715888898672e+01
2.673860776622034408e+01 2.035309333048007474e+01
8.196333357086825755e-01 -1.135812469284839477e+00
4.220595562145584845e-01 -7.071965847627613755e+01
6.351340742775442028e-01 3.664685774652074457e+01
4.219290691976309571e-01 -1.510302147220427571e+01
3.967062928451079995e-01 -8.017225485601066737e+00
2.508964487338954896e+01 1.863453643645306812e+01
1.017643883708037267e+00 -5.320257622739080716e+01
6.695314039908464299e-01 -5.176576153204331376e+01
inf inf
1.206842077823856885e+00 -5.510312633831312468e+01
1.200490356260603075e+00 -3.447029191775111201e+01
1.578714255216647100e+00 -1.452573697966268007e+01
9.780644553278469155e-01 -7.243080707876070790e+01
5.970122642806511282e-01 -4.181552842649462320e+01
5.666727727772323808e-01 -6.795297049537748713e+00
3.596328592245597866e-01 -6.360841557569909810e+01
8.030509839942151507e-01 -7.948263711411014754e+01
1.242487854672291503e+00 -5.215035884271023292e+01
1.638358302569912495e-01 -5.896627919212178170e+01
1.805551723381033469e+01 1.899210995671862534e+01
9.763773646046955967e-01 -5.352813194165712929e+01
9.923599240653888653e-01 -6.329560231628412481e+01
9.050001263001455909e-01 -4.057131247474123370e+01
8.136796555500692696e-01 -5.450492725259534410e+01
5.116191522737564279e-01 2.601715616567425116e+01
6.706647649372291520e-01 -6.686389763277345821e+01
1.264560321617210326e+00 -3.184812153513113842e+01
1.527239927189300850e-01 -5.828875252140490915e+01
5.741855767775899677e-01 -3.891418155513365207e+01
8.948529406361517280e-01 -5.263594243133372430e+01
9.528881614749165063e-01 -2.837537765867979545e+01
2.915359973219543432e-01 -5.245014746919404303e+01
4.600868611294496313e-01 -6.621545103025066226e+01
9.037725402868184155e-01 4.656955567353205261e+00
8.323248781952349296e-01 -5.190271540548143037e+01
inf inf
1.178016347722820600e-01 -5.903559823863929523e+01
4.765418059926250782e-01 -5.351208292066802130e+01
1.187446274816299940e+00 -4.975148613524744690e+01
5.853385765291453380e-01 -2.652374853246548270e+01
1.168422331805480940e+00 -2.149748563234739152e+01
2.618751503125824609e+00 -2.220781322559939852e+01
1.621189179301857797e+00 2.702425596826527610e+01
7.374854582139817039e-01 -1.662756871008909343e+01
1.353624851054245237e+00 -3.420178915221521265e+01
1.269703078168479493e+00 -3.047191861344687425e+01
1.428122997185332421e+00 -1.463868296613926212e+01
2.072855707628670885e+00 -3.958552166082320412e+01
7.282172398163733185e-01 -4.742173833118763326e+01
4.887725837015930441e-01 -3.299924101618088912e+01
1.001540077727323563e+00 -1.708885570500735795e+01
8.579273549661137199e-01 -9.980685636954060413e+00
inf inf
1.122436858940826454e+00 -3.119951783559253400e+01
1.153235295123953064e+00 -4.599183124858149085e+01
inf inf
6.824592791861688879e-01 -2.018251637433602141e+01
4.589295588956262550e-01 -4.886909370209056647e+01
8.794578527666905288e-01 -3.521354536641750599e+01
6.526012735746108406e-01 -5.045413074251968055e+01
inf inf
5.052387291670795699e-01 -6.258669289805366986e+01
5.832969867428385857e-01 -5.969993640861822826e+01
1.012216491850530087e+00 -5.285709097072189167e+01
1.425126696059510145e+00 -4.818542328110676465e+01
3.058563271964014163e+01 2.136711153072684866e+01
9.330245933133307634e-01 1.683193620106656629e+00
8.807079799921694319e-01 -4.377197408721037419e+01
5.333326399145956742e-01 -2.269721276499296891e+01
inf inf
1.103274588491461650e+00 -1.813174032237362709e+01
7.202379307297470667e-01 5.728193216543482791e+00
1.034943774008077355e+00 -4.586445881422097415e+01
4.590930876893724588e-01 -6.211213794807041921e+01
inf inf
inf inf
1.318547364765585206e+00 -5.365638266174777726e+01
1.119217525821478487e+00 1.860051777289327024e+00
8.847981599412266807e-01 -5.631040977552481763e+01
1.177469058292381465e+00 -4.304189649491593883e+01
2.099094938640951646e+00 -6.870933174162837531e+01
5.324228709918539248e-01 -3.465084689345994207e+01
1.444068874673456238e+00 -3.476602414613937242e+01
7.326878202214314184e-01 -6.016103117345143403e+01
7.896204817701699685e-01 -5.391570490171439900e+01
9.709848346218824533e-01 -6.751452434450763462e+01
9.829378373935278024e-01 -4.532001134944590603e+01
6.808167108572049653e-01 -5.015510661019607852e+01
1.241874621695742809e+00 -4.472021190546309199e+00
2.819939241978329791e-01 -4.439072764109364044e+01
3.516510300024133784e-01 -5.233045382240195664e+01
3.220637135471402956e+01 1.507461426190430664e+01
inf inf
5.902601211847651186e-01 -5.881300669344288679e+01
9.187099435443305540e-01 -4.357869641960745888e+00
6.665895657937627172e-01 -4.593220879161341230e+01
1.652345754743891115e+00 1.716337588519080626e+01
1.107411530955169532e+00 -5.649304928898931877e+01
1.679258001947556922e+00 -5.149285044854854476e+01
8.829752619150497139e-01 -2.166365926931561603e+01
1.758864742792864533e+00 -1.961913978723979879e+00
1.003528464652651220e+00 -1.630518919547359147e+01
6.986449895712842917e-01 -6.044576868822827720e+01
1.201174013024183695e+00 -3.109213986804513041e+01
9.385532106142273623e-01 -4.323844890497240101e+01
6.277453169477853478e-01 -3.848312832940862904e+01
1.142384011597161075e+00 -5.978740095335701454e+01
9.439475606949160325e-01 -4.180872456438026319e+01
7.983614318139699018e-01 -4.360912289217893090e+01
4.410015948209757286e-01 -4.360338526609689325e+01
4.791739475357989497e-01 -5.808902660745428648e+01
1.050002423785610484e+00 -5.881389706190202560e+01
5.571924429733525752e-01 -5.562250686897166219e+01
1.259055085573638433e+00 -2.431835336257825020e+01
7.297433218812988676e-01 -2.495480561142898068e+01
3.719508196217688134e+00 -8.045635868227433818e+00
1.226522096115065130e+00 -5.587536277696259646e+01
1.818177546333523154e+01 3.300840698841705834e+00
1.205850544504242228e+00 -3.833635332790332484e+01
5.907745088459150917e-01 -1.897063951142808236e+01
5.076425184306305738e-01 -5.391704145513990198e+01
9.215166744760331374e-01 -2.377099168204711788e+01
1.344996747078732291e+00 -4.094644593446118108e+01
8.945853862484386410e-01 -4.435241229327703394e+01
7.784230996319557727e-01 -3.308686961160569950e+01
5.883878005008894574e-01 -5.102042188255489208e+01
3.098942045328910155e-01 -6.076144058197949960e+01
4.326145838102150032e-01 -2.256731511117690303e+01
9.179740639724727203e-01 -2.776969311404292284e+01
4.442199478876214247e-01 -6.114752471690083979e+01
1.297965978003368548e+00 -1.413753635661877439e+01
6.477432923371079232e-01 1.923911633350189732e+01
8.304323964271989045e-01 -2.306050910465830839e+01
6.471226389615287733e-01 -2.313568239761693235e+01
4.556405020268899375e-01 -5.613252688462792150e+01
4.403875217992542224e-01 -7.889952783316623197e+01
8.995865951879981059e-01 -6.031847543183501159e+01
7.198895919978633984e-01 -5.935159312550948130e+01
inf inf
9.714003769676340383e-01 -6.874993135636543684e+01
4.954400222424988343e-01 -5.952535904433308644e+01
8.634775334264597202e-01 -2.013975821656948639e+01
1.653754930522191857e-01 -6.628471908273259494e+00
7.504754967521319875e-01 -5.284519697678328498e+01
4.749803020228899331e-01 -4.739237849544512926e+01
5.211078825293699035e-01 -5.818355383581053530e+01
8.631133738438107050e-01 -3.319048807924081501e+01
1.150190411385605183e+00 -4.174845336362428938e+00
1.279118164463896035e+00 -1.321505572583910570e+01
1.023813035453615905e+00 -4.652992798369518823e+01
8.115323600794489556e-01 -5.079384765717991712e+01
6.599974513034009282e-01 -1.763846968634370072e+01
8.399834300331688874e-01 -4.521724562199756292e+01
3.208072313799251174e-01 -6.490563298516984503e+01
1.992952710852227582e+00 -3.998044050753001244e+01
8.644510057748470144e-01 -6.000049550195926429e+01
1.134292976502478290e+00 -2.739026241997975575e+01
1.288703079891858616e+00 -3.655664169091285487e+01
inf inf
3.749319019292010058e-01 -1.865688418079406929e+01
4.856705768914564292e-01 -1.773495593161568706e+01
1.427300452953090382e+00 1.800838117715309039e+01
6.620949040937353924e-01 -5.707744671471768072e+01
9.766963017555120308e-01 -1.934191639166525789e+01
-2.030733602516268943e-01 -3.031295080639562229e+02
6.123285279113457324e-01 -2.973800235812017334e+01
5.347646229193523482e+01 1.329149743618912893e+01
6.779206551220691157e-01 -5.824279296631089409e+01
8.414927111946273186e-01 -4.074094132571659799e+01
1.363954466528385590e+00 -3.029594742411756059e+01
4.850225940462374652e+00 -2.236757908026623554e+01
6.339910528116678989e-01 2.877095789026444450e+01
1.295533767211451970e+00 -5.172706193402030550e+01
2.284005962214562313e+00 -2.506934596650738811e+01
7.710444228442768777e-01 -4.541661526573984986e+01
5.775786592402930575e-01 -5.188853487631718764e+01
9.373999685987417507e-01 -1.857952589113775943e+01
2.556256580466996198e+01 1.143429224062744254e+01
7.536444271610790446e-01 -2.771332836573689562e+01
7.674533697357198703e-01 -5.857660636521098496e+01
6.083229125097390444e+00 1.831779889817996887e+00
1.219675447937176971e+00 -6.109441047057450191e+01
3.440042219960024994e+01 1.761096962597831350e+01
9.970022937083975467e-01 -5.326943928494554115e+01
1.083429781338747233e+00 -2.947833363399956141e+01
1.134897108989648684e+00 -2.091799282964865014e+01
5.149448911150626973e-01 -4.486659241576435875e+01
inf inf
7.784851229672549167e-01 -4.161825424090634584e+01
7.086061052293801676e-01 -1.965680407676693875e+01
5.351625383172169403e-01 -2.163916673294284365e+01
6.310865966247988235e-01 -3.974908288425031344e+01
3.242989491467330510e+00 3.863515243147848111e+01
5.236176574922926097e-01 -4.870212185181961217e+01
4.925957692930532095e-01 7.790317978417211187e+00
5.039167780792793705e-01 -5.929610190230521738e+01
5.821354842831487630e-01 -5.792750366071348367e+01
2.570825245895665745e+00 -2.214657389017015632e+01
inf inf
1.666427711999872718e+00 7.048851943632194583e+00
1.015846747067176814e+00 -5.593133137568862168e+01
inf inf
9.814604779486567621e-01 -3.573488395835212117e+01
5.642013598772267491e-01 -3.979430250470261399e+01
8.990604468944211058e-01 -2.602997215558420052e+01
inf inf
2.858690525825123285e-01 -1.073822741760686039e+00
1.626632532017658672e+00 -2.710014383091639445e+01
1.267553962599983430e+00 -1.231450008081608516e+01
4.714605127465393286e-01 -2.777386013041535762e+01
3.664128638186951448e-01 -3.454709268626442764e+01
8.202482487755771157e-01 -4.147637132027472262e+01
7.492977534190907729e-01 -5.710412014885593379e+01
1.425705907206537004e+00 -2.002515294182184036e+01
4.974489902745738990e-01 -5.122219194997522607e+01
7.479587214127654260e-01 -3.197896585755439247e+01
1.327720798066132746e+00 -1.519167601195508510e+01
6.924380357929049712e-01 -6.817216535239890618e+01
1.454741228578324108e+00 -7.705314203010128438e+01
6.318476775518570010e-01 -5.146151159642992212e+01
3.310958246480998901e-01 -4.370810429557754162e+01
1.180531442971841649e+00 -1.038135509683797508e+01
8.849870300977025206e-01 -2.785390667019348854e+01
4.995380426131747487e-01 -5.365658408393041867e+01
4.474387209768538876e-01 -7.550812777569686318e+01
1.226102493550975003e+00 -2.167462264996940036e+01
4.676390072454255642e-01 -5.698713327559045894e+01
1.838703980140649463e+01 1.814458950808327486e+01
7.911251426831745759e-01 -5.329596291124752128e+01
inf inf
2.523305430521881387e+00 3.150241228167766749e+01
1.004336168086830794e+00 -1.373257788773886290e+01
9.068884078423143924e-01 -4.054343407911301966e+01
4.818658722938101158e-01 -6.142861099634264832e+01
7.975621288315239976e-01 -1.480500932550117099e+01
1.161413274894077974e+00 -3.969722401860726535e+01
4.720485443678862914e-01 -3.648590044946089961e+01
5.718253298555245889e-01 -4.422230798316875422e+01
6.201368878051948252e-01 -4.158696338550166161e+01
5.884775453269092127e-01 -3.894956078624496598e+01
6.456262384927280440e-01 -6.355927694052311949e+01
6.870933883849729140e-01 -5.606201598110332895e+01
4.985152876146170531e-01 -7.110115977725295977e+01
7.340122914447517743e-01 -2.461749984820048098e+01
9.001242240989444365e-01 -6.367624542711665470e+01
7.039050724317656993e-01 -5.965258709997407038e+01
inf inf
3.600122796278577564e-01 -5.530497361855517369e+01
6.341293802502134813e-01 -2.261658953693303076e+01
5.001763369373943835e-01 -2.219789706132625540e+01
inf inf
6.666087468252211989e-01 -3.032490195365973662e+01
6.004715703045202524e-01 -1.675950214338623923e+01
1.281693042927752879e+00 -2.407523665227726894e+01
8.376475444211307630e-01 -4.001749089303488915e+01
7.622712710688316351e-01 -4.151778742053290472e+01
7.276917915604409481e-01 -3.685132685678166808e+01
4.565551712131427631e-01 -4.032088807916826312e+01
4.036620068880031331e-01 -2.208130157634566615e+01
2.120290580434676997e+01 1.198774592844188724e+01
1.042407715380851752e+00 -1.029741548068330204e+01
1.251899860802071274e+00 -1.091320773474477690e+01
1.556262227860901737e+00 2.758963345769699593e+00
7.327747648968733207e-01 -5.484795052718615693e+01
9.360417555609583662e-01 -4.397454312291303324e+01
1.337487163251539268e+00 -4.566366297196763213e+01
9.366316072801811332e-01 -5.181829341972860448e+01
1.444454735423083447e+00 1.959580824063581161e+01
6.495237680820306059e-01 -4.156204676691078248e+01
5.236945216256542190e-01 -4.549549198310154452e+01
4.678015559864694417e-01 2.064747520196977604e+01
4.618579563699361512e-01 -5.638243518062677140e+01
1.253927589843017998e+00 -5.913574492549463457e+01
8.459187692054975782e-01 -4.838115186173821058e+01
5.367873256900116408e-01 -2.249655692456770950e+01
7.126454624454502396e-01 -3.485730279847220459e+01
1.182194732415082106e+00 -3.765699967258002090e+01
