1.174446000000000063e-11
9.467607000000000575e-12
1.061149000000000005e-11
1.397238000000000029e-11
1.034267999999999930e-11
5.226141000000000198e-11
1.411565999999999925e-11
1.240827999999999971e-11
1.268651999999999954e-11
1.408491000000000041e-11
1.151003999999999969e-11
1.345221999999999980e-11
4.977676000000000367e-12
9.704723000000000390e-12
inf
9.180817999999999705e-12
1.833003000000000081e-11
inf
8.058513999999999240e-12
2.306871999999999866e-11
1.677487000000000080e-11
2.391793000000000045e-11
8.808856000000000205e-12
inf
1.545184000000000134e-11
1.984939000000000131e-11
1.123885999999999923e-11
7.516687000000000644e-12
6.865919000000000120e-12
1.088651000000000063e-11
1.130725999999999922e-11
1.497438999999999957e-12
6.177092999999999597e-12
1.923685000000000037e-11
1.215934999999999948e-11
1.111338000000000045e-11
1.710307999999999865e-11
1.446699999999999965e-11
3.448912999999999806e-12
6.588514999999999821e-12
1.187536999999999971e-11
1.208253999999999953e-11
8.379800999999999263e-12
2.168294000000000050e-11
2.655814999999999827e-12
1.190621999999999973e-11
1.385533999999999940e-11
1.925459000000000146e-11
inf
5.346897000000000052e-12
3.130458999999999798e-12
9.412308000000000772e-12
1.454530999999999954e-11
7.792098999999999714e-12
1.022275999999999995e-11
1.293425000000000014e-11
1.358855999999999920e-11
9.356549000000000383e-12
1.480509000000000109e-11
2.080699000000000119e-11
8.686375000000000739e-12
3.227573000000000105e-11
1.031804000000000073e-11
1.307009000000000010e-11
1.189473999999999986e-11
1.062746000000000044e-11
4.482258999999999753e-12
7.951158000000000278e-12
9.521879999999999409e-12
3.776515000000000090e-12
1.632476999999999891e-11
1.517202000000000062e-11
9.294152000000000281e-12
7.125735999999999597e-12
7.398772000000000333e-12
1.009303999999999957e-11
1.241394999999999963e-11
1.189464000000000030e-11
1.383539000000000048e-11
1.258450999999999925e-11
5.737978000000000211e-11
1.471674000000000056e-11
1.279501999999999974e-11
1.146222000000000041e-11
5.269604999999999739e-12
1.313057000000000026e-11
4.883076999999999954e-11
1.632916999999999917e-11
inf
6.055494000000000370e-12
7.745309999999999437e-12
1.082770999999999931e-11
3.608638000000000118e-13
7.909184999999999685e-12
5.053912000000000165e-12
9.445005999999999670e-12
2.675985000000000133e-12
9.484242000000000332e-12
8.815302000000000559e-12
2.845848000000000093e-12
1.197443999999999921e-11
9.843815999999999260e-12
1.523952000000000129e-11
2.312248000000000024e-11
1.190539000000000043e-11
9.643018999999999666e-12
1.220380999999999947e-11
1.434373999999999962e-11
8.685557999999999249e-12
1.344343000000000020e-11
4.388158999999999982e-12
1.487650999999999959e-11
1.079090999999999930e-11
1.100570000000000025e-11
1.563508000000000046e-11
1.448627000000000023e-11
1.051765000000000012e-11
6.641384999999999776e-12
1.342951999999999991e-11
8.881549000000000085e-12
inf
3.468364999999999711e-11
7.008960999999999825e-12
1.077796999999999997e-11
1.151373999999999977e-11
1.376805000000000009e-11
1.346290999999999923e-11
1.015777999999999996e-11
1.607153000000000028e-11
1.665780999999999968e-11
9.282933999999999793e-12
1.518482999999999922e-11
9.887259000000000249e-12
1.078726999999999994e-11
1.129989999999999954e-11
1.819099999999999953e-11
8.758310999999999838e-12
1.002702999999999953e-11
9.291592999999999705e-12
1.490820000000000144e-11
inf
1.298337999999999955e-11
5.131878999999999968e-12
9.787940999999999763e-12
8.836586000000000532e-12
7.676117999999999463e-12
9.198264999999999681e-12
1.346903999999999973e-11
6.258707000000000384e-12
8.863862000000000505e-12
1.000751000000000004e-11
7.835299000000000378e-13
8.215662000000000097e-12
5.242565000000000290e-12
1.626680999999999943e-11
1.288103000000000010e-11
1.148506000000000034e-11
1.695253000000000027e-11
1.046969000000000080e-11
1.916183999999999906e-12
8.542569999999999212e-12
1.268498000000000074e-11
1.393546999999999979e-11
1.344413000000000039e-11
8.091107000000000533e-12
9.126920999999999819e-12
1.087869000000000037e-11
2.424491000000000074e-12
4.061489000000000123e-12
7.206145000000000290e-12
8.936910000000000135e-12
6.422171000000000060e-12
1.378519999999999987e-11
1.754021000000000004e-11
3.070093000000000013e-12
2.495244000000000146e-11
1.617019999999999990e-11
1.029169000000000055e-11
8.223365999999999637e-12
9.143684999999999726e-12
1.289529000000000048e-11
3.418453000000000277e-11
6.753915999999999673e-12
2.033488000000000110e-12
1.233463999999999923e-11
3.654783999999999788e-12
9.656381999999999233e-12
1.086719000000000027e-11
6.563106000000000004e-12
7.787301000000000727e-12
1.104978999999999991e-11
7.586404999999999722e-13
1.266145999999999924e-11
7.124928999999999841e-12
5.582667999999999735e-12
1.184276999999999923e-11
7.613647999999999225e-12
1.363036999999999940e-11
5.606421000000000027e-12
9.234282000000000052e-12
8.143439000000000113e-12
3.137828999999999998e-12
5.312402000000000207e-12
7.693576999999999904e-12
9.114123000000000059e-12
1.628546999999999846e-11
5.813747000000000229e-12
inf
1.210028999999999993e-11
9.248542999999999399e-12
3.864924999999999710e-11
5.766565999999999846e-12
1.206712999999999929e-11
2.583674000000000023e-13
1.045082000000000009e-11
4.677265999999999631e-12
1.230494999999999999e-11
1.416727999999999979e-11
1.132251000000000079e-11
8.793243000000000723e-12
1.575208999999999857e-11
4.381980000000000277e-12
8.041396000000000161e-12
1.060725999999999937e-11
1.367451999999999978e-11
1.122821000000000028e-11
8.425156000000000537e-12
1.310874000000000014e-11
9.780237000000000223e-12
1.007773999999999983e-11
7.979837000000000746e-12
inf
8.368681999999999378e-12
3.967853999999999786e-12
2.136768000000000049e-12
7.494291000000000141e-12
1.160068999999999992e-11
6.970710999999999660e-12
8.420891999999999617e-12
2.005800000000000198e-12
9.715986999999999967e-12
9.128932999999999670e-12
7.824742999999999751e-12
1.423244999999999960e-11
1.921213999999999936e-12
7.997989000000000566e-12
1.102010000000000067e-11
1.313811999999999976e-11
1.795262999999999961e-11
1.203080000000000080e-11
8.803793000000000108e-12
inf
8.721089000000000181e-12
6.865961000000000131e-12
1.108031999999999938e-11
7.558746999999999760e-12
9.778052000000000672e-12
1.285303999999999993e-11
1.421150000000000018e-11
1.442449000000000006e-12
8.266137999999999406e-12
inf
1.153755999999999996e-11
1.083023999999999930e-11
8.841495000000000587e-12
1.024447000000000027e-11
9.767590000000000388e-12
1.295938999999999977e-11
1.208011000000000072e-11
4.034479000000000221e-12
1.264381000000000002e-11
9.099168000000000755e-12
inf
3.009729000000000170e-12
1.605124000000000058e-11
1.242054000000000031e-12
1.287578000000000029e-11
2.810323999999999971e-12
8.333605999999999377e-12
5.807636000000000195e-12
9.849751000000000284e-12
1.241335000000000062e-11
7.531858000000000237e-12
1.373354999999999978e-11
1.006881000000000019e-11
7.766000999999999596e-12
6.744710999999999613e-12
7.042225999999999684e-12
1.172805999999999920e-11
2.010882999999999884e-11
5.181278000000000372e-12
1.339681000000000055e-11
1.416202999999999999e-11
9.976030000000000498e-11
1.078778000000000031e-11
2.355628000000000189e-12
8.743073000000000342e-12
1.857060999999999936e-12
3.836958999999999665e-12
inf
8.118486000000000189e-12
1.287536000000000018e-11
1.175849000000000072e-11
2.723427000000000124e-12
1.381867999999999944e-11
inf
1.055088000000000078e-11
4.743558000000000092e-12
6.651689000000000133e-12
2.045106999999999840e-11
9.155060000000000372e-12
3.314647000000000103e-12
1.447793999999999960e-11
inf
1.749208000000000113e-11
3.310667999999999884e-11
1.325641000000000006e-11
1.438665999999999920e-11
1.113088000000000033e-11
1.060081999999999925e-11
1.128038000000000004e-11
1.472783000000000147e-11
1.142085000000000056e-11
1.808089999999999983e-11
9.468973999999999674e-12
1.166997999999999992e-11
1.058579999999999958e-11
6.918151000000000134e-12
1.373012999999999978e-11
8.912500999999999204e-12
3.591276000000000136e-12
8.735296999999999629e-12
1.662036000000000088e-11
1.199961000000000000e-11
5.846431999999999700e-12
4.578011999999999739e-12
inf
9.626203000000000438e-12
1.562753000000000096e-11
1.659168000000000145e-11
1.227878999999999962e-11
1.557905000000000035e-11
8.949782000000000608e-12
1.150684000000000068e-11
6.462801999999999829e-12
1.073399000000000079e-11
1.799126000000000103e-11
1.230321999999999975e-11
8.558614000000000310e-12
1.194502000000000073e-11
1.089340999999999973e-11
1.722157000000000090e-12
8.561587999999999728e-12
1.290492999999999962e-11
9.333734000000000344e-12
1.261464999999999977e-11
1.386107000000000003e-11
9.541003999999999722e-12
1.385127999999999992e-11
1.182741000000000039e-11
1.183216000000000075e-11
1.502270000000000141e-11
1.402639000000000078e-11
1.119129999999999978e-11
6.857948999999999700e-12
1.253388999999999921e-11
1.442949000000000014e-11
1.202853999999999996e-11
inf
1.457966999999999981e-11
5.419288000000000081e-12
1.137206999999999963e-11
1.385514999999999958e-11
inf
1.750018000000000147e-11
1.326945000000000057e-11
2.588841999999999966e-11
1.165156999999999980e-11
4.530404999999999819e-12
1.275221999999999996e-11
1.403495999999999940e-11
6.611413999999999883e-12
6.576063000000000269e-12
1.671214000000000072e-11
