-8.506015064699440131e+01
-8.245545045298221964e+01
-8.768300278587864227e+01
-7.964728882710765845e+01
-8.286147980213414144e+01
-8.542222181204051878e+01
-9.090950563411124108e+01
-8.853488457644225207e+01
-8.736584105674293710e+01
-8.637480206234086211e+01
-8.162436944429967411e+01
-8.497969508271143013e+01
inf
-8.946173026035867792e+01
-8.636074384588280850e+01
inf
-8.433166349617758328e+01
inf
-8.121580201543623900e+01
-8.549687170178151518e+01
inf
-8.603742176727209312e+01
-8.726578808888611150e+01
-8.763965278832283445e+01
-8.700389704763547627e+01
-8.695024549045621143e+01
-9.346153490459323621e+01
-8.498489591849885016e+01
-8.500291363825883195e+01
-8.602898308981295372e+01
-7.852594081025019079e+01
-8.087373832314699484e+01
-8.594211552177837632e+01
-8.232614466412198340e+01
inf
inf
-8.615403896991088573e+01
-8.674380347549910653e+01
-8.336514734122494019e+01
-8.116516528789917118e+01
-8.662652011387525874e+01
-8.585154503473705745e+01
-8.731401686483800972e+01
-8.969268362431819241e+01
inf
-8.481934670139492027e+01
-8.548051341306502593e+01
-8.737905881502533134e+01
-8.701871494646150040e+01
inf
inf
inf
-8.389031613531253129e+01
inf
-8.512367860197655034e+01
-8.541923260576710675e+01
-9.414043647571166673e+01
inf
-8.226399811244615989e+01
-8.513494749239190185e+01
-8.732401069480296485e+01
-8.476503255585319607e+01
inf
-7.611347156427675031e+01
inf
-8.623979905063858098e+01
inf
-8.735446262067040379e+01
inf
inf
-8.621338313812077558e+01
-8.259796228410250762e+01
-8.689816999979984757e+01
inf
inf
-8.642005239961180507e+01
inf
-8.394891079512542831e+01
inf
-8.559265456125100968e+01
inf
inf
-8.581784120553341211e+01
-8.508306267668794476e+01
-8.321070600539704287e+01
inf
-8.306670508319103874e+01
inf
-8.470175330581515993e+01
-8.655509581578688483e+01
-9.167098817067675043e+01
-8.530933175065221974e+01
-8.562632647507932404e+01
-8.328111302717175590e+01
-8.656930749410771853e+01
-8.799109963087073538e+01
-8.535898087593579930e+01
-8.634916258336825479e+01
inf
-9.507177170406596645e+01
-8.575357034614859231e+01
-8.330913826993800342e+01
inf
-8.391866984090141557e+01
inf
inf
-8.581348095157163414e+01
inf
inf
-8.669173084035067234e+01
inf
-7.799997641805734361e+01
inf
inf
inf
inf
-8.735151751256846353e+01
-8.538793495058222049e+01
-8.432765562844983265e+01
inf
-8.682548059747117009e+01
-8.426440098626088115e+01
inf
-8.761131286533975526e+01
-8.431508388293447354e+01
inf
-8.377228952983978161e+01
inf
-8.470368616946132079e+01
inf
-8.633624926891178575e+01
inf
-8.229373753116099977e+01
-8.529166840143925299e+01
inf
inf
inf
-8.599313905661843194e+01
inf
-8.599138156411031275e+01
inf
-8.674343888449509166e+01
-8.857810719259975940e+01
-7.591648201400217033e+01
-8.684276298771435165e+01
inf
inf
-8.733023984736851730e+01
-8.527067528840497346e+01
-7.422800608233407615e+01
inf
inf
inf
inf
inf
inf
-8.684846683439027970e+01
-8.636197018364818234e+01
inf
inf
inf
inf
-8.058986340241759194e+01
-8.676778680924532239e+01
inf
inf
-8.155539156663292033e+01
-8.172712791575285962e+01
-7.856909371240136863e+01
inf
-8.361266232561729339e+01
-8.260246650782193001e+01
inf
-8.470341242706948037e+01
inf
-8.269705705420555830e+01
-8.410975286218001656e+01
inf
inf
-8.600164097799996910e+01
-8.648155970194004283e+01
-8.660564747425286214e+01
inf
inf
-8.523461743863209961e+01
-8.382356744986276453e+01
inf
inf
-8.508028935298210627e+01
-8.513401142782277020e+01
-8.640716444471200930e+01
inf
-9.460888711174516175e+01
inf
inf
-8.785843285509675127e+01
inf
inf
inf
inf
-7.906092348813714921e+01
inf
-7.788162418026843170e+01
inf
inf
-8.766103085704813225e+01
inf
-8.286299445344133119e+01
-9.330368205467603104e+01
inf
inf
-8.653777053526636109e+01
-8.354937104911631707e+01
-8.402386742976943879e+01
-7.969813350216770687e+01
-8.681522874455539807e+01
inf
inf
-7.923529469919292012e+01
inf
-7.994732394814907650e+01
inf
inf
inf
inf
-8.595288572962816431e+01
inf
-8.749417141096670036e+01
-8.587571357959862439e+01
-8.642258042195038570e+01
-8.627901934019871533e+01
inf
inf
inf
inf
-8.718020674737580578e+01
inf
-8.555791223917236721e+01
-8.835058608653945100e+01
-7.480134248346844572e+01
-8.599048219355064759e+01
inf
-8.745335893349491130e+01
inf
-8.122712655464714260e+01
-8.355900954676023673e+01
inf
inf
-8.760613414340741656e+01
-8.730589717798574156e+01
inf
inf
inf
inf
inf
-8.556202347766742378e+01
inf
inf
-8.791909197506082307e+01
-8.545568386690055718e+01
-8.575793607109284267e+01
inf
-8.393835334138155702e+01
-8.715438202367747067e+01
-8.657624284107023982e+01
inf
-8.578212623731847941e+01
-8.630389525129604067e+01
-7.172729869200635733e+01
inf
inf
inf
inf
inf
-7.304389707084136774e+01
-8.490338988073979465e+01
inf
inf
inf
inf
inf
inf
-8.673326742201535922e+01
-8.769368722154729312e+01
inf
inf
-8.649810959879837924e+01
-8.743697099919769755e+01
-8.754146960045071069e+01
-8.679861963325701879e+01
inf
-8.900232163151505915e+01
-8.143260169540451443e+01
-8.232046421553663151e+01
inf
inf
inf
inf
inf
-8.845962005426132180e+01
inf
inf
inf
-8.674698591929740132e+01
inf
inf
-8.570809827885808829e+01
-8.678963725228123849e+01
inf
-8.553929066177686025e+01
inf
inf
-8.719063869463707306e+01
-8.487324856887448732e+01
-8.636520343894228802e+01
-8.862253756948882710e+01
-8.108762653151414668e+01
-8.325651536546902776e+01
inf
inf
inf
inf
inf
inf
inf
inf
inf
inf
-8.638614171829691202e+01
inf
-8.273868597545208559e+01
inf
-8.398456685316672576e+01
-8.260313727484412993e+01
inf
-8.607819000119452824e+01
-8.781279523216932148e+01
-8.554773139656873582e+01
inf
-8.446758004852195256e+01
-8.478069410773341019e+01
inf
inf
inf
inf
-8.437842492764193025e+01
inf
inf
-8.518837081489701291e+01
-8.639912997162636543e+01
-7.889879616937291473e+01
-7.365439230550809668e+01
inf
-7.821072439442261270e+01
-8.713592624148580512e+01
-8.773404495798277480e+01
inf
-8.545175154071031898e+01
inf
-8.773492104869806951e+01
-7.337598911530594137e+01
inf
inf
-8.665057388342194145e+01
inf
-7.833260486320952509e+01
inf
inf
-7.619638786662592622e+01
inf
-8.785155465684623266e+01
inf
-8.776257968342493143e+01
-8.320898476186269477e+01
-8.550520803498213240e+01
inf
-8.320381602047416436e+01
-8.252901588310095349e+01
-8.687918788169967854e+01
-8.803870109781291831e+01
-8.528728994949648268e+01
-8.544296995105123926e+01
-8.323613154726419339e+01
-8.611988563252954521e+01
