2.072285902215956488e-01 -6.970302529726701835e+01
1.665279804155469223e-01 -6.133859250246164407e+01
5.574930365631273199e-01 -4.660384054465394144e+01
2.214502013245339684e-01 -3.586341981624219954e+01
3.171506095558260935e-02 5.130235721570973055e+02
8.278894694757641393e-01 -3.588723875640950922e+01
1.597095608820270629e-01 3.818917970817538787e+01
1.723637840838596169e+00 9.443618366487010363e+00
7.002780960555983203e-01 -1.010695278295958666e+01
8.663557347883271476e+00 6.029442186432401485e+00
2.227428751978557830e+00 -2.846970026198114567e+01
8.182260275635681035e-01 -2.046510191531324452e+01
2.130768707070537504e-01 -9.090165913309850509e+01
1.230062936374638705e+00 -4.183961992809793884e+01
inf inf
7.454531361449497906e-01 -2.622422256214294478e+01
1.419577526945568213e-01 1.066988515042260275e+02
inf inf
1.894452749201222808e-01 9.400668729927004108e+01
5.816755167344521693e-01 -2.916808941440467251e+01
5.931015366197943672e-01 -1.554203464713071625e+01
6.585702388227729909e-01 -4.421631312223872357e+01
3.378428016536896838e-01 -5.155363614132026839e+01
inf inf
2.875140379031279614e-01 -4.938001530288203611e+01
3.128909877742168111e-01 -3.560087418825337124e+01
2.688957140647618704e-01 -5.494214085665920777e+01
6.794670171142296045e-02 -1.823276334229128537e+01
1.121816955473758259e+00 8.558036698514346341e+00
2.259079678453191076e-01 1.989452197119219079e+01
2.129327781723459323e-01 -1.701538154440716610e+01
3.464774858823003711e+01 -3.435079011100461877e+00
1.137241298141910661e+00 -1.080191190723799366e+01
1.816921863473273335e+00 -2.683685912246822980e+01
1.291555020695565048e-01 -5.533077415085610795e+01
9.938940117040051536e-02 -8.168588249991067585e+01
2.357177427981079487e-01 -3.777797547066759165e+01
1.315301722472321133e+00 1.698424103718448563e+01
7.161982906823515238e-01 -7.476531036668538377e+01
4.998327774314569316e-01 -1.790763481431754300e+01
2.208146818303474923e+00 -2.387102583546846546e+01
2.519854959002204228e-02 2.942898820962236073e+02
1.023225734524771280e+00 1.383236931726087526e+00
9.598591869680828115e-01 2.345109037852853362e+01
2.775604504788669602e-01 -5.881293182525632091e+01
7.213262485258884471e-01 -9.521908767469533075e+00
3.987579977187991176e+00 -1.874318067658848008e+01
2.995466607535825609e+00 -1.002278520468623491e+01
inf inf
8.526467794381246135e-01 -7.638632285091709662e+00
3.134613365534830165e-01 -6.381163096127286849e+01
1.187860207404536905e-01 -5.702535084327494275e+01
2.779375556255803126e-01 -3.251257250531526211e+01
3.354385988078216752e-01 -1.602776039063997571e+00
2.686848264483674420e-01 -3.287672539258316107e+01
2.238391407240626074e-01 -4.811853160169902566e+01
3.408772868112386889e-01 -1.275195172743183925e+01
3.332444433886414675e-02 3.452210438219781281e+02
3.577068467639318849e-01 -5.395787719210328248e+01
5.054581275813901931e-01 -1.200643539819735039e+01
2.414202503694447832e-01 2.155493147011389610e+01
1.680676420563298468e+00 -6.169756521090403290e+00
3.299959899191067247e-01 -6.751045858790391208e+01
1.923710955422647528e-01 -2.885540183732967989e+01
6.406893214836988371e-01 2.008124377484208267e+01
3.869289248279666471e-01 -4.823052143794124902e+01
4.337857446469976508e-01 -2.087470731526221002e+01
1.437669611964273175e-01 1.678857257652127828e+02
1.285987363572161479e+00 -3.443211037852020429e+00
3.376155303380133921e-01 -2.645771089805926835e+01
6.281857582994483380e-01 -3.981305977136114649e+01
4.397755970980432583e-01 -1.884587855504902976e+01
9.162687446656643253e-01 -6.597036113128858403e+01
5.852069741035443862e-01 -1.132805387882795323e+01
5.279168185376971190e-01 -2.595476520893233285e+01
1.273904035272904467e-01 -5.035022838378432652e+01
2.125643549859356496e-01 -4.649155739162853251e+01
2.992916771807453968e-01 -3.942478156939889544e+01
9.664716199918314821e-02 -4.131716671423867382e+01
2.737903792330574348e-01 -3.344618463341924297e+01
1.168111688378972834e+00 -1.003410458842137531e+00
7.646766766354121669e-01 -3.830079022335722527e+01
1.616098179417857494e+00 -1.305931041563979100e+01
2.503041362653938839e-01 -5.920025920619468707e+01
5.712101137471620182e-01 -2.101543134343392794e+01
2.862949226386323764e-01 -2.492372387342568985e+01
6.361007654318958648e-01 4.939055510145511363e+00
2.833409556613136204e-01 -5.535413408506864386e+01
inf inf
5.668642324889924256e-01 9.550556201123402644e+00
2.294086182584969824e-01 -1.471864408014251424e+01
1.857632835619038303e-01 -5.723768293078214242e+01
2.044224476215989839e+01 -6.028778686623610383e+00
9.259541715418542207e-01 -3.041628044407981069e+00
5.000211199573867393e-01 -1.216461047323173794e+01
-2.093752749223445203e-02 -1.096317679195647543e+03
6.155028006096448401e+00 2.087259256436484023e+01
1.925636110104049115e+00 6.183935651432800995e+00
1.681159389613062771e-01 -2.437140184097875562e+01
2.463258380039281825e-01 -7.846041014405497549e+01
1.800670774133677765e-01 -8.562962005687823819e+01
2.497491909640849606e-01 -1.938333717965963388e+01
7.527069139781844553e-01 -3.062041673488033311e+01
6.673054111406273581e-01 7.087605487146870331e+00
5.511351810205250557e-01 -1.697875192220991636e+01
7.598831142951621986e-01 -3.434003059424364324e+01
1.832149881813280867e-01 -2.592902428417358962e+01
5.629021778951903698e-01 -5.266598353857452963e+01
3.484531373653944053e-01 -1.658749655031151704e+01
7.883341782716352109e-01 -3.086499545475023609e+01
5.022687674545633918e-01 -3.663550421765879150e+01
1.984936979669768842e-01 -4.283470439339261304e+00
1.823236869340831290e-01 -5.834856711658355977e+01
2.706594122908499989e-01 8.389147351874267855e+00
4.918291302849468472e-01 -4.696608092805256263e+01
5.181428916790629113e-01 -4.202954742352964956e+01
3.294018357648159090e-01 -2.630660259710293047e+01
3.365694941531084394e-01 1.343766885719942472e+01
8.196949592342043234e-01 -2.569426053956373934e+01
9.060867656727852548e+00 3.382917572499000158e-02
inf inf
9.703708003892448364e-01 -1.267179371844624036e+01
2.837060180888970051e-01 -3.894209784664198537e+01
5.557593051032468923e-01 -2.023602652480722597e+01
7.989964657135403270e-01 3.723614518299336851e+01
4.791285426144635817e-01 -7.095567462031598893e+01
3.610282567063362591e-01 -7.702259921523778985e+01
1.263412866467940876e-01 -5.128435258111155548e+01
2.051290961760429132e-01 -1.105157923839338352e+01
2.730169846079931739e-01 -4.390161214407204682e+01
2.066589416004185886e-01 -6.894860858480105037e+01
6.574865341326816548e-01 -3.043342396209057199e+01
9.568130791862574647e-01 -5.000686928043651669e+00
3.761491508587337385e-01 -6.080413734335046883e+01
3.305251694027421250e-01 -1.411415497883582759e+01
6.180078402234846502e-01 -3.110102100636434486e+01
5.112554365579718985e-01 -4.157069976992598015e+01
3.327638548763801052e-01 -6.219464926854139719e+01
1.976204888047505603e+00 1.163217017340070569e+01
8.163138958226204833e-01 2.008346641228277107e+00
inf inf
8.661101193307199075e-01 -1.278170794864558246e+01
2.839902262603672067e+00 2.265443805547386091e+01
9.788002836854597932e-01 1.702607448531581369e+01
5.460678568674920408e-01 -1.315583292218042111e+01
2.032893607814937609e-01 -5.144174229665242848e+01
1.269630172275765823e+01 1.995147630813653095e+01
3.163342252241002628e-01 -1.914761790806039699e+01
5.942911472224211344e+00 -5.984615128372925419e+00
2.878523542917131306e-01 -5.675119003280750007e+01
3.894067843047930300e-01 3.275223157388275297e+01
2.419067202096535363e-01 -4.746752752170984024e+01
9.571613378197054711e-01 -2.733888076978941228e+01
3.350133227845878414e-01 4.752194744607526333e-01
4.379939748248778408e-01 -4.314379582341954489e+01
1.761060030408903021e-01 -3.442971872707295944e+01
5.660666123940502059e-01 -3.003606709677201891e+01
5.579156519856232066e-01 -4.107984985404048928e+01
2.674778939346195705e-01 -6.091084979255276011e+01
1.584145484806883108e-01 -5.972821738029967520e+01
4.584937634798949557e-01 -1.723311686421006428e+01
4.651290216573429892e-01 -5.729157968850345384e+01
3.655664013757339847e-01 -3.251391588929072896e+01
5.023763117370275699e-01 -3.018095121555992932e+01
5.388553883615061491e-01 -2.123526420065179110e+01
3.770412922956855595e-01 -6.624226633003328857e+01
2.676471501510445883e+00 -5.316989109750895892e+00
2.342345279024568572e-01 -3.242481556453349612e+01
2.893922819925698331e-01 -5.999002013754167706e+01
3.131556475318434396e-01 -4.821165706235070303e+01
4.482113818170589958e-01 -4.467723167875064405e+01
2.189362136903172384e-01 -2.763849715303340915e+01
2.456608278510345467e-01 -3.916042713888644755e+01
6.714913762912785300e-01 -2.023288476483694964e+01
3.764398564972695760e-01 -3.528993215286224938e+01
1.132776810103471199e+00 2.014151547771752426e+00
3.577547375772167082e-01 -3.198789488393276415e+01
3.216536062891585113e-01 -7.983525118846678481e+01
1.500933096250265109e-01 -7.495894262863772894e+01
1.994711186591638652e-01 -3.523760044423468685e+01
3.204255290011240875e-01 -2.205187942216353036e+01
4.796211738458549534e-01 -4.293958809476252014e+01
1.528982829610146532e-01 -3.051715223717285497e+01
4.627864327233033315e-01 -4.226302054754926729e+01
3.040195646922510542e-01 -4.770118016641188774e+01
1.772764293118797685e+00 -6.200530313029744889e+00
2.581690120786722664e-01 -1.043593074889203365e+01
6.331075896015958548e-01 -3.397420671376943346e+01
2.184395215420095460e-01 -4.481600852602350216e+01
6.664601802956360288e-01 1.009779400780148784e+01
1.725552213085429221e-01 -7.830770939118042406e+01
1.492881278227234931e-01 9.530985688374707365e+01
4.580508434728194911e-01 -4.255837746030552537e+00
6.412834756379892642e-01 -3.544524963595492295e+01
-2.445680211057872297e-02 -9.367450732504248379e+01
3.204933043041354179e-01 -4.941113972388938436e+01
6.548498788012796501e-01 2.478955405493777242e+00
5.652225018020008429e-01 -2.367347590125035239e+01
2.142606980038657405e-01 -6.031661554542387194e+01
1.785852628338946702e-01 -4.541436280486762200e+01
3.783386852345267948e-01 -5.289771070666594710e+01
4.526038936039526450e-01 -2.752809466130171145e+01
2.792003607548270705e-01 -4.334287207553130372e+01
4.205981270098343994e-01 -1.395815237345656179e+01
2.995391130493835208e-01 -5.780162359678892869e+01
8.351987838486152782e+00 2.177273284071154080e+01
1.547537299030800062e+00 -2.914786409348241181e-01
inf inf
4.709128875986167140e-01 -3.334213132261076851e+01
1.636104216588540883e-01 -5.123176906183073243e+01
2.163813368237053059e+00 -4.175431066791259127e+01
2.351349312048583162e-01 -6.059949409504924489e+01
3.247625882673726982e-01 -6.536625720234781056e+01
1.992221424427300380e-01 -6.429850931636264022e+01
4.793863408228183354e-01 1.365686736002893831e+01
2.907204818873253549e-01 -1.737529752655525428e+01
2.443453708334981933e-01 -6.438102132845817493e+01
2.008684941731086193e-01 -3.913390722536583866e+01
2.870074035099571819e-01 -7.133402965471134394e+01
2.404194443970864015e-01 -8.035494435494165089e+01
5.260707817203477132e-01 -1.449713767390684538e+01
4.103903821992811451e-01 -5.659156198284497208e+01
3.382986045696021460e-01 -8.002792268743701243e+01
2.783271235862772586e-01 -6.178292326465084017e+01
3.713518076648033017e-01 -3.253349730546807450e+01
3.207124537859796787e-01 -4.688163953322854383e+01
6.495809091186260931e-01 -2.848052433925658988e+01
2.669872231458770839e-01 -5.932056403798475230e+01
3.529296681229636690e-01 -4.785586690827256007e+01
8.260365711091429697e-01 -1.653479585418522291e+01
3.028613631814949247e-01 -5.176982070059874275e+01
inf inf
2.637468915101739975e-01 -2.737864902627980968e+01
4.427532294187689343e-01 1.160145627392420842e+01
5.495284582379815763e-01 -3.676487904859192213e+01
6.205351308613916705e-01 -6.080702366953228477e+01
3.316826707554091369e-01 -2.192465974310565358e+01
6.840753176241414213e-01 -7.736038293475153704e-01
1.641454824704366433e-01 -7.430281230583204888e+01
3.425163568974918804e-01 -4.143112572003806804e+01
1.815984631855391551e-01 -6.222463001189804999e+01
1.876423678410521143e-02 8.481039069651754971e+02
1.425517668172297525e-01 -5.141249130072741025e+01
6.512157782563461339e-01 -3.217751737898925057e+01
3.722719596262621877e+01 1.733902137933050014e+01
8.356249560742027294e-01 -3.490118393118696360e+01
1.607782821890143266e-01 -6.493246360907080827e+01
3.887010249511222426e-01 -1.658679585422956748e+01
3.592686193971643682e-01 -4.067899105546077010e+01
8.655508330492592273e-02 1.823827420749132386e+02
3.832783005521335218e-01 -4.401603336251270804e+01
inf inf
3.729809355061936005e-01 -5.712296426921277259e+01
1.195335095162264744e-01 5.527359139568287816e+01
1.431010408380182231e+00 5.332704347716895832e+00
2.218764575690924112e-01 -7.309678365606919215e+01
1.063185857135937190e-01 4.129746301269547359e+01
1.038580901573734061e-01 -6.275632832485695189e+01
3.734997526501123155e-01 -4.545983537369713900e+01
4.728968555594915135e-01 -3.475010605044838030e+01
2.671848077585812220e+00 -5.723120851956354471e+01
inf inf
3.383637192718755293e-01 -6.460243897445909056e+01
4.120493367752608438e-01 -3.264193563055103908e+01
6.239511461647760271e+00 4.570989700077659812e+00
1.998010331506814563e-01 -5.325844075109256437e+01
4.067415783344792701e-01 -6.871719419141059859e+01
2.740175105171158143e-01 -5.695771736475283831e+01
2.177257803861247232e-01 -6.515006376461860782e+01
5.189511541769573633e-01 -2.472762170203261078e+01
2.086161635222949784e-01 -5.513913345088983675e+01
2.272134826179923739e-01 -6.618129075359281899e+01
inf inf
2.926317034227570701e+01 1.248345337441957525e+01
3.078876580705146582e-01 -5.081118766338237691e+01
1.387620911449294336e-01 -2.254253274856509037e+01
3.254798302137024146e-01 -3.303978612914132640e+01
1.788681267018340793e-01 -4.479614416719305581e+01
1.795570822613699324e-01 -4.438807663962321470e+01
3.878898217892543521e-01 -3.809175713545814546e+01
1.988324344504154295e-01 -6.183572169898906168e+01
7.880235881433728107e-01 -3.749081167513607227e+01
3.347224491081107978e+00 8.396604009893003706e+00
3.855634765228785898e-01 -7.345834758176206947e+01
2.689287895328843270e+00 -4.873669910602100863e+00
1.308769947660421318e+00 -2.145303192105144063e+01
7.342521470693991192e-01 -9.268648177397876609e+00
4.285718073901366720e-01 -3.775172087285791633e+01
2.839881817987474077e-01 -5.466454461943088461e+01
1.199424018401785974e-01 -1.785715916865258324e+00
4.079056751763446620e+00 4.695342022267625204e+00
1.180945446117976472e+00 -1.486885768762844506e+01
3.366105234171217764e-01 7.455468714353575876e+01
4.501039791473240292e+00 -1.940282355420283977e+01
1.965153312708138034e-01 -4.428896258324034818e+01
1.151016488447328123e-01 -6.885183073814209820e+01
1.354385807282596941e-03 7.455797907361366924e+03
1.894135073473099240e+01 6.415151366267453525e+00
3.736274614855385479e-01 -1.845993095629388137e+01
inf inf
9.060268881530173957e+00 -1.064383387885823140e+01
8.597801300800594904e-03 1.307280568521743135e+03
3.137733269979231521e-01 -2.747115416747733008e+01
3.172464920051610449e+01 1.291414692351310478e+01
4.354318163141407960e-01 -5.728796032191404919e+01
inf inf
3.031202816427917557e-01 -4.415047630662782296e+01
1.442283653770513485e+00 1.974333822538522298e+01
3.293005929051523450e-01 -1.825010288811315107e+01
1.479206350560156702e+00 3.208275508690089595e+00
3.076945544695797730e-01 -3.203134818959919983e+01
2.334250051200024434e-01 -5.941530070878157943e+01
1.229247952359089763e-01 -5.929347961730124439e+01
inf inf
2.560375908242625842e-01 1.320252609118847431e+01
7.270076113229384518e-01 -9.015738691794702220e+00
7.870533090636930296e-02 8.408923766518287835e+01
3.649081127404947278e-01 -2.289731458151208088e+01
1.461521197422755158e-01 6.283157091191532828e+01
3.096926656238515596e-01 -5.908099100602229470e+01
2.211467528087791012e-01 -4.962834769551781022e+01
1.468112905767069432e+00 2.427254697701067343e+01
2.848841040893796417e-01 -5.732880630270826572e+01
5.171756932949749253e-01 -2.241605580191901126e+01
-2.935188737372775025e-02 -8.964768405618706311e+02
2.916875402397957062e-01 -6.873398681012551492e+01
3.668100221733432975e-01 -2.349194248731296142e+01
1.650016231787703447e+01 2.104435646813107041e+01
2.096759228057435698e-01 -2.370003159365639434e+01
6.011539147692954721e-01 -1.347666665501968097e+01
6.293499811697697011e-01 -1.294387570267975462e+01
1.297631412686406138e+00 1.308542348233242869e+01
1.843049382815726611e+00 -1.258860097802203448e+01
8.802745975335994899e-01 8.098701392370925234e+00
1.579819768101675237e+00 5.767140148675397454e-02
4.230222143454287487e-01 -5.709172741281165031e+01
inf inf
4.666589370975277262e+00 -3.882016258240108542e+00
4.594849072706256310e-01 -4.821357500628302262e+01
1.939229259306338993e-01 -8.060373100547754177e+01
2.632572009427560089e-01 -5.681688547703943470e+01
6.082911862965273420e-01 -4.126561874322232626e+01
4.868546190881864355e+00 -7.847091439879078090e-01
4.164698548857134752e-01 -3.045718684977108026e+01
4.060100531631348764e-01 -1.590191784072447945e+01
6.706758321492588271e-02 -6.961948706813146259e+01
2.482710172066743548e-01 9.896041013805199071e+00
1.812135442745530511e+00 1.835342471490869487e+00
3.431008488701551284e-01 -4.104731197506121987e+01
7.142172633854503017e-02 -6.520921710715491315e+01
4.224483647757179550e-01 -6.030507005364717088e+01
1.891569498190888710e-01 -7.939803560711936825e+01
2.212367931390192555e-01 -4.357729942161111580e+01
9.130813449814867422e-01 -1.746896848730907692e+01
3.581289020599566220e-01 3.743696707104818699e+01
1.878104057824025341e+00 1.490806403718073270e+01
2.445708217381431515e-01 -3.923267912176832084e+01
5.871485124842279468e-01 -3.396768359237393042e+01
5.376086868683053188e-01 -6.795102373978565424e+01
2.195590743262553213e-01 -3.786984777120497370e+01
3.773167344878820550e-01 -2.186835716511572869e+01
7.672445764424784542e-01 -6.001463929321959512e+01
2.899864361468605378e-01 -5.559204603489163787e+01
5.004032662423407718e-01 -3.552607708255557384e+01
1.158209912653294094e-01 -1.081909817846804884e+02
7.590055361464606021e-01 -8.225497784601570572e+01
2.057991474671766741e-01 -1.972585690678075210e+01
1.146612494067775351e-01 2.794616267557705314e+01
inf inf
5.907280006982226217e-01 -5.728115345784890167e+01
3.206775901140979812e+01 -1.232557290831226915e+01
8.471237924007971598e-01 -9.128963812323551963e+01
2.648710653378066882e-01 -1.977377691567828499e+00
inf inf
4.589494263641895055e-01 -7.441879297344182476e+01
1.447286143284508331e+00 -2.555087287500994897e+00
5.970185010326670705e-01 -5.734104958068037661e+01
2.076953156036957793e-01 4.430115686569322975e+01
4.598760155791181692e-01 -4.943376849029876041e+01
2.939167035634238090e-01 -6.624495967074024350e+01
4.298096868914164093e-01 -4.863358265436789196e+01
1.257650985490660567e+00 -7.269873221593901746e+01
7.273289838857707190e-01 -2.992844922591310208e+01
2.105885088588929088e-01 -7.586226684948452714e+01
