5.007808000000000000e+06
inf
4.870636000000000000e+06
1.056331000000000000e+07
4.870636000000000000e+06
5.007808000000000000e+06
6.448124000000000000e+06
inf
5.350740000000000000e+06
1.899944000000000000e+07
7.408334000000000000e+06
7.957024000000000000e+06
4.321944000000000000e+06
inf
5.007808000000000000e+06
4.047599000000000000e+06
5.076395000000000000e+06
inf
5.007808000000000000e+06
7.957024000000000000e+06
1.000000000000000000e+08
7.682679000000000000e+06
1.783347000000000000e+07
4.939222000000000000e+06
inf
5.487914000000000000e+06
7.271160000000000000e+06
9.191580000000000000e+06
7.751266000000000000e+06
9.260167000000000000e+06
4.321944000000000000e+06
1.433556000000000000e+07
5.076395000000000000e+06
5.693673000000000000e+06
5.007808000000000000e+06
5.487914000000000000e+06
3.498908000000000000e+06
inf
3.155975000000000000e+06
6.516710000000000000e+06
6.242364000000000000e+06
4.253358000000000000e+06
9.740272000000000000e+06
6.242364000000000000e+06
5.350740000000000000e+06
9.122994000000000000e+06
5.899432000000000000e+06
1.214080000000000000e+07
4.527704000000000000e+06
6.310950000000000000e+06
6.585296000000000000e+06
4.390531000000000000e+06
7.408334000000000000e+06
5.350740000000000000e+06
6.859642000000000000e+06
9.465926000000000000e+06
5.556500000000000000e+06
3.979012000000000000e+06
5.968018000000000000e+06
1.399263000000000000e+07
5.487914000000000000e+06
5.419327000000000000e+06
6.242364000000000000e+06
6.173778000000000000e+06
5.556500000000000000e+06
6.722469000000000000e+06
5.693673000000000000e+06
6.722469000000000000e+06
6.036605000000000000e+06
5.076395000000000000e+06
4.802050000000000000e+06
3.704667000000000000e+06
7.614092000000000000e+06
7.957024000000000000e+06
7.202574000000000000e+06
4.047599000000000000e+06
6.722469000000000000e+06
3.018802000000000000e+06
2.127179000000000000e+06
6.036605000000000000e+06
7.957024000000000000e+06
6.585296000000000000e+06
1.749054000000000000e+07
6.653882000000000000e+06
6.173778000000000000e+06
6.242364000000000000e+06
6.722469000000000000e+06
5.282154000000000000e+06
1.035755000000000000e+07
3.224562000000000000e+06
8.917235000000000000e+06
3.773253000000000000e+06
1.701043000000000000e+07
6.379537000000000000e+06
4.459118000000000000e+06
5.350740000000000000e+06
inf
2.009682000000000000e+07
1.845075000000000000e+07
9.191580000000000000e+06
8.642889000000000000e+06
5.625086000000000000e+06
inf
7.476920000000000000e+06
9.877444000000000000e+06
1.090624000000000000e+07
9.877444000000000000e+06
9.946031000000000000e+06
8.985821000000000000e+06
1.220938000000000000e+07
5.007808000000000000e+06
6.344344000000000000e+07
1.049472000000000000e+07
6.448124000000000000e+06
7.339747000000000000e+06
7.408334000000000000e+06
9.808858000000000000e+06
9.122994000000000000e+06
1.467849000000000000e+07
8.368543000000000000e+06
8.848648000000000000e+06
1.303242000000000000e+07
6.859642000000000000e+06
inf
8.780062000000000000e+06
inf
8.848648000000000000e+06
inf
7.408334000000000000e+06
1.879368000000000000e+07
1.536436000000000000e+07
6.105192000000000000e+06
8.985821000000000000e+06
5.350740000000000000e+06
5.556500000000000000e+06
5.899432000000000000e+06
2.332938000000000000e+06
1.275807000000000000e+07
1.124917000000000000e+07
1.399263000000000000e+07
inf
5.830846000000000000e+06
2.002823000000000000e+07
5.830846000000000000e+06
7.065401000000000000e+06
inf
inf
3.087389000000000000e+06
8.094198000000000000e+06
4.253358000000000000e+06
1.049472000000000000e+07
1.742195000000000000e+07
8.299957000000000000e+06
6.173778000000000000e+06
inf
1.755912000000000000e+07
6.928228000000000000e+06
1.351253000000000000e+07
5.899432000000000000e+06
7.819852000000000000e+06
8.505716000000000000e+06
5.350740000000000000e+06
6.105192000000000000e+06
8.231370000000000000e+06
1.262090000000000000e+07
inf
8.780062000000000000e+06
2.195766000000000000e+06
9.534512000000000000e+06
6.653882000000000000e+06
7.888438000000000000e+06
1.200362000000000000e+07
inf
2.757274000000000000e+07
6.516710000000000000e+06
2.119420000000000000e+07
inf
6.310950000000000000e+06
4.321944000000000000e+06
1.227797000000000000e+07
9.122994000000000000e+06
1.330677000000000000e+07
1.961672000000000000e+07
5.350740000000000000e+06
inf
2.881630000000000000e+06
6.036605000000000000e+06
6.928228000000000000e+06
2.825860000000000000e+07
5.830846000000000000e+06
inf
inf
inf
8.848648000000000000e+06
inf
7.957024000000000000e+06
5.213568000000000000e+06
7.682679000000000000e+06
8.231370000000000000e+06
8.368543000000000000e+06
1.248373000000000000e+07
inf
1.460991000000000000e+07
1.536436000000000000e+07
inf
inf
inf
2.366331000000000000e+07
inf
2.950216000000000000e+06
inf
2.881630000000000000e+06
inf
inf
7.202574000000000000e+06
1.015179000000000000e+07
1.392404000000000000e+07
5.762260000000000000e+06
1.255232000000000000e+07
1.632457000000000000e+07
inf
8.917235000000000000e+06
5.419327000000000000e+06
1.392404000000000000e+07
5.899432000000000000e+06
6.722469000000000000e+06
5.625086000000000000e+06
9.808858000000000000e+06
9.946031000000000000e+06
1.268949000000000000e+07
1.543294000000000000e+07
1.001462000000000000e+07
inf
9.465926000000000000e+06
5.899432000000000000e+06
6.928228000000000000e+06
7.682679000000000000e+06
7.545506000000000000e+06
7.957024000000000000e+06
6.928228000000000000e+06
6.859642000000000000e+06
6.859642000000000000e+06
4.733463000000000000e+06
6.791056000000000000e+06
3.841840000000000000e+06
2.222300000000000000e+07
6.379537000000000000e+06
6.036605000000000000e+06
7.202574000000000000e+06
1.323818000000000000e+07
inf
3.841840000000000000e+06
7.682679000000000000e+06
7.545506000000000000e+06
inf
9.671685000000000000e+06
4.116185000000000000e+06
7.408334000000000000e+06
6.653882000000000000e+06
8.231370000000000000e+06
inf
6.653882000000000000e+06
7.133988000000000000e+06
8.437130000000000000e+06
8.437130000000000000e+06
7.202574000000000000e+06
8.231370000000000000e+06
4.047599000000000000e+06
inf
1.234656000000000000e+07
8.917235000000000000e+06
8.848648000000000000e+06
1.344394000000000000e+07
2.753457000000000116e+05
8.642889000000000000e+06
1.090624000000000000e+07
inf
inf
1.248373000000000000e+07
inf
5.076395000000000000e+06
1.214080000000000000e+07
8.711475000000000000e+06
inf
2.098844000000000000e+07
7.271160000000000000e+06
6.310950000000000000e+06
7.408334000000000000e+06
inf
3.910426000000000000e+06
2.860154000000000000e+07
6.859642000000000000e+06
5.830846000000000000e+06
9.191580000000000000e+06
2.470111000000000000e+06
3.773253000000000000e+06
9.328753000000000000e+06
inf
1.022038000000000000e+07
1.515860000000000000e+07
4.939222000000000000e+06
5.899432000000000000e+06
1.083765000000000000e+07
inf
6.928228000000000000e+06
4.279892000000000000e+07
inf
inf
3.998688000000000000e+07
inf
2.002823000000000000e+07
1.056331000000000000e+07
inf
7.888438000000000000e+06
5.419327000000000000e+06
5.419327000000000000e+06
7.888438000000000000e+06
3.841840000000000000e+06
5.625086000000000000e+06
5.830846000000000000e+06
3.155975000000000000e+06
5.968018000000000000e+06
7.682679000000000000e+06
6.242364000000000000e+06
6.722469000000000000e+06
5.282154000000000000e+06
8.231370000000000000e+06
5.693673000000000000e+06
8.368543000000000000e+06
inf
5.762260000000000000e+06
5.968018000000000000e+06
8.917235000000000000e+06
4.184772000000000000e+06
6.722469000000000000e+06
inf
inf
inf
2.538698000000000000e+06
4.664876000000000000e+06
9.740272000000000000e+06
4.390531000000000000e+06
5.076395000000000000e+06
6.242364000000000000e+06
2.058593000000000000e+06
5.144982000000000000e+06
6.448124000000000000e+06
6.996815000000000000e+06
inf
8.642889000000000000e+06
5.899432000000000000e+06
2.813043000000000000e+06
5.830846000000000000e+06
inf
3.430321000000000000e+06
1.701043000000000000e+07
6.242364000000000000e+06
7.133988000000000000e+06
9.191580000000000000e+06
6.448124000000000000e+06
2.813043000000000000e+06
5.282154000000000000e+06
5.076395000000000000e+06
4.253358000000000000e+06
5.625086000000000000e+06
inf
5.007808000000000000e+06
5.968018000000000000e+06
5.968018000000000000e+06
8.162784000000000000e+06
1.042614000000000000e+07
9.946031000000000000e+06
4.939222000000000000e+06
7.819852000000000000e+06
inf
5.350740000000000000e+06
6.105192000000000000e+06
3.498908000000000000e+06
6.585296000000000000e+06
inf
5.213568000000000000e+06
2.127179000000000000e+06
6.036605000000000000e+06
5.556500000000000000e+06
