1.619910999999999962e-11
1.946942999999999896e-11
1.076571999999999989e-11
1.392162000000000021e-11
1.429918000000000007e-11
1.443808999999999992e-11
1.415860999999999999e-11
2.421048999999999997e-13
1.199914000000000010e-11
inf
1.661625000000000001e-11
1.161895000000000069e-11
2.004721999999999907e-11
1.186997000000000056e-11
1.454097999999999930e-11
1.409957000000000068e-11
1.267405000000000010e-11
1.556458999999999921e-11
1.068256999999999938e-11
1.110104999999999943e-11
1.113440999999999920e-11
1.395184000000000005e-11
9.794150000000000631e-12
1.271535999999999925e-11
1.197006000000000080e-11
1.844987000000000083e-11
1.252561999999999929e-11
1.156815999999999945e-11
3.035556000000000157e-11
1.760092000000000049e-11
1.378475000000000021e-11
1.351900999999999936e-11
1.619836999999999896e-11
2.403201000000000031e-11
1.163606000000000000e-11
1.272612999999999961e-11
5.343880999999999815e-12
1.453187000000000076e-11
1.121462000000000053e-11
1.096098000000000042e-11
1.881372999999999884e-11
1.173146999999999989e-11
2.174749000000000107e-11
1.183336000000000038e-11
1.150242000000000018e-11
9.349734000000000275e-12
1.283654999999999986e-11
1.500683000000000059e-11
1.113744000000000025e-11
1.919922000000000107e-11
1.167897999999999958e-11
1.125011999999999973e-11
1.123510999999999937e-11
1.419562000000000005e-11
9.007116000000000614e-12
1.062676000000000025e-11
1.277833999999999985e-11
1.229122000000000021e-11
1.158996000000000002e-11
3.539214000000000110e-12
1.401295000000000039e-11
1.707246000000000054e-11
1.633010999999999897e-11
2.724906999999999831e-12
1.356243000000000000e-11
5.863604000000000063e-12
7.830258000000000662e-12
1.321010999999999933e-11
1.043992000000000061e-11
3.988516999999999937e-12
1.181628999999999993e-11
inf
1.964542999999999983e-11
1.793466000000000145e-11
1.288192000000000010e-11
1.171155999999999983e-11
9.460053999999999345e-12
7.125680000000000390e-12
1.673515999999999955e-11
1.084554000000000066e-11
1.420587000000000074e-11
1.556022999999999942e-11
inf
inf
9.821397000000000020e-12
3.878113999999999968e-11
1.156407999999999973e-11
5.552293000000000079e-12
9.157481999999999410e-12
1.060006999999999928e-11
9.482392000000000294e-12
1.206840999999999987e-11
1.134309999999999920e-11
1.016984999999999952e-11
1.378083000000000076e-11
8.791242000000000760e-12
7.305235999999999792e-12
1.582674000000000048e-11
1.294095999999999942e-11
1.260185999999999978e-11
9.022757000000000103e-12
1.072870000000000052e-11
6.334330999999999901e-12
1.164850999999999920e-11
1.171359999999999969e-11
1.205137000000000058e-11
1.982057000000000023e-12
9.845519000000000066e-12
9.129673999999999292e-12
1.478950000000000034e-11
1.182158999999999951e-11
1.149979000000000062e-11
3.099068999999999868e-12
1.354413999999999968e-11
1.001920999999999927e-11
inf
1.714197000000000153e-11
1.204257999999999936e-11
1.052540000000000077e-12
1.258119000000000044e-11
6.951975000000000374e-12
8.200013999999999798e-12
7.356537000000000362e-12
1.667248999999999856e-11
1.572381000000000063e-11
5.475368999999999749e-12
1.983623999999999869e-12
1.198935000000000000e-11
1.504881000000000038e-11
1.683043000000000102e-11
1.118593999999999949e-11
7.475398999999999659e-12
1.213324999999999982e-11
1.904720000000000067e-11
9.330796999999999666e-12
1.277761999999999943e-11
9.808652000000000158e-12
6.256151999999999695e-12
6.819472999999999936e-12
1.083044999999999936e-11
8.227107999999999723e-12
1.305997999999999945e-11
inf
6.306616999999999925e-12
1.251021000000000067e-11
2.235812000000000127e-11
5.732157000000000371e-12
1.107380999999999924e-11
3.868491999999999911e-11
1.056735000000000061e-11
9.502104000000000766e-12
1.133662999999999953e-11
1.158026999999999949e-11
1.043337000000000000e-11
1.045103999999999946e-11
1.267543999999999955e-11
1.255477999999999954e-11
1.295266000000000027e-11
1.408685000000000071e-11
inf
7.031113999999999801e-12
1.121591999999999973e-11
inf
7.173849999999999770e-12
1.234760000000000042e-11
7.978396999999999896e-12
9.054335000000000314e-12
inf
7.883551999999999809e-12
1.503649000000000028e-11
9.666518000000000352e-12
2.007523999999999878e-11
2.271152000000000014e-12
7.382822000000000184e-12
1.027797999999999939e-11
7.592139000000000230e-12
inf
1.649698999999999876e-11
8.229925000000000599e-12
9.261206999999999354e-12
8.079826999999999798e-12
inf
inf
8.001882999999999539e-12
3.998818999999999947e-12
1.209174999999999924e-11
9.543365000000000705e-12
1.327508999999999933e-11
9.665091999999999506e-12
1.375772000000000007e-11
1.220358000000000080e-11
1.134531999999999956e-11
1.310171999999999963e-11
3.905190000000000165e-11
1.128778000000000019e-11
1.168072000000000074e-11
6.593356000000000204e-12
1.014346999999999979e-11
2.991024999999999970e-12
inf
8.755656999999999352e-12
9.020706999999999319e-12
3.882112999999999616e-12
1.361150999999999962e-11
5.997465999999999600e-12
7.348956000000000740e-12
7.531086999999999452e-12
1.883424999999999883e-11
1.060458000000000004e-11
8.635796000000000132e-12
9.136043000000000434e-12
8.401339999999999419e-12
9.607416000000000792e-12
1.308737000000000061e-11
2.449826999999999917e-11
4.061080999999999667e-12
7.780116000000000289e-12
1.016733999999999977e-11
1.161664999999999938e-11
1.292307000000000059e-11
1.030066999999999997e-11
1.781523999999999952e-12
1.102029999999999980e-11
1.195034999999999986e-11
1.705738999999999988e-12
1.069965000000000076e-11
4.159498000000000256e-12
1.387125000000000070e-11
4.656986999999999814e-12
1.225109999999999977e-11
8.823312000000000643e-12
1.299887000000000073e-11
1.120666999999999954e-11
6.808435999999999728e-12
9.409601000000000388e-12
9.366031000000000403e-12
7.756412999999999779e-12
1.197538000000000062e-11
1.198941000000000071e-11
9.422159000000000545e-12
1.507490000000000072e-11
3.794169000000000006e-12
1.089078999999999948e-11
1.240227000000000063e-11
9.617440000000000266e-12
inf
9.074116000000000227e-12
6.179095999999999907e-12
3.838538999999999746e-12
1.014559000000000060e-11
1.279738000000000014e-11
1.012423000000000037e-11
1.168817999999999998e-11
1.191382000000000062e-11
1.970099000000000005e-11
1.162387999999999994e-11
1.118030000000000074e-11
7.241929000000000251e-12
2.282871000000000118e-12
7.858083999999999861e-12
9.524281999999999826e-12
2.240680000000000101e-11
2.039048999999999867e-11
1.509764999999999878e-11
3.139861000000000165e-11
inf
5.133774999999999902e-12
1.096224000000000076e-11
1.161279000000000064e-11
1.084742999999999955e-11
1.613740000000000028e-11
1.226548999999999927e-11
3.150971000000000024e-12
2.139785999999999825e-12
1.214414999999999930e-11
1.350878000000000053e-11
9.248369000000000737e-12
2.537565999999999772e-13
1.456695999999999956e-12
1.793908999999999965e-11
5.942555999999999786e-12
2.905906999999999969e-12
8.925999000000000769e-12
8.803755999999999752e-12
3.739868999999999824e-13
1.021083999999999974e-11
9.841574999999999694e-12
1.054431999999999924e-11
1.189539999999999958e-11
4.654617000000000098e-12
1.094205000000000062e-11
1.169061999999999972e-11
1.544169999999999952e-11
1.224505000000000021e-11
inf
2.029958000000000023e-11
4.021188999999999982e-12
1.262263999999999962e-11
1.227000000000000002e-11
4.948369999999999846e-12
1.186545999999999981e-11
1.345648999999999934e-11
9.359877000000000589e-12
1.185379999999999943e-11
1.247213000000000009e-11
inf
6.410000000000000354e-12
1.271230000000000027e-11
inf
9.656880000000000752e-12
8.940961999999999844e-12
1.590855999999999901e-11
inf
6.984579999999999709e-12
2.344438000000000032e-11
1.788783999999999944e-11
1.083257999999999947e-11
1.012582000000000057e-11
1.155140000000000024e-11
9.711837999999999194e-12
1.181438000000000080e-11
1.241239000000000059e-11
1.153439999999999980e-11
1.886721999999999965e-11
1.459005000000000123e-11
2.394477000000000077e-11
9.302674000000000272e-12
1.242343999999999942e-11
1.904321000000000121e-11
1.201910999999999926e-11
1.099720999999999934e-11
1.142174999999999987e-11
6.658521000000000361e-12
1.204695000000000008e-11
3.832633000000000114e-12
9.716444999999999398e-12
inf
8.044010000000000174e-12
1.076796000000000050e-11
1.932513999999999857e-11
1.660065999999999926e-11
1.045313000000000072e-11
1.548536999999999907e-11
9.732310000000000563e-12
2.300788000000000071e-11
1.174830000000000074e-11
1.527227000000000112e-11
1.416662999999999938e-11
9.851722000000000701e-12
1.058113999999999948e-11
1.399116000000000074e-11
1.256048000000000062e-11
1.189462000000000006e-11
inf
1.324067999999999927e-11
1.040050000000000036e-11
5.373073999999999729e-12
inf
9.552617999999999393e-12
1.663331999999999884e-11
2.763903999999999933e-11
1.517751999999999933e-11
1.159947000000000005e-11
7.561062000000000039e-12
1.471565000000000142e-11
1.466710999999999848e-11
3.427284000000000202e-12
1.390911999999999960e-11
1.699569999999999876e-11
1.811041000000000017e-11
1.477587999999999944e-11
1.375252000000000005e-11
1.153730000000000012e-11
1.754555999999999941e-11
1.077328000000000032e-11
8.410102000000000630e-12
4.993242000000000182e-12
6.241556000000000027e-12
8.954304000000000212e-12
1.726299000000000094e-11
1.414399999999999951e-11
1.139670000000000050e-11
1.356966000000000056e-11
1.291747000000000070e-11
