4.802050000000000000e+06
5.213568000000000000e+06
6.928228000000000000e+06
6.859642000000000000e+06
5.144982000000000000e+06
4.184772000000000000e+06
6.928228000000000000e+06
5.076395000000000000e+06
4.390531000000000000e+06
4.664876000000000000e+06
4.733463000000000000e+06
5.625086000000000000e+06
6.928228000000000000e+06
4.253358000000000000e+06
inf
7.408334000000000000e+06
4.870636000000000000e+06
inf
5.144982000000000000e+06
6.105192000000000000e+06
6.516710000000000000e+06
6.585296000000000000e+06
2.455494000000000000e+07
inf
4.870636000000000000e+06
6.242364000000000000e+06
5.693673000000000000e+06
7.476920000000000000e+06
7.271160000000000000e+06
7.614092000000000000e+06
4.527704000000000000e+06
2.881630000000000000e+06
8.642889000000000000e+06
5.968018000000000000e+06
5.762260000000000000e+06
5.762260000000000000e+06
6.105192000000000000e+06
5.007808000000000000e+06
9.260167000000000000e+06
9.054407000000000000e+06
5.693673000000000000e+06
5.625086000000000000e+06
4.802050000000000000e+06
6.448124000000000000e+06
1.056331000000000000e+07
4.939222000000000000e+06
4.802050000000000000e+06
7.202574000000000000e+06
inf
8.711475000000000000e+06
6.448124000000000000e+06
5.213568000000000000e+06
4.802050000000000000e+06
1.262090000000000000e+07
5.282154000000000000e+06
4.870636000000000000e+06
6.310950000000000000e+06
5.213568000000000000e+06
4.870636000000000000e+06
6.448124000000000000e+06
1.063190000000000000e+07
7.408334000000000000e+06
5.762260000000000000e+06
4.116185000000000000e+06
4.321944000000000000e+06
4.596290000000000000e+06
9.054407000000000000e+06
5.213568000000000000e+06
5.007808000000000000e+06
8.299957000000000000e+06
1.172928000000000000e+07
5.144982000000000000e+06
5.556500000000000000e+06
8.368543000000000000e+06
5.350740000000000000e+06
5.076395000000000000e+06
5.899432000000000000e+06
4.939222000000000000e+06
8.094198000000000000e+06
5.213568000000000000e+06
4.047599000000000000e+06
7.339747000000000000e+06
1.063190000000000000e+07
5.419327000000000000e+06
6.859642000000000000e+06
4.870636000000000000e+06
1.611881000000000000e+07
5.556500000000000000e+06
inf
1.262090000000000000e+07
5.899432000000000000e+06
5.350740000000000000e+06
8.917235000000000000e+06
7.202574000000000000e+06
1.124917000000000000e+07
4.939222000000000000e+06
4.253358000000000000e+06
1.166069000000000000e+07
7.476920000000000000e+06
1.070048000000000000e+07
5.556500000000000000e+06
5.968018000000000000e+06
6.310950000000000000e+06
5.899432000000000000e+06
8.025611000000000000e+06
7.957024000000000000e+06
1.056331000000000000e+07
7.751266000000000000e+06
1.241514000000000000e+07
9.191580000000000000e+06
1.728478000000000000e+07
7.819852000000000000e+06
5.625086000000000000e+06
5.899432000000000000e+06
7.545506000000000000e+06
5.762260000000000000e+06
6.379537000000000000e+06
5.419327000000000000e+06
8.094198000000000000e+06
5.076395000000000000e+06
inf
1.515860000000000000e+07
1.035755000000000000e+07
6.516710000000000000e+06
1.392404000000000000e+07
9.603099000000000000e+06
5.213568000000000000e+06
6.242364000000000000e+06
7.408334000000000000e+06
7.888438000000000000e+06
6.379537000000000000e+06
8.711475000000000000e+06
8.505716000000000000e+06
5.487914000000000000e+06
5.556500000000000000e+06
7.202574000000000000e+06
6.173778000000000000e+06
6.859642000000000000e+06
4.459118000000000000e+06
5.762260000000000000e+06
inf
1.399263000000000000e+07
9.877444000000000000e+06
7.682679000000000000e+06
1.563870000000000000e+07
7.614092000000000000e+06
4.802050000000000000e+06
7.682679000000000000e+06
6.310950000000000000e+06
6.928228000000000000e+06
7.476920000000000000e+06
1.611881000000000000e+07
6.859642000000000000e+06
1.118059000000000000e+07
1.447274000000000000e+07
6.310950000000000000e+06
6.379537000000000000e+06
2.043975000000000000e+07
5.830846000000000000e+06
1.399263000000000000e+07
6.242364000000000000e+06
8.985821000000000000e+06
8.162784000000000000e+06
8.025611000000000000e+06
7.339747000000000000e+06
6.173778000000000000e+06
7.271160000000000000e+06
1.563870000000000000e+07
1.392404000000000000e+07
1.022038000000000000e+07
6.722469000000000000e+06
7.133988000000000000e+06
7.751266000000000000e+06
7.957024000000000000e+06
2.078269000000000000e+07
5.968018000000000000e+06
7.202574000000000000e+06
7.819852000000000000e+06
6.310950000000000000e+06
7.133988000000000000e+06
7.819852000000000000e+06
1.947954000000000000e+07
7.819852000000000000e+06
1.193504000000000000e+07
5.487914000000000000e+06
1.351253000000000000e+07
6.242364000000000000e+06
1.893085000000000000e+07
7.751266000000000000e+06
2.023399000000000000e+07
9.740272000000000000e+06
3.607746000000000000e+07
7.614092000000000000e+06
1.454132000000000000e+07
1.323818000000000000e+07
7.339747000000000000e+06
1.049472000000000000e+07
5.625086000000000000e+06
7.408334000000000000e+06
6.105192000000000000e+06
7.339747000000000000e+06
3.772353000000000000e+07
1.028896000000000000e+07
7.339747000000000000e+06
9.671685000000000000e+06
7.614092000000000000e+06
3.847798000000000000e+07
inf
8.848648000000000000e+06
7.476920000000000000e+06
4.184772000000000000e+06
7.545506000000000000e+06
7.751266000000000000e+06
6.639266000000000000e+07
6.173778000000000000e+06
2.798426000000000000e+07
8.574302000000000000e+06
7.751266000000000000e+06
8.094198000000000000e+06
6.653882000000000000e+06
7.408334000000000000e+06
1.598164000000000000e+07
6.448124000000000000e+06
5.350740000000000000e+06
8.780062000000000000e+06
6.791056000000000000e+06
8.368543000000000000e+06
9.191580000000000000e+06
1.166069000000000000e+07
8.025611000000000000e+06
6.791056000000000000e+06
inf
8.231370000000000000e+06
1.454132000000000000e+07
1.241514000000000000e+07
6.448124000000000000e+06
1.886227000000000000e+07
8.574302000000000000e+06
9.534512000000000000e+06
8.642889000000000000e+06
5.899432000000000000e+06
5.968018000000000000e+06
8.025611000000000000e+06
7.133988000000000000e+06
2.195766000000000000e+06
1.762771000000000000e+07
7.408334000000000000e+06
7.888438000000000000e+06
6.928228000000000000e+06
5.350740000000000000e+06
7.271160000000000000e+06
inf
7.339747000000000000e+06
7.682679000000000000e+06
1.214080000000000000e+07
5.899432000000000000e+06
6.036605000000000000e+06
6.516710000000000000e+06
7.476920000000000000e+06
2.215441000000000000e+07
8.505716000000000000e+06
inf
6.379537000000000000e+06
8.505716000000000000e+06
8.231370000000000000e+06
1.310101000000000000e+07
8.299957000000000000e+06
5.007808000000000000e+06
5.419327000000000000e+06
1.186645000000000000e+07
8.437130000000000000e+06
6.653882000000000000e+06
inf
2.195766000000000000e+06
5.213568000000000000e+06
1.694185000000000000e+07
6.859642000000000000e+06
1.515860000000000000e+07
8.848648000000000000e+06
3.408845000000000000e+07
4.870636000000000000e+06
9.054407000000000000e+06
8.848648000000000000e+06
1.207221000000000000e+07
8.368543000000000000e+06
5.693673000000000000e+06
9.054407000000000000e+06
1.186645000000000000e+07
5.899432000000000000e+06
1.022038000000000000e+07
1.022038000000000000e+07
7.888438000000000000e+06
8.505716000000000000e+06
5.076395000000000000e+06
6.653882000000000000e+06
1.364970000000000000e+07
8.299957000000000000e+06
4.733463000000000000e+06
1.111200000000000000e+07
inf
4.184772000000000000e+06
7.476920000000000000e+06
8.780062000000000000e+06
1.990006000000000000e+06
7.476920000000000000e+06
inf
6.653882000000000000e+06
1.502143000000000000e+07
9.534512000000000000e+06
7.339747000000000000e+06
1.255232000000000000e+07
1.275807000000000000e+07
5.076395000000000000e+06
inf
5.625086000000000000e+06
5.419327000000000000e+06
6.516710000000000000e+06
1.769630000000000000e+07
5.282154000000000000e+06
5.693673000000000000e+06
5.076395000000000000e+06
8.299957000000000000e+06
1.008320000000000000e+07
8.985821000000000000e+06
5.693673000000000000e+06
5.625086000000000000e+06
6.310950000000000000e+06
4.321944000000000000e+06
5.350740000000000000e+06
6.173778000000000000e+06
1.234656000000000000e+07
1.433556000000000000e+07
6.585296000000000000e+06
5.076395000000000000e+06
5.762260000000000000e+06
9.946031000000000000e+06
inf
9.877444000000000000e+06
5.762260000000000000e+06
6.516710000000000000e+06
4.870636000000000000e+06
4.390531000000000000e+06
8.299957000000000000e+06
1.028896000000000000e+07
9.054407000000000000e+06
4.390531000000000000e+06
8.642889000000000000e+06
5.007808000000000000e+06
6.448124000000000000e+06
6.242364000000000000e+06
6.722469000000000000e+06
9.122994000000000000e+06
9.877444000000000000e+06
4.527704000000000000e+06
5.899432000000000000e+06
6.105192000000000000e+06
5.968018000000000000e+06
5.213568000000000000e+06
4.527704000000000000e+06
6.105192000000000000e+06
5.350740000000000000e+06
4.733463000000000000e+06
5.968018000000000000e+06
2.530939000000000000e+07
7.957024000000000000e+06
6.242364000000000000e+06
4.870636000000000000e+06
5.487914000000000000e+06
inf
4.664876000000000000e+06
3.087389000000000000e+06
5.899432000000000000e+06
5.899432000000000000e+06
inf
6.585296000000000000e+06
3.861516000000000000e+07
7.408334000000000000e+06
5.076395000000000000e+06
8.094198000000000000e+06
5.556500000000000000e+06
6.105192000000000000e+06
6.516710000000000000e+06
9.260167000000000000e+06
7.819852000000000000e+06
