8.223541000000000000e+09
2.298345000000000000e+09
2.930185000000000000e+09
3.101251000000000000e+09
1.277552000000000000e+09
2.614949000000000000e+09
1.920355000000000000e+09
inf
3.768339000000000000e+09
3.734159000000000000e+09
2.639045000000000000e+09
9.286701000000000000e+08
3.288657000000000000e+08
2.332527000000000000e+09
2.705157000000000000e+09
inf
inf
1.443897000000000000e+09
7.365704000000000000e+08
2.010701000000000000e+09
8.026511000000000000e+08
4.132083000000000000e+09
3.790021000000000000e+09
4.897440000000000000e+09
inf
5.154191000000000000e+09
1.760304000000000000e+09
2.759555000000000000e+09
8.915434000000000000e+08
2.847379000000000000e+09
inf
3.667626000000000000e+09
3.847580000000000000e+09
1.945524000000000000e+09
3.628583000000000000e+08
2.741180000000000000e+09
5.708021000000000000e+09
inf
3.021586000000000000e+09
1.398823000000000000e+09
2.985973000000000000e+09
2.043587000000000000e+07
8.352849000000000000e+08
2.650727000000000000e+09
2.397909000000000000e+09
inf
6.834366000000000000e+07
2.430648000000000000e+09
2.196784000000000000e+09
4.864887000000000000e+09
6.753185000000000000e+08
inf
1.301276000000000000e+09
2.142829000000000000e+09
2.308818000000000000e+09
5.166319000000000000e+09
3.665585000000000000e+09
inf
3.053805000000000000e+09
4.530690000000000000e+09
3.221055000000000000e+09
2.507349000000000000e+08
1.604642000000000000e+09
1.899382000000000000e+09
3.867056000000000000e+07
inf
9.120647000000000000e+07
2.481468000000000000e+09
inf
6.156128000000000000e+09
1.434151000000000000e+09
3.593593000000000000e+09
1.404752000000000000e+09
1.604056000000000000e+09
6.847252000000000000e+09
4.804563000000000000e+09
1.122156000000000000e+10
7.298091000000000000e+07
4.106772000000000000e+07
inf
9.397126000000000000e+07
1.932255000000000000e+09
3.230533000000000000e+09
2.905627000000000000e+09
2.830708000000000000e+09
8.233821000000000000e+08
2.645404000000000000e+10
4.282872000000000000e+09
1.966286000000000000e+10
5.841745000000000000e+07
inf
inf
4.920336000000000000e+07
2.784048000000000000e+09
3.269011000000000000e+09
2.956489000000000000e+09
4.086264000000000000e+09
2.811377000000000000e+09
2.208199000000000000e+09
1.270161000000000000e+09
7.243767000000000000e+07
inf
5.248651000000000000e+10
1.899450000000000000e+09
3.173338000000000000e+09
inf
3.349435000000000000e+07
3.923202000000000000e+09
1.703402000000000000e+09
4.469919000000000000e+07
1.427562000000000000e+08
5.024452000000000000e+09
inf
inf
1.001643000000000000e+10
inf
inf
2.679844000000000000e+09
2.564454000000000000e+08
inf
inf
1.283026000000000000e+09
2.508399000000000000e+09
1.249916000000000000e+10
1.499785000000000000e+09
inf
2.001092000000000000e+07
1.502179000000000000e+09
4.886541000000000000e+09
inf
1.964526000000000000e+09
2.463372000000000000e+09
3.095421000000000000e+09
2.005803000000000000e+09
9.324363000000000000e+07
5.898773000000000000e+07
7.449978000000000000e+07
1.415962000000000000e+09
5.807956000000000000e+07
inf
inf
1.460221000000000000e+09
1.695510000000000000e+09
6.833047000000000000e+09
4.316551000000000000e+09
2.408430000000000000e+09
3.549061000000000000e+09
3.513097000000000000e+09
6.280064000000000000e+07
inf
2.166795000000000000e+09
inf
3.367616000000000000e+09
1.708483000000000000e+09
8.910293000000000000e+07
6.578792000000000000e+07
3.576664000000000000e+07
1.299479000000000000e+09
inf
inf
inf
1.070783000000000000e+09
1.039165000000000000e+08
4.789877000000000000e+07
9.858834000000000000e+07
inf
1.056973000000000000e+09
5.601239000000000000e+09
2.074664000000000000e+09
inf
inf
1.449616000000000000e+09
6.340766000000000000e+07
1.878260000000000000e+09
inf
inf
3.972704000000000000e+07
inf
3.345382000000000000e+09
1.553734000000000000e+09
inf
4.457702000000000000e+07
inf
5.724808000000000000e+07
1.753742000000000000e+09
inf
inf
inf
inf
1.830755000000000000e+09
inf
1.027782000000000000e+09
1.584189000000000000e+09
1.412395000000000000e+09
inf
1.965112000000000000e+09
3.350563000000000000e+07
9.824518000000000000e+07
inf
1.316095000000000000e+09
1.379171000000000000e+08
inf
inf
inf
2.119558000000000000e+09
1.137808000000000000e+08
inf
inf
inf
inf
inf
2.335008000000000000e+09
2.081876000000000000e+09
3.222630000000000000e+09
9.602124000000000000e+09
6.505358000000000000e+07
1.264310000000000000e+10
3.390148000000000000e+09
6.933744000000000000e+09
inf
inf
4.181462000000000000e+08
inf
1.831773000000000000e+09
7.059032000000000000e+07
inf
inf
inf
inf
7.980587000000000000e+07
inf
8.742715000000000000e+07
inf
inf
8.021258000000000000e+07
inf
3.929521000000000000e+08
8.045997000000000000e+08
1.795327000000000000e+09
2.294342000000000000e+09
2.250446000000000000e+09
3.409847000000000000e+07
1.176208000000000000e+09
inf
inf
inf
inf
6.029784000000000000e+07
inf
3.883016000000000000e+07
inf
inf
inf
inf
9.272125000000000000e+07
inf
inf
1.768278000000000000e+09
3.992156000000000000e+09
inf
5.356240000000000000e+07
6.383812000000000000e+07
6.449505000000000000e+07
1.053087000000000000e+09
6.886625000000000000e+08
1.552819000000000000e+09
inf
inf
inf
2.735429000000000000e+07
inf
inf
inf
1.061679000000000000e+09
inf
inf
inf
inf
2.868501000000000000e+07
inf
1.627036000000000000e+09
inf
3.910053000000000000e+07
inf
1.852899000000000000e+09
inf
3.442970000000000000e+07
2.298656000000000000e+08
3.132964000000000000e+09
3.870186000000000000e+09
2.655001000000000000e+09
5.844771000000000000e+09
2.254201000000000000e+09
inf
3.596488000000000000e+07
inf
inf
inf
9.451787000000000000e+07
4.216229000000000000e+07
1.062908000000000000e+08
inf
inf
inf
4.929445000000000000e+07
inf
inf
6.373342000000000000e+07
3.032017000000000000e+09
2.527650000000000000e+09
4.178130000000000000e+07
6.560814000000000000e+09
6.777069000000000000e+08
1.368028000000000000e+09
2.861449000000000000e+09
9.274932000000000000e+08
1.827125000000000000e+07
5.067454000000000000e+09
2.802109000000000000e+09
2.528621000000000000e+09
inf
2.984892000000000000e+07
8.330823000000000000e+07
6.821759000000000000e+07
inf
7.741384000000000000e+07
inf
1.646764000000000000e+12
1.030643000000000000e+08
7.026943000000000000e+08
2.478200000000000000e+09
9.943478000000000000e+07
5.009168000000000000e+09
1.963685000000000000e+07
3.108752000000000000e+09
2.717433000000000000e+09
6.804811000000000000e+09
inf
1.637757000000000000e+09
2.146320000000000000e+09
1.260741000000000000e+09
1.171397000000000000e+09
1.358772000000000000e+08
inf
6.032103000000000000e+09
8.637064000000000000e+08
inf
3.202264000000000000e+09
1.810128000000000000e+09
3.430401000000000000e+08
1.504581000000000000e+09
7.943869000000000000e+08
1.700544000000000000e+09
2.410193000000000000e+09
4.006394000000000000e+07
5.098341000000000000e+09
2.717433000000000000e+09
6.322461000000000000e+08
2.692991000000000000e+09
inf
5.374760000000000000e+07
1.615465000000000000e+09
4.632305000000000000e+07
4.195578000000000000e+09
inf
2.014839000000000000e+07
4.255205000000000000e+09
1.279164000000000000e+08
3.810325000000000000e+07
inf
7.444264000000000000e+08
1.529029000000000000e+09
4.801062000000000000e+09
8.621463000000000000e+07
2.349992000000000000e+08
inf
1.588467000000000000e+08
1.134135000000000000e+09
inf
inf
inf
3.164587000000000000e+07
inf
4.407827000000000000e+08
