1.558125999999999979e-11
1.742988000000000004e-11
2.576368000000000155e-11
8.104820000000000194e-12
1.948760999999999879e-11
1.710901000000000002e-11
1.556660999999999884e-11
2.022969999999999810e-12
1.266081999999999976e-11
1.181441000000000034e-11
1.490071000000000104e-11
1.915331000000000091e-11
inf
1.341012999999999953e-11
4.118281999999999637e-12
1.518733000000000128e-11
1.150333999999999973e-11
5.509049999999999836e-12
1.298873999999999985e-11
1.358276999999999949e-11
inf
1.497619000000000063e-11
1.704031000000000133e-11
1.853828999999999815e-12
2.747547000000000066e-11
1.998517000000000056e-11
1.324748999999999973e-11
1.787077999999999991e-11
2.519603000000000003e-11
1.165048000000000066e-11
1.591392000000000092e-11
2.572759999999999874e-11
1.695865000000000145e-11
1.523785000000000014e-11
1.160537000000000026e-11
1.310679999999999985e-11
1.320295999999999971e-11
1.132111999999999973e-11
1.297958999999999922e-11
1.211668999999999974e-11
1.121668999999999994e-11
1.630363999999999898e-11
1.179101999999999957e-11
9.352071000000000329e-12
inf
1.611616000000000148e-11
1.063905000000000080e-11
1.392506999999999975e-11
9.517228999999999654e-12
9.257302000000000493e-12
inf
8.641660000000000560e-12
2.055883000000000117e-11
5.363755999999999869e-12
1.463396999999999969e-11
1.278491000000000070e-11
1.816676000000000084e-11
inf
8.807071000000000531e-12
1.537315999999999949e-11
1.382773000000000049e-11
1.465748000000000027e-11
3.656870000000000351e-12
1.531443000000000142e-11
1.680669999999999946e-11
1.264945000000000039e-11
inf
1.105522000000000022e-11
1.748840000000000049e-12
1.630629000000000015e-15
1.404802000000000015e-11
7.638148999999999950e-12
1.759292999999999903e-11
inf
8.745548999999999856e-12
1.305851000000000067e-11
1.531609000000000002e-11
1.314601999999999935e-11
inf
2.811811999999999934e-11
6.019886999999999994e-12
inf
1.260080000000000019e-11
1.244074000000000016e-11
1.221310999999999944e-11
3.559750000000000054e-12
1.318585999999999972e-11
5.470185999999999851e-12
1.021296999999999985e-11
1.137340999999999930e-11
1.297330999999999937e-11
1.068591999999999936e-11
1.020270000000000054e-11
1.247896000000000078e-11
8.162938999999999373e-12
1.093177999999999969e-11
1.140649000000000060e-11
8.804932000000000069e-12
5.947286999999999678e-12
1.040219000000000013e-11
9.492034000000000588e-12
1.099624000000000000e-11
1.037520000000000046e-11
7.943247000000000798e-12
inf
inf
1.401607999999999938e-11
inf
9.923026000000000091e-12
1.331900999999999941e-11
inf
1.013445999999999921e-11
2.766300000000000037e-13
1.047886000000000004e-12
inf
inf
1.233235000000000046e-11
9.012173000000000478e-12
1.134201999999999937e-11
1.044778999999999945e-12
1.273479999999999941e-11
3.994095000000000057e-12
3.024315999999999894e-12
9.307992999999999514e-12
4.475232000000000211e-11
inf
1.406287000000000024e-11
1.071287999999999948e-11
6.368797999999999738e-12
inf
2.171511000000000157e-11
inf
1.040118000000000032e-11
1.022208000000000000e-11
inf
inf
3.186891000000000138e-12
9.388303999999999373e-12
1.319633999999999989e-12
9.542847000000000565e-12
inf
1.938010000000000140e-11
1.010099999999999987e-11
5.288614999999999675e-12
9.532360000000000390e-12
6.362261000000000167e-12
4.754791999999999517e-13
1.254877000000000046e-11
1.541775999999999953e-11
9.885418999999999522e-12
1.730590000000000000e-13
inf
inf
inf
inf
inf
1.054046999999999982e-11
7.894118999999999313e-12
inf
inf
1.411323999999999975e-12
inf
4.814764000000000263e-12
5.647952999999999693e-12
4.208683999999999881e-13
inf
8.102912000000000603e-12
7.840867000000000178e-12
2.200828000000000081e-12
1.214540000000000033e-11
2.838220999999999928e-11
1.431602000000000022e-11
7.215162000000000069e-12
9.555399999999999452e-12
3.585058000000000131e-12
1.339571999999999979e-11
3.699830000000000402e-12
1.333842000000000043e-12
6.726806999999999975e-12
1.234369999999999919e-12
1.136665999999999955e-11
7.054285000000000168e-12
inf
inf
3.107942000000000127e-12
8.630781000000000279e-12
2.274843999999999995e-11
2.333800000000000113e-13
1.376196000000000006e-11
9.157487000000000681e-12
1.584488999999999914e-11
inf
1.014902999999999922e-11
6.000098000000000310e-12
inf
2.533517000000000018e-11
inf
inf
inf
1.429625999999999951e-12
1.864773999999999825e-12
8.927340999999999977e-12
7.800476000000000214e-13
inf
inf
5.755450999999999848e-12
inf
6.646233999999999931e-12
5.965279000000000032e-12
1.390698999999999949e-12
2.662677999999999774e-13
7.196653999999999922e-12
7.459952000000000685e-12
6.324775999999999747e-12
6.846398999999999815e-12
1.160626000000000027e-11
1.183264000000000036e-12
inf
9.869868999999999250e-12
2.884948999999999969e-12
3.257672999999999906e-12
inf
inf
4.175467999999999834e-12
1.660670000000000031e-12
2.291799999999999908e-11
9.961640999999999316e-12
1.171671000000000006e-11
1.262361000000000057e-11
6.549100999999999803e-12
3.075020000000000280e-11
inf
inf
inf
inf
6.560275999999999702e-12
inf
1.142547000000000019e-11
1.287587000000000055e-11
1.363134000000000036e-11
1.369850999999999956e-11
inf
1.590306999999999961e-11
inf
9.606145000000000565e-12
9.729634999999999264e-12
3.182281999999999990e-12
1.514728999999999977e-12
1.275069999999999978e-11
1.298400999999999972e-11
4.110412000000000399e-12
1.809010999999999954e-12
inf
1.304818999999999915e-12
inf
1.032064000000000074e-11
1.657251999999999975e-13
1.466723999999999921e-12
8.237409000000000772e-12
1.260764000000000019e-11
5.808985000000000052e-11
2.207186999999999893e-12
5.679585000000000381e-12
1.108342999999999976e-11
1.196821000000000076e-11
inf
1.269389999999999946e-11
1.265577000000000071e-11
1.124896999999999988e-11
inf
8.743528999999999376e-14
inf
2.454796000000000115e-12
inf
9.742819999999999475e-12
1.329923000000000007e-11
inf
inf
inf
1.029895999999999997e-12
1.836938000000000104e-12
inf
1.793223000000000103e-11
9.552570000000000765e-12
2.714502999999999909e-13
inf
1.188070000000000046e-11
1.296121999999999957e-11
1.254013999999999951e-11
1.658616000000000089e-11
inf
7.008960000000000055e-12
1.355102999999999946e-11
1.366109999999999962e-11
inf
2.593867000000000018e-12
2.112840999999999883e-12
2.051445999999999820e-12
1.871862000000000006e-12
9.420910000000000092e-12
1.726717000000000023e-12
inf
inf
1.479183000000000120e-11
inf
inf
8.324109999999999354e-12
1.714144999999999862e-11
inf
1.273870000000000024e-11
8.194978999999999709e-12
inf
1.134667999999999947e-11
7.048507000000000109e-12
6.948928999999999783e-12
9.892666000000000208e-12
1.592531999999999984e-11
1.109893999999999956e-11
inf
4.981764999999999624e-12
inf
inf
1.987623000000000082e-12
2.085950000000000013e-12
1.435156999999999920e-11
inf
inf
inf
1.213868999999999944e-11
inf
1.486977999999999846e-11
inf
9.000623000000000593e-12
1.005663000000000013e-11
inf
1.447158999999999973e-11
1.661138999999999916e-11
1.145606000000000036e-11
2.997169000000000070e-12
1.086724999999999936e-11
1.531322000000000086e-11
inf
inf
1.877934000000000144e-12
inf
6.829424999999999851e-12
3.749019999999999711e-12
inf
1.295666999999999996e-11
1.360499000000000017e-11
9.103721999999999445e-12
9.910491000000000286e-12
inf
1.280647000000000006e-11
1.450145999999999948e-11
7.198869999999999596e-12
4.404708000000000178e-12
1.437809000000000058e-11
4.198800000000000244e-12
5.981400000000000342e-12
6.246497999999999744e-12
3.857029999999999772e-12
3.835441999999999602e-12
1.560841000000000134e-11
6.118373000000000025e-12
1.232268999999999947e-11
1.642560000000000021e-12
2.375039999999999945e-12
1.010280000000000013e-11
inf
1.537060000000000157e-11
5.322014999999999916e-12
7.234648000000000133e-12
7.829992000000000590e-12
1.420803000000000040e-11
5.571452000000000401e-12
1.037724999999999963e-11
4.156291000000000268e-11
1.404185000000000080e-11
1.220918000000000069e-11
9.412962000000000256e-12
9.899976000000000103e-12
1.388629999999999991e-11
1.004473999999999946e-11
