inf
inf
inf
1.613116000000000000e+08
2.133974000000000000e+08
inf
inf
7.910122000000000000e+08
8.191642000000000000e+08
4.256430000000000000e+07
2.963778000000000000e+07
4.270457000000000000e+08
1.920304000000000000e+09
inf
6.003469000000000000e+08
6.732259000000000000e+08
4.249163000000000000e+08
2.917465000000000000e+07
9.903420000000000000e+08
3.346089000000000000e+08
inf
7.944489000000000000e+08
inf
inf
inf
6.062072000000000000e+08
6.572370000000000000e+08
inf
inf
1.457017000000000000e+09
5.066560000000000000e+07
9.538912000000000000e+08
inf
6.795503000000000000e+08
1.201921000000000000e+08
1.834161000000000000e+09
2.917909000000000000e+09
5.037346000000000000e+08
1.480280000000000000e+09
2.666182000000000000e+09
1.491346000000000000e+09
1.011961000000000000e+09
3.781096000000000000e+07
1.290417000000000000e+08
inf
6.574913000000000000e+08
inf
inf
6.861375000000000000e+08
7.089384000000000000e+07
inf
inf
3.255590000000000000e+09
inf
1.531241000000000000e+09
1.449637000000000000e+09
inf
8.126918000000000000e+10
inf
9.091014000000000000e+08
inf
2.601898000000000000e+09
inf
7.324399000000000000e+09
4.798399000000000000e+09
inf
2.149838000000000000e+09
9.359880000000000000e+08
1.891610000000000000e+09
4.725630000000000000e+09
1.614619000000000000e+09
inf
1.149634000000000000e+09
4.529439000000000000e+08
1.910828000000000000e+09
inf
inf
inf
1.788593000000000000e+08
7.806791000000000000e+07
inf
2.004264000000000000e+08
2.636285000000000000e+09
3.649004000000000000e+09
2.224672000000000000e+09
2.260190000000000000e+11
3.417863000000000000e+09
3.843056000000000000e+07
inf
1.395771000000000000e+10
3.646982000000000000e+09
inf
inf
3.064620000000000000e+09
3.129081000000000000e+09
1.704197000000000000e+08
1.948728000000000000e+09
2.748561000000000000e+09
inf
inf
inf
inf
7.661505000000000000e+07
1.084482000000000000e+09
inf
inf
inf
1.795514000000000000e+09
8.181524000000000000e+07
inf
inf
inf
2.308136000000000000e+09
inf
inf
6.737626000000000000e+07
6.839987000000000000e+08
inf
inf
inf
1.510857000000000000e+09
inf
3.409012000000000000e+09
2.612224000000000000e+08
inf
inf
3.607559000000000000e+08
2.173977000000000000e+09
1.543809000000000000e+09
1.102795000000000000e+08
inf
inf
1.353651000000000000e+09
inf
inf
2.163261000000000000e+09
4.382254000000000000e+08
7.291269000000000000e+07
inf
2.085806000000000000e+09
2.887194000000000000e+09
8.107899000000000000e+08
9.686469000000000000e+08
inf
1.821977000000000000e+09
6.065423000000000000e+08
inf
6.193831000000000000e+08
1.873308000000000000e+09
inf
2.705632000000000000e+09
1.870719000000000000e+08
1.464472000000000000e+09
7.577578000000000000e+07
inf
inf
4.634745000000000000e+07
inf
inf
1.958585000000000000e+09
4.016500000000000000e+07
inf
inf
1.644467000000000000e+09
2.262909000000000000e+09
3.090681000000000000e+07
1.332039000000000000e+08
2.592676000000000000e+08
6.439209000000000000e+08
7.638435000000000000e+08
1.194379000000000000e+08
inf
inf
6.870685000000000000e+08
1.068810000000000000e+09
inf
inf
1.840314000000000000e+09
inf
inf
4.928069000000000000e+07
inf
inf
inf
4.427795000000000000e+08
2.556429000000000000e+09
inf
6.636476000000000000e+07
inf
2.815570000000000000e+09
inf
7.495151000000000000e+08
1.097317000000000000e+09
2.550486000000000000e+09
2.571408000000000000e+08
inf
inf
4.557205000000000000e+07
inf
inf
inf
inf
1.693151000000000000e+08
inf
inf
inf
inf
inf
inf
inf
inf
3.555965000000000000e+08
inf
inf
2.667262000000000000e+09
inf
inf
5.004792000000000000e+08
inf
6.475313000000000000e+08
inf
inf
inf
inf
inf
inf
inf
inf
6.921252000000000000e+08
inf
inf
inf
inf
inf
inf
inf
inf
4.625951000000000000e+07
2.489714000000000000e+09
inf
inf
inf
3.516455000000000000e+09
inf
inf
9.501737000000000000e+08
inf
1.295604000000000000e+09
1.671186000000000000e+09
inf
inf
inf
inf
inf
inf
inf
inf
inf
inf
inf
inf
2.970579000000000000e+09
3.603067000000000000e+09
inf
6.817319000000000000e+08
9.170485000000000000e+08
2.424605000000000000e+09
inf
inf
inf
inf
inf
inf
2.219147000000000000e+07
inf
inf
inf
inf
inf
inf
inf
inf
inf
inf
1.496079000000000000e+08
1.471017000000000000e+09
3.593577000000000000e+08
4.702003000000000000e+11
inf
inf
2.388535000000000000e+08
6.911198000000000000e+07
1.339874000000000000e+09
6.584590000000000000e+07
inf
inf
inf
inf
inf
inf
inf
inf
inf
4.162116000000000000e+08
inf
inf
inf
inf
inf
inf
2.284109000000000000e+09
inf
inf
inf
2.723543000000000000e+09
4.192868000000000000e+09
2.332756000000000000e+08
1.113842000000000000e+10
inf
inf
1.870540000000000000e+08
inf
inf
inf
6.842822000000000000e+07
inf
inf
inf
inf
2.530874000000000000e+09
inf
inf
inf
inf
inf
3.253177000000000000e+08
4.763244000000000000e+09
7.885485000000000000e+08
inf
inf
inf
inf
2.062799000000000000e+08
inf
2.203080000000000000e+09
inf
inf
7.115679000000000000e+08
2.027162000000000000e+08
inf
1.240748000000000000e+08
inf
inf
inf
1.259867000000000000e+09
inf
inf
inf
3.692551000000000000e+07
8.089715000000000000e+08
inf
inf
inf
inf
3.147190000000000000e+07
inf
inf
inf
inf
inf
inf
inf
inf
inf
1.921425000000000000e+09
inf
inf
inf
inf
inf
inf
inf
inf
inf
