3.148448380238392241e-01 -5.947039106960643551e+01
inf inf
3.807166726058101025e-01 -5.076998956852138889e+01
2.097783589052261977e-01 -4.661963277970000519e+01
5.828444563539807444e-01 -5.315648563065729348e+01
2.629979604271824312e-01 1.456053507125666258e+01
7.529652721872321930e-01 -2.346971741413126367e+01
inf inf
1.536633998980444504e-01 -3.841174572290905331e+01
2.301045642334952623e-01 1.963005439188059142e+01
6.363921778425680742e-01 -1.698132230699014045e+01
5.573364213562762570e-01 -2.847196447282668430e+01
7.518528586368264932e-01 -3.135893510359109015e+01
inf inf
6.420884637534507444e-01 -4.274975964028150344e+01
6.947714588346753040e+00 -2.574621074912204932e+01
6.310377419396188126e-01 -2.482881746828893199e+01
inf inf
2.636554612826050303e-01 9.389873802524722635e+01
4.006833750159002339e-01 1.412742369192358360e+01
4.986047686613195862e-01 -1.239940012966702199e+01
1.087170449164466701e+00 -6.699316453568997964e+00
4.820045883170615553e-01 -2.369962546879612830e+01
4.816624581042036612e-01 -4.859791109378794971e+01
inf inf
1.245820936309393723e+00 -1.008364530479261134e+01
1.455600976444167749e+00 -2.659467752232221471e+01
6.720060836485708400e-01 -3.936902452389391982e+01
-2.011787296687688256e-02 -6.825053320240862149e+02
6.641237790189240542e-01 -1.032949103764500975e+01
6.366485653485179919e-01 -6.403659674548121927e+01
4.694568716938988806e-01 -1.966516285559920973e+01
5.054849203783650102e-01 -3.436283609102743952e+01
9.260810583563815479e-01 -4.254576716353293619e+01
6.682493762253228775e-01 -3.998718139440350683e+01
2.345834998497333956e-01 -1.023637111448616821e+02
1.895541061387494564e+00 -1.324803335265623971e+01
inf inf
1.630801291108414119e+01 -5.016240926823432922e+00
2.062069229780814084e+00 2.654409503800773784e+00
9.876702408717515924e-01 -8.847620399828180382e+01
1.516915614174477334e+01 -8.533286854534274823e+00
1.002091547722821385e+00 -9.129045763834874094e+00
5.150867025274235012e-01 -3.060938621877685506e+01
5.408939963845319499e-01 -4.418074037811242505e+01
6.381169792555463349e-01 -3.270260923518728902e+01
8.424445117637835434e-02 6.842824751457659715e+01
3.005714793729242773e-01 -7.227604553497937445e+01
6.023063695925198191e-01 -4.346742351745643163e+01
5.085454586666040555e-01 -6.112096665639058557e+01
2.631842967019986657e-01 -2.510241768178690336e+01
5.164703264242875846e+00 -2.377790571559918931e+01
4.749931605928716105e-01 -4.561270691784786635e+01
3.308749414491296559e-01 -2.784575862047545769e+01
4.474965112457384708e-01 -3.799311286825834344e+01
5.846184337312152479e-01 3.909980612820707790e+01
4.907370346877488743e-01 -4.547299262293041267e+00
1.676953199757333479e+00 -2.282553323090048991e+01
2.486775273489454929e-01 -9.132140107235667870e+01
3.792775401133957613e-01 -4.164561787871885201e+01
6.992108995667999372e-01 -6.026163597531485294e+01
3.311166181965414790e-01 -7.993915634427219175e+01
8.164985164690300445e-01 -3.233931236591359237e+01
6.002953388491283349e-01 -2.470949671792508084e+01
5.812272536320237659e-01 -6.927859840792287116e+00
3.662870997094666570e-01 -7.256792974969997090e+01
4.488138946984424060e-01 -5.140070757877366958e+01
4.190180238430328830e-01 -6.926932074181725518e+00
4.170610726500768028e-01 -3.347850780814071925e+01
4.487019528310901006e-01 -1.190825328033579922e+01
9.628512297834800338e-01 -3.285667072197180261e+01
1.803611037458986033e+01 7.172615011939321938e+00
1.930604924926634103e-01 -4.846053246443800333e+01
4.157289784388349951e-01 -6.706340942104559133e+01
4.104740152840958278e-01 -6.036451679339255350e+01
4.370293021770056185e+00 1.582551084307038058e+00
9.005354758987894614e-01 -3.389431536130431510e+01
1.941686735476842429e+01 7.738448234576629226e+00
3.125260778261750616e+01 1.679401864406003497e+01
1.061552293631419674e+00 -1.185991157240356131e+01
4.560861932073750347e-01 -6.095618994958896764e+01
4.884769017664454260e-01 2.827731334348086989e+01
7.510050986376439752e-01 -2.980811302790450057e+01
9.035594474443767732e-01 -2.268181730579776811e+01
3.390312864949718286e-01 -3.774907254254780753e+01
1.760891807258581909e-01 2.052036572092362121e+01
3.631185424228188241e-01 -8.800654063361963608e+01
4.954795030355125252e-01 -1.186999285462014164e+01
8.520992526435791081e-01 -2.480278806062675301e+01
3.686493673257631998e-01 -2.958723607941966449e+01
1.502699781594570627e+00 6.874663778904057665e+00
1.233877957954364035e+01 1.244923402707645899e+01
6.348350790769242691e-01 3.369882594238788442e+01
3.337876716396763199e-01 -5.061248861328129323e+01
4.101269814850587725e-01 -7.219583139527992444e+01
9.740475180556079637e-01 -5.965399782866152378e+01
inf inf
6.183785037564907272e-01 -3.573959042318948320e+01
8.099222469926432577e-01 -4.371640202518803875e+01
7.346872247548555945e-01 -4.119912686698462778e+01
8.526026407905077376e-01 -4.523765914038654756e+01
4.644316765772785738e-01 4.498900194261811869e+00
inf inf
1.600808772436966620e+00 -8.215645094728184716e+00
1.272966208681159950e+00 6.548603707446607025e+00
1.123408231234947818e+00 -1.112037638241146276e+01
1.567728339456150533e+00 2.591790032711229319e+00
1.680944999112266913e+00 -1.528882021170966965e+01
2.315869883867504309e-01 -1.223875501845242475e+01
6.027759930460415694e-01 -3.172387336755607024e+01
1.284710717888141840e+00 -4.450096917408026087e+01
1.163982464717539855e+00 -2.459383166106559315e+01
9.087876510288228626e-01 1.093690976141103555e+01
8.060152096273823785e-01 -6.081467027611999043e+01
6.230821637222062614e-01 -2.464101375236501212e+01
5.103271416792631854e-01 -5.766795599649466908e+01
6.909059058084917604e-01 -2.356290972353602342e+01
1.390879803384801550e+00 -1.444183602129601507e+00
1.437973424744099615e+00 -1.707552141829170722e+01
4.237576901415514019e-01 -5.178357650932377965e+01
4.732233862895049992e-01 -3.184669817928094204e+01
6.951508703127425859e-01 -2.813981297122315084e+01
2.091795609814938450e-01 -3.109549609177289042e+01
inf inf
1.924174221908542814e-01 -3.528037372321578147e+01
inf inf
1.664823688984039762e+00 -2.455919523467647991e+01
inf inf
4.768495182179193215e-01 -5.005539257865076053e+01
1.005503743191352939e+00 -1.334692654334253703e+01
5.495921176519636964e-01 -2.307008200717156043e+01
5.099375167316964053e-01 -3.155068283225905290e+01
1.193713187927994523e+00 -6.431962097833774372e+00
3.200495043946243179e-01 -2.971166263350714232e+01
3.351285923060412508e-01 -2.831986997906234294e+01
7.478887995694222246e-01 -2.255384228061770102e+01
4.171937678951643846e+01 6.577975230484145008e+00
6.952011670966967705e-01 6.414493913956890836e+00
1.691848893545642385e+00 3.963710879980318236e+00
1.188198474808210836e+00 -2.596390724675179840e+00
inf inf
3.787814372945054742e-01 -6.861360408314379811e+01
3.159126989912440231e-01 -4.467315021256954566e+01
3.393571648222065140e-01 -5.202111871253492126e+01
4.509971113679605570e-01 -6.385166294921602059e+01
inf inf
inf inf
2.237358677631555182e+01 5.466350489257481904e+00
1.629164670185186958e-01 6.763730477217526982e+01
2.037312732411207250e+01 1.301311521355378531e+01
7.399745515783786587e-01 4.202670352624212846e+00
1.592243608406226807e+00 -8.836368039786259843e+00
2.551447971096877376e-01 -1.796834949729008812e+01
8.315638743391441379e-01 -4.871248689866001058e+01
inf inf
1.488545790241507127e+00 -6.970890667847237765e+00
2.603999003668891477e-01 2.840666462574678874e+01
8.611141455781980980e-01 1.042268219596666690e+01
7.973210112288938722e-01 -3.191572317153055849e+01
3.608025086190706165e+00 2.145410733969261408e+00
3.401668169516521845e-01 1.502822875859525311e+02
5.027107515230007095e-01 -2.185010154958492024e+01
4.720680593549063886e+00 -1.700836928862172925e+01
1.873499721716143762e+00 -2.608901141863253059e+00
7.596073898208846042e-01 -2.356233387355987219e+01
inf inf
3.321537967247096823e-01 -7.175465142169079513e+01
3.695225839423396508e+01 1.296731961550556278e+01
4.410575421823744735e-01 -4.696718296212078059e+01
6.679792586780707309e-01 -2.243277823209945865e+01
6.759192855221719531e-01 -4.877873351595808060e+01
1.951605443405797669e+00 -1.065574378578820003e+01
inf inf
2.136719884648481838e+00 8.320497571228129274e+00
7.565778141768064735e-01 -5.279405178906230844e+01
6.399591865319054218e-01 -1.046930217080711856e+01
inf inf
7.816767499846889455e-01 -3.699011026429369053e+01
7.432665391342843098e-01 -4.886760815562590210e+01
1.339640830371924940e+00 -3.088583135124086709e+01
6.400166285414350398e-01 -2.500711405182424940e+01
1.326066442905263765e+00 5.063722150660232124e+00
6.147201482617546953e-01 4.405770777214713441e+00
8.099038935700861863e-01 -3.099932436075272690e+01
inf inf
2.547887056864647803e+01 1.640458558962328439e+01
2.419332329895613753e+00 -3.057548040233467290e+01
7.249754621729164183e-01 -1.050298566841787817e+01
4.299055262883227924e-01 1.487595536766843196e+01
6.301378638244731212e-01 -7.231747168752210086e+01
inf inf
inf inf
inf inf
6.056146090340484012e-01 -4.804981649318137471e+01
inf inf
2.259036479433813138e+00 1.473489757304787240e+01
1.060701591480529560e+00 -4.608695856066754715e+01
5.168718180504081161e+00 2.085068829225019726e+01
5.643342591416267151e-01 -5.000098805423647264e+01
6.131969542919796234e-01 -4.109108142410783415e+01
7.749847558744691334e-01 -1.446326180374401105e+01
inf inf
8.246659296093915570e-01 -1.345878654170240019e+01
2.358502923033121590e+00 2.256357358316612771e+00
inf inf
inf inf
inf inf
6.001332823310232989e+00 1.733364321317548029e+00
inf inf
2.570946465088314170e+01 1.299179060551491105e+01
inf inf
2.168963079325031273e+01 1.522086457635366763e+01
inf inf
inf inf
4.494559842830152530e-01 -6.529398248116501691e+01
6.774564897381731843e-01 -4.683833627274415790e+01
6.425223610790939954e-01 -5.021797095520815191e+01
4.184536911250183455e-01 -5.345711867684882179e+01
7.572942981688435271e-01 2.457151541635128211e+01
9.524393751975894773e-01 -2.874643639269407203e+01
inf inf
5.490870482754882653e-01 -3.440664142840685003e+01
4.890721971286212666e-01 -2.409797427040497553e+01
3.477128756718558256e-01 -3.179758086349927382e+01
6.802729695371420027e-01 -4.047072728691902910e+01
1.502829236269705326e+00 -1.246164380894271950e+01
1.946534350722538775e+01 6.165493204458392995e+00
1.178102551274734067e+00 -1.488238888629894241e+01
6.163213793030132281e-01 -1.549751301258106118e+01
7.540667577455814063e-01 -3.708425732078931958e+01
7.453331905551962011e-01 -4.951925407329479611e+00
6.184372066881809182e-01 -5.288421034070965021e+01
inf inf
2.287632652904823427e+00 -1.006604928148284195e+01
1.010089997293687869e+00 -1.848518497887732082e+01
6.344146736183975399e+00 -2.532500511315778979e+01
1.521200591941952451e+00 -3.218738250781704835e+01
2.394768165186207387e+00 1.080713843313156630e+01
5.758610491222442285e-01 -3.972581432025589265e+01
4.415500023372455618e-01 -9.032547756467403133e+01
5.363151677126969386e-01 9.293411236075630910e+00
8.280529066347138700e-01 -4.886036036404902205e+01
3.191489257671670798e-01 -3.428722686183468937e+01
7.139537415687743360e-01 -4.698485428399857966e+01
2.322229134629838765e-01 3.110847260750285415e+01
5.307791590186483610e-01 -3.246977475999550933e+01
8.027690355766383679e-01 -2.440922120352558267e+01
6.600305454813093498e-01 -6.172968690529958025e+01
6.788285131511615500e-01 -3.463528714397874353e+01
5.671853442487753139e-01 -4.336450054396491538e+01
inf inf
3.884529834646506430e+01 -6.710264560720458071e+00
8.352055576408703441e-01 -2.858510570211943325e+00
1.711715002387823814e+00 -9.790095973615242642e+00
inf inf
5.589148156961850633e-01 1.299835629667714265e+01
5.345063048223578361e-01 -3.771596597738983547e+01
4.352392270268564678e-01 -1.805720330215424596e+01
7.878254267462343474e-01 -2.174244135806909028e+01
5.739805938736863844e-01 -1.870988948373420868e+01
inf inf
4.294583192287642071e-01 -7.106073205720598196e+01
4.511929746102110728e-01 -5.668980283293735312e+01
7.173669177545410891e-01 -4.346695522646896848e+01
6.853247841215931446e-01 -6.218808094370807993e+01
7.448973317950804418e-01 -5.657722323410821019e+01
4.528911565553586649e-01 -6.727203337322927723e+01
3.937729611670050534e-01 -4.396295470930886751e+01
inf inf
7.243434599656269901e-01 -3.124023200462861283e+01
8.559835934099528920e-01 -4.104715030439854218e+01
7.236705478393549162e-01 -3.754618125263572637e+01
5.598146938113306437e-01 -3.260467423904177764e+01
1.467033574138377787e+02 1.443050922090562516e+00
7.284075521910898798e-01 -2.072697814329351473e+01
9.031465374675812896e+00 -4.590371391232713982e+00
inf inf
inf inf
1.725291071084032124e+00 -2.118575437915500714e+01
inf inf
1.155420523043432901e+00 -9.562246468439406399e+00
1.770724057958070086e+00 9.014701823649346579e+00
2.734567493379330139e-01 -7.432341957359071216e+01
inf inf
1.105625305904225364e+00 -1.068471424533313785e+00
6.381119355669049309e-01 -6.362348819990175741e+01
3.867943174189855671e-01 -7.272810355419227335e+01
5.420194394639287205e-01 -4.721432346206437103e+01
inf inf
2.784946937786195176e-01 -5.239553407891725811e+01
3.205884785669683157e-01 -3.058701279249327243e+01
9.219743749823892109e-01 -4.841215163093973928e+01
8.366364240880106440e-01 -4.926476753202871350e+01
4.340131903795512724e-01 -1.094259216756337771e+01
2.441809430255355906e+01 4.305936533653801135e+00
1.003246748565204172e+01 -1.230459618496832519e+01
4.883020538935352040e-01 -1.968951613925942112e+01
inf inf
1.427041930125657831e+00 -3.159881182923530574e+01
1.454471750598289814e+00 -1.511589346393502353e+01
1.531246078589012738e+00 -1.660584086960695416e+01
1.360929119308586843e+00 -1.407331863261791938e+01
1.114991856019136307e+00 -2.865547328360553081e+01
inf inf
4.080623755600959690e+00 6.707175459339385082e-01
2.755347630685346605e+00 -4.091030585110498663e+01
inf inf
inf inf
5.130955663336740358e-01 -2.026023034780436660e+01
inf inf
5.603585715698541359e-01 -3.598916872393815680e+01
1.146314983815726274e+00 -6.267473714418122910e+01
inf inf
2.037459671873633194e-01 -7.556402670583418058e+01
2.890595402533067682e-01 -7.680517667772868151e+01
2.774266927087524759e-01 -4.293644250072801327e+01
3.344663279669012335e-01 -7.114589363651562337e+01
3.296563204251523160e+01 5.870944452986653239e+00
2.971071657884293282e-01 9.191886222505573301e+01
1.595452234997082108e+00 1.498495667172745627e+01
1.778884676129011666e+01 9.799032035256534101e+00
2.279638686612749598e+00 -3.820169194800341561e+00
1.097551341106195899e+00 -2.993361997573110500e+00
9.909063275452126840e-01 1.116257984450883178e+01
8.216486829819925619e-01 -7.350233933036088629e+00
1.248812123878811242e+00 -3.532273942904009800e+01
9.137059479667326567e-01 4.533212973063230677e+00
1.129490219224453362e+00 -1.669067740840320013e+01
3.524954973853055229e+00 -6.853981864851846906e-01
inf inf
1.074860626522234686e+00 -8.914157607596408184e+00
8.611091018895565830e-01 -7.206836458231083320e+00
1.264344443255663863e+00 -5.304637373652589361e+00
5.137432600167379793e-01 -4.565932904834608053e+01
5.334986879137281202e-01 -5.218497838276272205e+01
inf inf
inf inf
inf inf
2.921903091038317513e+01 7.234674706999095761e+00
3.207843418092186094e-01 -8.444131857061135804e+01
4.528642568826030668e-01 -3.736415100663128097e+00
4.992692746398554871e-01 -2.004422905744304018e+01
8.357519572437146493e-01 -4.085898166689040067e+01
6.884458466735320359e-01 -4.711352627003994087e+01
4.283646205652679129e+01 4.829510368914974983e+00
7.876972329932594441e-01 -6.068575694073147986e+01
3.894195573569588786e-01 -1.603214416037597090e+01
7.141274686219861723e-01 -2.141597775502001966e+01
inf inf
4.498429472837989773e-01 -1.009023031750406574e+01
6.356866638733262853e+00 2.212859901864219836e+01
1.947265251257943319e+01 2.548166315946247984e+00
9.508057804875473806e-01 -4.845670158057341581e+01
inf inf
2.661408509427426949e+01 2.958911257283432850e+00
4.821735518865566950e-01 -2.977156258166065328e+01
4.997730830941705671e-01 -3.173060646589834732e+01
2.800414249620555851e-01 -1.561703252848029599e+01
1.051475984442659994e+00 -2.566810341570002407e+01
6.073731751404335411e-01 -4.999607922143811578e+01
3.016729691343472197e+01 -7.948038465988408241e+00
6.013667023780899790e-01 -1.434765308548059792e+01
1.190056373560344216e+00 -3.452218986021689417e+00
3.291345886628395667e-01 -5.928708911214759780e+01
3.854329417931298130e-01 -3.069996068451681737e+01
inf inf
2.744975705301202495e-01 -7.662962974683158279e+01
3.097256341550375658e-01 -5.192326101261068061e+01
4.357372912802184861e-01 -3.219772201167382519e+01
4.631467968958208892e-01 -3.473060728326083080e+01
3.366544061918606001e+00 -1.265462653752958389e+01
6.035241401945510287e-01 -3.147774752727678660e+01
1.035567069647231442e+00 -5.777674346210553580e+01
3.074238908024404249e-01 -1.777636690077538262e+01
inf inf
-1.614149889303950314e+00 -2.004230564526931460e+02
1.281332567317941873e+00 -6.786237496704265482e+01
9.632938134617841541e+00 1.378309664722512018e+01
6.215505636046949611e-01 2.713386017191125532e+01
inf inf
3.861068346366377524e-01 -4.997992951578715548e+01
2.621501345798429838e+01 1.283028147030731070e+01
8.511587448143753676e-01 -1.045731542090074306e+01
6.446960507811784202e-01 -5.321047701482636683e+01
