1.453071999999999930e-11
1.680489000000000151e-11
2.544667999999999957e-11
9.526329999999999455e-12
2.184629000000000142e-11
1.608704000000000008e-11
1.385816999999999971e-11
1.530593999999999890e-11
1.297789000000000015e-11
1.146838999999999977e-11
1.493981999999999843e-11
1.795471000000000155e-11
inf
1.325633000000000073e-11
1.289712000000000028e-11
5.086991999999999858e-12
1.086398000000000032e-11
6.563095999999999886e-12
1.591380999999999881e-11
1.234720000000000054e-11
inf
1.405697999999999934e-11
1.761785999999999860e-11
1.558612999999999995e-11
2.566219999999999863e-11
1.937979999999999947e-11
4.451096999999999769e-12
1.696418000000000133e-11
2.472129000000000118e-11
1.143962000000000008e-11
1.642300999999999910e-11
1.463256999999999931e-11
1.662088999999999987e-11
1.495461999999999873e-11
1.139405000000000071e-11
8.780352000000000592e-12
1.270119000000000073e-11
1.150954000000000025e-11
1.357737999999999965e-11
1.354080999999999994e-11
1.172127000000000060e-11
1.623149999999999844e-11
1.337428999999999955e-11
9.150182999999999402e-12
inf
1.633417000000000006e-11
1.015307000000000007e-11
1.333043000000000018e-11
9.313701000000000362e-12
3.529366999999999819e-12
inf
7.105897000000000130e-12
2.101923000000000029e-11
4.119108999999999629e-12
1.447697000000000026e-11
1.284350000000000035e-11
1.824009999999999939e-11
inf
8.824426999999999674e-12
1.451063000000000034e-11
1.337859000000000025e-11
1.530586000000000118e-11
4.807392999999999890e-12
1.469790000000000102e-11
1.583326999999999924e-11
1.182621000000000076e-11
inf
1.139368000000000038e-11
1.310735000000000069e-12
2.634791000000000097e-12
1.343809999999999946e-11
9.251215999999999543e-12
1.641159000000000156e-11
inf
9.784147000000000355e-12
1.283006999999999927e-11
1.402424999999999974e-11
1.232837999999999962e-11
inf
2.882245999999999874e-11
6.777580000000000288e-12
inf
1.181230999999999978e-11
1.175943000000000051e-11
1.350688000000000070e-11
1.564723999999999907e-12
1.326522999999999921e-11
5.575213000000000147e-12
9.483061000000000359e-12
1.159389000000000039e-11
1.354614000000000068e-11
1.083172000000000062e-11
9.661836000000000474e-12
1.213716999999999926e-11
7.849743999999999919e-12
1.195962999999999960e-11
1.192652000000000036e-11
1.039176000000000054e-11
6.116046999999999859e-12
5.056754000000000124e-12
9.324008000000000027e-12
1.135374999999999976e-11
4.877029000000000100e-12
8.328209999999999306e-12
inf
inf
1.480121000000000050e-11
inf
6.202845000000000314e-12
1.286433999999999928e-11
inf
8.523549000000000197e-12
1.735206999999999919e-12
4.144020000000000249e-13
inf
inf
1.217412000000000023e-11
9.155502999999999222e-12
1.086370000000000025e-11
1.446401999999999919e-12
1.242596999999999941e-11
1.144070999999999922e-11
1.417828000000000085e-12
9.901924000000000167e-12
4.216998000000000284e-11
inf
1.265418000000000051e-11
5.826139999999999649e-12
6.610049000000000323e-12
inf
2.140748999999999888e-11
inf
1.392527000000000050e-11
9.840241000000000257e-12
inf
inf
2.837783000000000168e-12
9.460146000000000754e-12
1.610471000000000075e-12
8.527862000000000322e-12
inf
1.885460000000000086e-11
1.032638999999999999e-11
5.237489999999999729e-12
1.051064000000000054e-11
6.552106999999999922e-12
1.154369000000000087e-12
1.184784999999999944e-11
1.468309000000000141e-11
1.059354000000000052e-11
2.398781000000000177e-12
inf
inf
inf
inf
inf
1.027525999999999958e-11
9.402067000000000432e-12
inf
inf
2.489369999999999923e-12
inf
5.083645999999999763e-12
7.571986000000000447e-12
1.956368999999999901e-12
inf
7.967209000000000570e-12
5.431989000000000393e-12
2.980507999999999845e-12
5.838286000000000272e-12
1.300218999999999955e-11
7.785319000000000423e-12
8.252311000000000176e-12
9.931426999999999703e-12
2.585113000000000195e-12
1.627897000000000086e-11
4.743011999999999945e-12
1.651079000000000098e-12
3.591958000000000031e-12
9.823593999999999228e-13
1.156735000000000039e-11
7.025174999999999699e-12
inf
inf
3.769453000000000377e-12
8.043019000000000022e-12
3.107278999999999790e-13
2.029290999999999900e-12
1.372651999999999996e-11
9.709738000000000243e-12
1.476036000000000033e-11
inf
4.140337000000000395e-12
6.437290000000000331e-12
inf
2.463468000000000020e-11
inf
inf
inf
9.319965999999999225e-13
3.012436999999999920e-12
3.052947000000000118e-12
3.702239999999999783e-12
inf
inf
5.885190999999999656e-12
inf
5.530628999999999657e-12
8.978543999999999713e-13
6.669831000000000239e-13
1.630475000000000078e-12
6.593665000000000056e-12
7.157843999999999605e-12
8.174348000000000259e-12
6.524995999999999877e-12
1.050922999999999924e-11
3.923645000000000090e-12
inf
4.438893000000000400e-12
2.338420000000000047e-12
2.962515999999999895e-12
inf
inf
4.593390000000000080e-12
1.411209000000000030e-12
2.284355999999999884e-11
1.090331999999999963e-11
1.119267999999999992e-11
1.309157999999999944e-11
6.481619999999999598e-12
2.747575000000000074e-11
inf
inf
inf
inf
6.532584000000000309e-12
inf
1.093119999999999930e-11
1.308777999999999979e-11
4.327128999999999787e-12
1.275235000000000069e-11
inf
1.527168999999999912e-11
inf
9.367620000000000024e-12
9.353130999999999922e-12
3.718256000000000065e-12
1.668126999999999966e-12
1.198787999999999960e-11
1.354617000000000023e-11
2.598406999999999916e-12
1.683111000000000057e-12
inf
1.397280000000000080e-12
inf
9.882745999999999378e-12
1.326113999999999977e-12
1.541453999999999946e-12
7.730302999999999196e-12
1.164636999999999978e-11
5.907091000000000442e-11
3.854678999999999715e-12
6.956542999999999876e-12
1.126175000000000056e-11
1.123196000000000014e-11
inf
1.189703000000000025e-11
1.196597000000000016e-11
3.927306000000000270e-12
inf
7.769236000000000440e-13
inf
2.853625000000000172e-12
inf
1.192992999999999943e-11
1.225065999999999942e-11
inf
inf
inf
3.893229000000000192e-12
2.504389999999999995e-12
inf
1.692629999999999988e-11
9.242267999999999206e-12
2.719382999999999783e-13
inf
1.183503999999999922e-11
1.290031999999999930e-11
1.187478000000000002e-11
1.644859999999999839e-11
inf
8.388852999999999858e-12
1.319637000000000024e-11
1.339072999999999983e-11
inf
1.559706999999999909e-12
2.420298999999999924e-12
2.161156000000000167e-12
4.123252000000000170e-12
1.213462000000000065e-11
1.912912000000000119e-12
inf
inf
1.473929999999999880e-11
inf
inf
8.499696000000000338e-12
1.683724999999999917e-11
inf
1.265817999999999928e-11
9.661463000000000027e-12
inf
1.155737000000000046e-11
1.055042000000000019e-11
6.569959000000000238e-12
1.129190000000000038e-11
1.632141000000000123e-11
1.086798000000000071e-11
inf
3.528274000000000158e-12
inf
inf
9.889352999999999372e-13
2.156403999999999866e-12
1.498771000000000097e-11
inf
inf
inf
1.174242000000000077e-11
inf
1.409194999999999954e-11
inf
8.520734000000000476e-12
9.313909999999999842e-12
inf
1.391283999999999992e-11
1.685875999999999874e-11
1.088516999999999935e-11
2.961758999999999921e-12
1.029312000000000047e-11
1.435436999999999995e-11
inf
inf
2.610262000000000172e-12
inf
8.968743999999999493e-12
3.310586999999999816e-12
inf
1.482389000000000016e-11
1.314315000000000019e-11
5.548673000000000141e-12
6.900328000000000403e-12
inf
7.653540999999999487e-12
1.360372999999999983e-11
7.846132000000000560e-12
4.574040000000000168e-12
1.533984000000000020e-11
1.035471999999999973e-12
8.230171999999999396e-12
6.989253000000000046e-12
5.650450999999999790e-12
4.412122000000000332e-12
1.568677999999999872e-11
6.468713999999999693e-12
1.077178000000000037e-11
1.276981000000000049e-12
2.526796999999999982e-12
7.611753000000000676e-12
inf
1.552554000000000091e-11
4.213585999999999733e-12
7.831651000000000230e-12
8.087902000000000245e-12
1.396249000000000062e-11
4.986097999999999986e-12
1.002620000000000023e-11
3.610904000000000019e-11
1.320213999999999972e-11
1.131261000000000020e-11
1.061245000000000008e-11
1.056560999999999945e-11
1.268836999999999958e-11
1.032299999999999953e-11
