1.835176000000000000e+09
inf
1.950417000000000000e+09
3.106696000000000000e+09
2.933872000000000000e+09
2.520998000000000000e+09
1.317263000000000000e+09
inf
1.642764000000000000e+09
inf
1.755635000000000000e+09
9.364219000000000000e+08
4.713915000000000000e+09
2.523894000000000000e+09
2.108222000000000000e+09
2.290622000000000000e+09
2.299912000000000000e+09
4.454331000000000000e+10
9.195397000000000000e+08
3.258730000000000000e+09
inf
6.143905000000000000e+09
1.115656000000000000e+09
1.348141000000000000e+09
1.321124000000000000e+10
2.091501000000000000e+09
2.682786000000000000e+08
7.020671000000000000e+09
4.763302000000000000e+09
8.313253000000000000e+09
3.566477000000000000e+08
3.032387000000000000e+09
5.982223000000000000e+09
3.264996000000000000e+07
4.325764000000000000e+08
9.801382000000000000e+08
1.659303000000000000e+09
1.888402000000000000e+09
3.970724000000000000e+07
1.344018000000000000e+09
5.605791000000000000e+09
5.477699000000000000e+09
5.102484000000000000e+09
1.380429000000000000e+09
8.447476000000000000e+08
5.138277000000000000e+09
2.231689000000000000e+09
2.893946000000000000e+09
inf
2.751423000000000000e+09
5.382658000000000000e+09
5.512049000000000000e+09
2.818474000000000000e+09
2.944683000000000000e+10
3.250695000000000000e+09
4.883267000000000000e+09
6.430365000000000000e+08
2.965546000000000000e+09
3.697784000000000000e+08
inf
2.870477000000000000e+09
6.369748000000000000e+07
3.008859000000000000e+09
5.597462000000000000e+09
2.638164000000000000e+08
5.150320000000000000e+09
2.855093000000000000e+09
inf
1.704346000000000000e+09
1.836838000000000000e+09
5.162420000000000000e+09
1.009557000000000000e+10
inf
inf
2.020352000000000000e+09
2.494291000000000000e+09
8.720119000000000000e+09
1.015060000000000000e+08
3.515952000000000000e+09
2.146666000000000000e+09
inf
2.502314000000000000e+08
4.730277000000000000e+08
1.218560000000000000e+10
1.204643000000000000e+08
1.469880000000000000e+09
5.040695000000000000e+07
3.995412000000000000e+07
3.127329000000000000e+09
1.198620000000000000e+10
1.189536000000000000e+09
1.651716000000000000e+09
3.336240000000000000e+09
7.457646000000000000e+07
4.916040000000000000e+09
7.130013000000000000e+08
1.031214000000000000e+08
6.138184000000000000e+09
2.215192000000000000e+09
1.025258000000000000e+10
2.749128000000000000e+09
2.279533000000000000e+09
4.097209000000000000e+09
4.739332000000000000e+09
9.471854000000000000e+09
3.175535000000000000e+09
3.950389000000000000e+08
2.294608000000000000e+09
1.721256000000000000e+09
1.825141000000000000e+09
3.880919000000000000e+07
3.709854000000000000e+09
6.047202000000000000e+07
inf
4.415546000000000000e+09
4.792389000000000000e+08
inf
5.373225000000000000e+08
4.247687000000000000e+09
2.405111000000000000e+09
1.791233000000000000e+09
2.379931000000000000e+09
5.273949000000000000e+07
1.797767000000000000e+09
2.842002000000000000e+07
2.328651000000000000e+09
1.789471000000000000e+09
2.824511000000000000e+09
inf
7.076818000000000000e+08
2.393758000000000000e+09
2.470224000000000000e+10
5.174576000000000000e+09
6.533607000000000000e+09
1.014955000000000000e+08
1.222203000000000000e+09
1.450156000000000000e+09
3.600442000000000000e+09
4.652371000000000000e+09
inf
3.668564000000000000e+09
4.109142000000000000e+07
5.678217000000000000e+09
1.693945000000000000e+08
1.537588000000000000e+10
4.112545000000000000e+09
1.807130000000000000e+09
2.725263000000000000e+09
1.765036000000000000e+09
6.284471000000000000e+09
6.263030000000000000e+07
2.776921000000000000e+09
4.908719000000000000e+09
6.505978000000000000e+07
1.098552000000000000e+09
inf
3.494519000000000000e+08
7.874896000000000000e+07
inf
9.028225000000000000e+08
4.110958000000000000e+07
4.457343000000000000e+09
3.401656000000000000e+09
6.127914000000000000e+08
1.665171000000000000e+09
4.993233000000000000e+07
2.195275000000000000e+09
3.175535000000000000e+09
4.515350000000000000e+09
4.949257000000000000e+09
inf
2.645429000000000000e+09
3.372077000000000000e+09
2.859582000000000000e+09
1.367720000000000000e+09
8.313253000000000000e+09
1.210061000000000000e+09
7.842389000000000000e+07
inf
inf
4.736582000000000000e+07
inf
1.107447000000000000e+08
1.909183000000000000e+09
1.817844000000000000e+09
5.047260000000000000e+07
3.236154000000000000e+08
5.137847000000000000e+07
inf
inf
5.730039000000000000e+09
1.351943000000000000e+10
8.651457000000000000e+09
1.073682000000000000e+09
1.712314000000000000e+10
3.251297000000000000e+09
6.654362000000000000e+07
1.483107000000000000e+09
inf
inf
9.540391000000000000e+08
inf
inf
1.373805000000000000e+08
inf
3.142235000000000000e+09
7.155892000000000000e+07
inf
inf
1.770725000000000000e+09
4.513803000000000000e+09
1.665171000000000000e+09
3.235999000000000000e+07
2.840638000000000000e+09
9.143426000000000000e+09
3.602410000000000000e+09
inf
1.562553000000000000e+09
6.605621000000000000e+09
2.490521000000000000e+09
9.913380000000000000e+07
1.539878000000000000e+09
3.346985000000000000e+07
inf
2.095490000000000000e+09
5.221592000000000000e+07
8.199821000000000000e+07
inf
inf
9.583384000000000000e+08
inf
inf
6.326378000000000000e+07
9.171411000000000000e+08
inf
4.801464000000000000e+09
3.026818000000000000e+09
inf
7.810102000000000000e+08
4.436346000000000000e+09
1.887320000000000000e+09
4.715601000000000000e+09
4.066878000000000000e+09
9.055508000000000000e+09
7.359346000000000000e+08
2.940513000000000000e+08
inf
5.082898000000000000e+07
3.097937000000000000e+09
inf
1.247853000000000000e+09
8.115383000000000000e+07
inf
1.002728000000000000e+08
3.030819000000000000e+09
inf
6.716258000000000000e+07
6.284096000000000000e+07
1.146581000000000000e+09
inf
inf
2.443443000000000000e+09
4.283567000000000000e+09
2.075696000000000000e+09
3.530072000000000000e+08
1.933258000000000000e+10
4.766746000000000000e+09
2.607499000000000000e+09
9.244072000000000000e+08
9.294952000000000000e+07
inf
5.073817000000000000e+08
inf
inf
3.355563000000000000e+07
inf
2.999277000000000000e+09
inf
1.852321000000000000e+09
inf
inf
4.912578000000000000e+07
inf
1.936097000000000000e+09
5.962623000000000000e+07
2.201874000000000000e+09
8.029732000000000000e+09
4.833145000000000000e+09
inf
1.170527000000000000e+09
2.032812000000000000e+09
8.323750000000000000e+09
1.018035000000000000e+09
5.843072000000000000e+07
2.169626000000000000e+08
6.109741000000000000e+09
inf
2.578181000000000000e+09
3.069092000000000000e+09
inf
3.536701000000000000e+09
9.669143000000000000e+07
inf
4.569087000000000000e+07
inf
inf
inf
1.131744000000000000e+09
2.549269000000000000e+09
1.457853000000000000e+09
2.090837000000000000e+09
1.137873000000000000e+09
5.840342000000000000e+07
8.957079000000000000e+09
1.035240000000000000e+09
5.835024000000000000e+08
6.394190000000000000e+09
3.030993000000000000e+09
5.199062000000000000e+09
inf
9.706729000000000000e+07
4.688644000000000000e+07
inf
1.351610000000000000e+08
inf
inf
3.343410000000000000e+07
1.883008000000000000e+09
6.060718000000000000e+07
3.553860000000000000e+09
4.704160000000000000e+08
inf
1.303427000000000000e+09
3.261955000000000000e+08
4.509172000000000000e+09
8.118732000000000000e+09
5.116345000000000000e+08
6.742894000000000000e+07
2.330297000000000000e+09
inf
inf
7.041640000000000000e+07
2.208328000000000000e+09
6.143905000000000000e+09
1.131598000000000000e+09
3.848459000000000000e+09
7.393910000000000000e+08
1.948688000000000000e+09
6.604124000000000000e+07
2.446163000000000000e+09
1.811102000000000000e+09
1.138962000000000000e+08
2.425464000000000000e+09
7.603812000000000000e+08
4.398672000000000000e+07
1.052092000000000000e+09
1.772630000000000000e+09
4.085871000000000000e+07
3.312769000000000000e+09
5.434798000000000000e+09
6.212237000000000000e+07
5.054231000000000000e+07
4.368623000000000000e+07
inf
1.376286000000000000e+10
8.790232000000000000e+07
7.428967000000000000e+07
3.113446000000000000e+08
1.560565000000000000e+09
7.628162000000000000e+07
4.735922000000000000e+07
3.433547000000000000e+09
4.976042000000000000e+07
4.012422000000000000e+09
3.253904000000000000e+09
9.897770000000000000e+07
2.015619000000000000e+08
3.413122000000000000e+07
inf
2.053158000000000000e+07
2.713567000000000000e+07
1.365736000000000000e+09
2.003772000000000000e+09
6.852817000000000000e+09
