inf inf
inf inf
inf inf
inf inf
3.752900291409010691e+01 -3.001058862348423784e+00
inf inf
2.608870139592328385e+00 3.039428127264720558e+01
inf inf
inf inf
2.888610629699036370e+00 -3.098392260830691924e+01
inf inf
inf inf
inf inf
1.562811732507623752e+01 -5.505641263447434142e+01
inf inf
inf inf
inf inf
inf inf
2.610278604808394576e+01 -1.486044809620265283e+01
inf inf
6.318722304345913976e+00 -1.898000799495530089e+01
inf inf
inf inf
inf inf
inf inf
-2.977594371419722136e-02 -1.938749520465629814e+02
1.813448782871015297e+00 -2.776030748341321441e+01
inf inf
-3.601109102012931690e-02 -2.963438748017474040e+02
inf inf
inf inf
inf inf
3.024586756387349951e+01 -2.236769091551303390e+01
3.544783965060607667e+00 -3.603381841790042017e+01
-2.288535657837181825e-01 1.167275317227360532e+01
4.916854006602667249e-01 -1.022069355212959323e+02
2.783983028000902582e+00 -2.896139669027605734e+01
1.600963854000415765e+01 -3.898991721423664814e+01
4.931867644070420553e+00 -4.916710302040863922e+01
inf inf
1.301589666385362776e+00 -1.105485960498880083e+01
inf inf
1.118077291367454151e+01 2.499730879409744944e+01
-4.435582082178706614e-02 -4.953679600019398777e+01
5.312150165145496317e+00 -9.624686780185660595e+00
2.301371512377294870e+00 -3.159904884514439516e+01
2.799062396090683436e+01 -9.164411232600883750e+00
inf inf
inf inf
inf inf
inf inf
inf inf
1.468791416956309703e+01 -3.124766944897305265e+01
inf inf
inf inf
inf inf
2.507193259050159106e+00 5.296876669102819069e-01
4.382986358145050249e-02 -1.545389309307769850e+02
2.756029972374210324e+00 -1.948672589591847526e+01
inf inf
1.273889345281043584e+00 -2.062400046266692399e+01
inf inf
4.202771628373168866e+00 -6.517631538492818954e+00
2.819969280592125926e+00 7.037391966743768101e+00
inf inf
2.728148555267047115e+01 -1.765548186024976929e-01
3.488074042955398912e+00 -1.121358856429385398e+01
inf inf
6.101707407363288205e-02 1.806607961313462454e+02
6.787939030613971525e+00 -2.011651089760855982e+01
2.767973790524343158e+01 -1.331665637591433970e+01
inf inf
-3.288986878438615591e-02 -3.359658951395552435e+02
7.298907050921357165e-01 -1.480574590192352673e+02
inf inf
inf inf
8.205377655358693900e+00 -2.711137458098363595e+01
inf inf
inf inf
inf inf
inf inf
3.853372255555048032e+00 -2.270798574080850329e+01
3.000124650728822839e+00 1.229742839517243880e+01
3.081042666966217070e+01 5.537108825057131867e+00
1.869836086060661318e+00 1.222661550948222775e+01
4.553448706813827407e+00 -2.042004005552570689e+01
inf inf
inf inf
inf inf
3.856270212590849678e+00 -2.355621259860619787e+01
8.455978598785600653e+00 -3.256847544301268726e+01
7.788169652287493250e+00 -3.105436658799721528e+01
2.788594976961324523e+00 6.082017848180617747e+00
7.065980403787380126e+00 5.418013552650403852e+00
inf inf
inf inf
1.272923747849070075e+01 -2.080348418892888684e+00
inf inf
inf inf
inf inf
inf inf
1.308607013706673605e+01 -3.825664016737428597e+01
inf inf
inf inf
inf inf
1.839049653313322352e+01 9.600745636163130925e+00
3.408239824198944223e+00 -2.529190770337892502e+01
3.084255917686009152e+00 -3.779494061853644560e+00
inf inf
2.226979014502851850e+00 -9.842363968098075233e+00
4.155653549728867802e+00 -3.898286114168840299e+01
inf inf
inf inf
inf inf
3.866184113646895071e+00 7.348050824665091341e+01
inf inf
6.556789102962356175e+00 -3.245640620394156883e+01
5.151819088868218266e+00 7.495816131940857829e+00
2.082682757880603308e+00 -8.076742402788108066e+00
inf inf
1.002146408291737234e-01 1.239296559707431982e+02
-5.529637693927868386e-02 -1.037415033815933896e+02
1.204737040222213373e+01 -3.710837717707697436e+01
inf inf
inf inf
inf inf
inf inf
inf inf
2.929234062603885747e+01 3.361460263068169474e-01
3.009540674598905241e+01 1.168428347095547437e+00
inf inf
2.034778872737179256e+01 6.283784843657370445e+00
3.479245033955126853e+00 2.567794819055216493e+01
inf inf
6.637557920230188757e-02 -2.556851544903825868e+01
8.198098873048392798e-02 -1.269000208033421302e+02
inf inf
inf inf
5.952213744574997634e+00 5.007227162834041678e+00
inf inf
6.619014840245974085e+00 -5.180067084806549538e+00
6.751173665269719848e+00 -2.891187283139328912e+01
-7.723979574168704509e-02 -2.009855976914387270e+02
inf inf
9.736482403651290696e+00 -1.744299285919539599e+01
inf inf
7.707581720527342917e+00 -2.789684333124893101e+01
2.868720114062210769e+01 -2.145598651328539219e+01
inf inf
inf inf
inf inf
inf inf
6.706836789012356803e+00 -3.983971968195947966e+01
inf inf
4.281367854927312422e+00 -1.689257583612608471e+01
inf inf
inf inf
3.214399111220539140e+01 -9.894322901524775560e+00
2.341159868882519923e+00 -2.117117899149920657e-01
inf inf
1.132749968774679417e+01 -2.737133782995059050e+01
inf inf
2.950047192560965570e+01 -6.551314182049456036e+00
inf inf
inf inf
inf inf
4.911104682126525844e+00 1.948758849399572313e+01
inf inf
2.844885592707375732e-01 1.157009744546184464e+02
inf inf
4.553032347386910317e+00 -2.683089529345363289e+01
3.529213918719340981e+00 -1.814200428445430546e+01
inf inf
inf inf
inf inf
inf inf
inf inf
2.396299118201199363e+01 1.496376660200047004e+00
inf inf
inf inf
2.189395103645557228e+00 -2.590517040493337220e+01
inf inf
inf inf
inf inf
8.535880737313750188e+00 4.099774674397608010e+01
5.317030986590574493e+00 -2.018505857447976126e+01
7.396501307666004443e+00 -4.081591120380137738e+01
inf inf
inf inf
2.244378600578685123e+01 -2.747716296016067955e-02
inf inf
inf inf
1.052759464378268639e+01 -2.068761963115690605e+01
inf inf
6.774301470173632822e+00 -2.299981580066013009e+01
inf inf
1.915643888464635580e+01 -2.862479522457393788e+00
inf inf
3.007391645310153461e+00 -2.621618689803538516e+01
1.368131957754559425e+00 2.027525200517821702e+01
inf inf
1.932125112222450269e+01 9.068521518807681758e-01
1.172339645914678030e+01 -1.711726563467166073e+01
1.089481271257365158e+00 -5.226376925203441992e+00
inf inf
inf inf
6.133977859056206405e+00 -1.955206475740007122e+01
3.185387475433100413e+00 -2.422035367960469188e+01
6.582709336661748623e+00 6.650271860035174676e+00
1.453109415255829262e+00 -2.859816306495468297e+01
3.482378184249950159e+00 -3.552377440222416283e+01
inf inf
inf inf
9.587054555683089063e+00 1.899136510795689237e+00
6.480457243011754187e+00 -1.342811054209241384e+01
inf inf
inf inf
8.630960699534627523e+00 -9.366598769413206682e+00
2.355872778931369371e+00 2.514359438247392831e+01
6.425072879095505840e-01 -8.461589430288755764e+00
1.670871149066911920e+00 -1.521385113788832122e+01
inf inf
inf inf
2.259821030720814417e+00 -2.613572294564871612e+01
inf inf
2.363860649271397676e-02 -4.160583546452955375e+02
3.320889945911887242e+00 -1.055488205294537185e-01
inf inf
5.532404021323478638e+00 -4.388667213538706591e+01
4.259058034216017252e-01 5.873617475687210288e+01
1.274039358165226288e+00 1.182798466270893556e+01
inf inf
1.246071708207425743e+00 3.950110924152723157e+01
8.046680863505363490e+00 -8.736209678527082190e+00
3.657747596093777087e+00 -2.983126624331718801e+01
1.599423801243192855e+01 -7.327017446646044263e+00
inf inf
8.510567150666114244e+00 -2.963015209329815391e+01
4.723970976438211622e+00 -2.409424021756639434e+01
inf inf
inf inf
2.001044034280637263e+00 3.468019639284067068e+01
2.664898197708533090e+00 -3.816104342605999022e+01
2.364562720795787332e+00 -3.811119581363469422e+01
3.281056964432694567e+00 5.527176900528674608e+00
inf inf
inf inf
inf inf
inf inf
2.549263761983459631e+01 3.914888968454476037e-02
inf inf
3.735170382294748403e+00 -2.456602785004070810e+00
inf inf
inf inf
1.689004044148909145e+00 1.326256048352985495e+01
inf inf
inf inf
inf inf
3.721245004805336265e+00 -1.523593998696591534e+01
1.726087818505519511e+00 -3.872002861146812336e+01
3.889508661360561170e+00 -2.781863621784923879e+01
4.536756300278267595e+00 -5.651584206416752076e-01
inf inf
2.601769857177892220e+00 -4.851563433506528611e+01
inf inf
4.497523791326133585e-02 -1.349914192376814981e+02
inf inf
inf inf
inf inf
inf inf
inf inf
-4.422152490956667015e-02 -2.715570955229403580e+02
inf inf
2.258787780144347579e+01 -1.038096330475414675e+01
6.754370525433035510e+00 -1.629143480300032820e+01
6.838451413881875496e+00 -2.884131545448507694e+01
3.513991329722546464e+00 -3.402819249877146035e+01
3.022556137642727972e-02 3.206389279861089676e+02
1.622563393876078308e+01 4.102608601118496345e+00
2.129764912017560796e+00 -7.101983442601840224e+00
inf inf
inf inf
1.154399045178047167e+01 -1.105801604573496633e+01
3.405759489561016817e+00 -2.156220669032632031e+01
5.584160992308707883e+00 -3.964672258248061354e+01
3.746336729554099881e-02 1.629247163309187840e+02
inf inf
inf inf
inf inf
inf inf
2.392386392063996503e+00 -2.292311741785496437e+01
inf inf
inf inf
1.256541316486452065e+00 -5.839472451568804701e+01
inf inf
inf inf
inf inf
4.006066455155455941e+01 -1.901885874058548476e+00
1.216239632450503844e-01 -1.248915614225160482e+02
6.394809709250450780e+00 -4.462963774743931822e+01
inf inf
inf inf
inf inf
inf inf
inf inf
4.241513220512641169e+01 -2.999520831013262168e+00
inf inf
inf inf
inf inf
-3.526186857985275092e-02 -3.768945447671499096e+02
3.709868583376083961e+01 -5.784559295731232176e+00
inf inf
6.318144565296162973e+00 -5.634384562430364340e+00
inf inf
5.229169605064180715e+00 -3.446748226308947238e+01
3.515942942617034106e+01 -2.278217565548998280e+01
8.337707121792325538e+00 -3.999766715190919797e+01
inf inf
-2.705746888500842884e-02 1.343290936122907908e+02
7.002658407709340338e+00 -2.619532148931937243e+01
3.185959980169868189e+01 -4.072213616830566707e+00
9.554008499489826889e+00 -6.115662769515699537e+00
inf inf
inf inf
4.142386601100622734e+00 -2.241045532192225664e+01
5.493185405051915993e+00 5.813103426405957563e+00
inf inf
inf inf
inf inf
-4.435764511317560888e-02 -2.212514143532797561e+02
inf inf
inf inf
inf inf
inf inf
inf inf
inf inf
inf inf
6.172321517111788863e-02 -1.466659380127302086e+02
4.272299442764818878e+00 -2.612712008661571517e+01
3.396965380658313194e+01 -7.113574918005558523e+00
inf inf
inf inf
2.792121612875650083e+00 -3.936716495790866333e+01
3.111477432465882131e+01 -1.589143687802427429e+01
2.820705312002361187e-02 3.661404376342270783e+00
1.718162535393127632e-01 -8.115094222453080874e+01
inf inf
2.793472149823623241e+01 -1.567229086416859651e+01
5.060303651690527434e-03 -8.308948997966328989e+02
2.750582119066534403e+01 -2.450714163412401447e+00
inf inf
inf inf
4.188711674311323740e+00 -3.002866289112823850e+01
2.731406388861773671e+00 -2.987066486794101650e+01
inf inf
6.434483275728303475e+00 -6.602569224970359585e+01
inf inf
6.609322801088802102e+00 -9.827762496365259892e+00
inf inf
inf inf
inf inf
inf inf
inf inf
inf inf
inf inf
2.166325086679630019e+01 -1.389884146922404540e+01
inf inf
inf inf
inf inf
inf inf
inf inf
inf inf
inf inf
inf inf
-9.271750487266871427e-03 -7.426338826414016694e+02
inf inf
inf inf
inf inf
inf inf
2.604273205953337555e+00 5.644169267988530692e+00
inf inf
inf inf
inf inf
1.192516771761659022e+01 2.442146657369400398e+00
