-8.381835446783945542e+01
-8.575040011008337615e+01
-8.625969428609103318e+01
-8.465394510128794536e+01
-8.647158147334201317e+01
-8.354270513925725083e+01
-8.200857799007323479e+01
-7.997990991403973737e+01
-7.738625134256984950e+01
inf
-8.422075586426167604e+01
-8.584209831787669032e+01
-7.558497011515913755e+01
inf
inf
inf
-8.229140880037493844e+01
inf
-8.290223487602111163e+01
-8.462996004348491397e+01
-8.552393042661783795e+01
-8.429508437780430086e+01
-8.561285266606050470e+01
inf
-8.552203414304743490e+01
-8.345079814197460166e+01
-8.466073653974633828e+01
-8.266670805428729807e+01
inf
-8.037723771238464110e+01
-8.258345572396946466e+01
inf
inf
-8.210625842692985543e+01
-8.531558219638718299e+01
-8.285169055813481975e+01
-8.461105026850955824e+01
inf
-7.633816355437373602e+01
-7.904992298641839454e+01
inf
-8.385768441559247321e+01
inf
-7.981296366530415298e+01
inf
-8.229453281791076336e+01
-8.485509278191763372e+01
-7.441378009945998429e+01
inf
-7.699844060614614705e+01
-8.245508042613640498e+01
-8.362196182508726849e+01
-8.162275141307161164e+01
-7.396022300160807106e+01
-8.198039053056038483e+01
-8.382445165378491936e+01
-8.241828229086767976e+01
-8.312421073391720938e+01
-8.281334028749431297e+01
-8.194327055760315659e+01
-8.070361284807077595e+01
-8.414841745592998734e+01
-8.286590451805201951e+01
-8.347969494461592888e+01
-8.175626089548327968e+01
-7.798576443773384881e+01
inf
inf
inf
-9.174883629934912221e+01
-8.464262980548910775e+01
-8.624153329017687497e+01
-8.264260063851047278e+01
-8.030888198986436066e+01
-8.011348919244953493e+01
-8.330420390349144100e+01
-8.246690350289054550e+01
-7.803405418704353735e+01
-8.230447679549486395e+01
-8.257217166863205193e+01
-8.224883789564951542e+01
-8.225093891400013035e+01
-8.159352683205790413e+01
-8.415049363836394036e+01
inf
-8.378191732866345376e+01
-8.177489420581851221e+01
-8.292894588979160631e+01
inf
inf
-7.464315238212877546e+01
-8.519195492577743778e+01
-8.142415997980160114e+01
-7.605508451737557607e+01
-9.325177098258333785e+01
-8.661199916143498001e+01
inf
inf
-8.502030711905084104e+01
-7.034283284086019705e+01
-8.212381789061774384e+01
-7.940704056892830920e+01
-8.088255874402763368e+01
-8.066525378512470468e+01
-8.255489830471496759e+01
-7.970558706014656991e+01
-8.347286935605205827e+01
-8.247613779192471384e+01
-8.260424593011806849e+01
-8.439927723578107077e+01
-7.555305905600897631e+01
-8.271366056360668040e+01
-8.293517958582658878e+01
-8.195544037637695567e+01
-8.503604147703859439e+01
-8.466121568913260376e+01
-7.999322895429897073e+01
inf
inf
-8.976656994533300349e+01
inf
-7.985863967330199387e+01
-8.279537548169832917e+01
-8.370879816844967536e+01
-7.925637768710078035e+01
-8.063829274382739243e+01
-8.062278101855365264e+01
-8.269023892963775779e+01
-8.212783906628484942e+01
-8.257635792701728406e+01
-8.244640331584390935e+01
-8.229031487366997055e+01
-7.817463191205753503e+01
-8.407894266646314918e+01
-8.450521756258095252e+01
-8.271918084218218326e+01
-8.115536391493574797e+01
-8.430664122291995000e+01
-8.099325991478519882e+01
-8.376236852760597174e+01
inf
-8.538189000169526821e+01
inf
-8.424124755747759252e+01
-8.182478730019340674e+01
-8.273702873717166995e+01
inf
-8.212989181233299973e+01
-8.394787486683178201e+01
-7.866895206328673851e+01
-8.367955603877143744e+01
inf
-8.233987501088309102e+01
-7.501661334771270617e+01
inf
-8.530632787374884174e+01
-8.392002027856131008e+01
-8.355409944527470145e+01
-8.273094879622334474e+01
-7.376690643376913670e+01
-7.877439951400043583e+01
-8.593861632193855371e+01
-8.378343340890630486e+01
-8.261155870198182072e+01
-8.141505202380950834e+01
-8.477287266080998052e+01
inf
inf
inf
-8.313307847758130720e+01
-8.407594692516077828e+01
inf
-8.175243444253077030e+01
-8.027253430423888858e+01
inf
-8.296766492181212982e+01
-8.367790314114823502e+01
-8.363971709056463055e+01
-8.406483395156597282e+01
-8.372720266709153236e+01
-8.361676060445161340e+01
-8.245198282411098489e+01
-8.365089691734389987e+01
inf
-8.390440994685643261e+01
inf
-8.403991753696638511e+01
-8.101691231117065684e+01
-8.382449013195358134e+01
-8.348011641368066194e+01
-8.509165317236255532e+01
-8.769421520392393177e+01
-8.314875693127694944e+01
inf
inf
-8.489522339002805040e+01
inf
-8.272198865109713495e+01
-8.387002949900907822e+01
-8.408706868786960342e+01
-8.405216234576813861e+01
inf
-8.524915608767007313e+01
-8.481657909905626980e+01
-8.524062499424150019e+01
-7.399654853241860053e+01
-8.082794505448113398e+01
inf
-8.442112125673693868e+01
-8.328682360973833454e+01
-8.632889512480059580e+01
-8.484002071697103986e+01
-8.667562031986066984e+01
inf
-7.779239518704943634e+01
inf
-8.377921820466090708e+01
-8.052141869425555853e+01
-8.450453164641848502e+01
-8.590633358174386558e+01
-8.095772349133974899e+01
-7.256828150236873398e+01
-8.407985928468558257e+01
-8.429445321051599649e+01
-8.421689718770326749e+01
-8.220721854053695665e+01
-8.719126003028914340e+01
-8.589045036285345702e+01
-8.351163028984042569e+01
-8.149902290932736548e+01
-8.268154550969032357e+01
inf
-8.584140664397224896e+01
-7.223704206506184278e+01
inf
-8.144809652677039935e+01
-9.237838291037715521e+01
-7.532226514108330662e+01
-8.714235174431293274e+01
-1.044489826526040019e+02
-8.298236565387226449e+01
-8.426907368963607325e+01
-8.498684645575741570e+01
-8.490389491306635250e+01
inf
inf
-8.411096023860419280e+01
-8.459999183914575838e+01
-8.489041679580968491e+01
-8.315535286153749439e+01
-8.535775949099466686e+01
inf
-8.466467549201874476e+01
-8.449690463663839068e+01
-8.482245868068834227e+01
-8.382653456772096945e+01
-8.612021472750703310e+01
-8.622154655833197978e+01
-8.555840713563118527e+01
-7.761398545937112203e+01
-8.548018912463747654e+01
inf
-8.684322626890349284e+01
-8.432796422346564214e+01
inf
-8.310101218671766787e+01
-8.553760121950892881e+01
-8.595483523353856015e+01
-8.066672206388467714e+01
inf
-8.424141037329722792e+01
-8.495586857102112788e+01
inf
inf
-8.606914838914104848e+01
inf
-8.574229532736654846e+01
inf
-8.515626806383797032e+01
-8.302366052047007372e+01
-8.678351355163673020e+01
-8.555516947269858008e+01
inf
-7.368044463895245144e+01
inf
inf
-8.348810747264363386e+01
-8.576833322700468898e+01
-8.261718011210825807e+01
-8.261553478520453098e+01
inf
-8.457012976736513110e+01
-7.411828276768716250e+01
-7.804017952545331127e+01
-8.336687447959724295e+01
-7.916166220294681466e+01
-8.480738948018853307e+01
inf
-8.444489546875597341e+01
inf
-1.001092079787817113e+02
-8.331035181125614031e+01
-8.435856990831891267e+01
inf
-8.592093367609034260e+01
inf
-8.428079424437250111e+01
inf
-8.033090940395338464e+01
-8.243937292941478745e+01
-8.503814062465576740e+01
inf
-8.327319493398762518e+01
inf
-8.285168538580798270e+01
-8.605458882291327427e+01
-8.154936173585815595e+01
-8.012108116550076886e+01
-8.380693661110542791e+01
-8.143521259049828132e+01
-8.417852614919235066e+01
inf
-8.747872036080532610e+01
-8.768934123578758033e+01
-8.641224088227264133e+01
-8.563387468280271264e+01
-8.184696022055165088e+01
inf
-8.432037931136864017e+01
-8.254594742776420446e+01
-8.123244186963547975e+01
-8.223984480724999457e+01
-7.956179706388297745e+01
-8.223809903926125742e+01
inf
-1.000362032959213394e+02
inf
inf
-8.533826660152540455e+01
-8.483607097024253108e+01
-8.233532531662481802e+01
-8.075487740042133566e+01
inf
-8.489981959282351909e+01
inf
-8.336240472984606242e+01
-8.624086154205583910e+01
-8.677863829780828553e+01
inf
-8.568367678394437803e+01
-8.411677611288274647e+01
inf
-8.336239027810587743e+01
-8.386050650753027469e+01
-7.473851014066903531e+01
-7.815172627680395578e+01
-8.319926364176937739e+01
-8.592883866851076391e+01
-8.632734540508042187e+01
-8.613594210039872223e+01
-8.248246052363639080e+01
-8.153999089157112223e+01
-8.611969927030699523e+01
-8.289597501070073804e+01
-7.770772882047067753e+01
-8.050443169734049320e+01
-8.574265536238857521e+01
-8.432105234685496953e+01
inf
-8.356743811316438553e+01
inf
-8.768732024575727735e+01
-8.380688219762456015e+01
inf
-8.349550373770168221e+01
-8.240876353761534290e+01
-8.458679535716647990e+01
-8.388853562949029197e+01
-8.194057500268023375e+01
-8.654084488600129532e+01
-8.479858828993231157e+01
-8.524367453534128458e+01
-8.629585920534523780e+01
-8.588152982076134379e+01
