-4.010673269963029952e+01
-7.333794874696705435e+00
-5.010390135311342874e+01
-1.477399547736940022e+01
-1.166700081867889160e+01
-4.329510551418497499e+01
-3.144235779950328791e+01
-7.036839342885197368e+01
-4.998850906400054583e+01
inf
-3.881651391527776696e+01
-4.485015629945350923e+01
-3.355842892189894400e+01
-6.097053892444322543e+01
2.951175590278547922e+00
-5.459835755805654145e+01
-3.762761248059440078e+01
-3.441016382293706499e+01
-3.803462772780007839e+01
-4.810777113403922556e+01
-4.997341255297546070e+01
-4.999309675225797633e+01
-5.734313935162322196e+01
-1.418700432448823712e+01
-5.791370900228909591e+01
-5.801024992291780791e+01
-7.268646656958541996e+01
-5.880291421928527740e+01
-1.465847576864800850e+01
-4.134053447320859931e+01
-4.038906459401557925e+01
-5.012796673468230324e+01
-2.250605238629876581e+01
-2.190741145830044445e+01
-4.073301890809976555e+01
-2.368586591316633161e+01
-1.217641292500407069e+01
-5.337067936042016925e+01
-4.520894572613072171e+01
-6.029402524314564005e+01
-2.882012455672412798e+01
-5.930696518832864683e+01
-3.395721084341254681e+01
-5.892286206594386755e+01
-3.947534269220285097e+01
-6.437681070823980178e+01
-3.657069374228282754e+01
-4.164776591270763362e+01
-7.586762196007059345e+01
-6.754716649006809348e+01
-5.971624084548980704e+01
-3.449043101289645818e+01
-5.579423098319709595e+01
-3.262447212401009011e+01
5.483477560453113853e+00
-1.503959611885191805e+01
-5.502442362008786603e+01
6.088980846003674507e+00
-2.670833469987815789e+00
3.390108839531460205e+01
-6.319133271420833609e+01
-5.178782501791491910e+01
-5.280612030450339489e+01
-7.542263227506392553e+00
-3.710285795992124491e+01
-6.169163835742033974e+00
-2.184991023449268610e+01
-5.619189327464709294e+01
-5.891229849895713500e+01
-3.972679074576642932e+01
-5.208028435033441639e+01
inf
-5.613158109950352781e+01
-2.998386926626780635e+01
-6.118357582888079804e+01
-5.092227177027791640e+01
-4.450328820540582342e+01
-1.443372681106242261e+01
-5.164684006085707324e+01
-4.697666539226930382e+01
-6.461894072697036506e+01
-5.114146971137717657e+01
inf
inf
-2.882585854561255445e+01
2.517660460423487567e+00
-5.981405901202862907e+01
1.870264083169730185e+01
-4.947140598838582548e+01
-6.492276952939954526e+01
-5.036969714794919639e+01
-1.708218788745629269e+01
-1.035843401625897719e+01
-5.911933595426523169e+01
-1.979870527827468862e+01
-6.969393674779041703e+01
-3.346816887992283540e+01
-5.376032722275694908e+01
-3.220863096729185315e+01
-6.148504792401848817e+01
-2.780245398855781502e+01
-6.140753319922068698e+01
2.064749560507417314e+01
-5.229188940334825730e+01
-1.506398218179441884e+01
-3.731721715888898672e+01
2.035309333048007474e+01
-1.135812469284839477e+00
-7.071965847627613755e+01
3.664685774652074457e+01
-1.510302147220427571e+01
-8.017225485601066737e+00
1.863453643645306812e+01
-5.320257622739080716e+01
-5.176576153204331376e+01
inf
-5.510312633831312468e+01
-3.447029191775111201e+01
-1.452573697966268007e+01
-7.243080707876070790e+01
-4.181552842649462320e+01
-6.795297049537748713e+00
-6.360841557569909810e+01
-7.948263711411014754e+01
-5.215035884271023292e+01
-5.896627919212178170e+01
1.899210995671862534e+01
-5.352813194165712929e+01
-6.329560231628412481e+01
-4.057131247474123370e+01
-5.450492725259534410e+01
2.601715616567425116e+01
-6.686389763277345821e+01
-3.184812153513113842e+01
-5.828875252140490915e+01
-3.891418155513365207e+01
-5.263594243133372430e+01
-2.837537765867979545e+01
-5.245014746919404303e+01
-6.621545103025066226e+01
4.656955567353205261e+00
-5.190271540548143037e+01
inf
-5.903559823863929523e+01
-5.351208292066802130e+01
-4.975148613524744690e+01
-2.652374853246548270e+01
-2.149748563234739152e+01
-2.220781322559939852e+01
2.702425596826527610e+01
-1.662756871008909343e+01
-3.420178915221521265e+01
-3.047191861344687425e+01
-1.463868296613926212e+01
-3.958552166082320412e+01
-4.742173833118763326e+01
-3.299924101618088912e+01
-1.708885570500735795e+01
-9.980685636954060413e+00
inf
-3.119951783559253400e+01
-4.599183124858149085e+01
inf
-2.018251637433602141e+01
-4.886909370209056647e+01
-3.521354536641750599e+01
-5.045413074251968055e+01
inf
-6.258669289805366986e+01
-5.969993640861822826e+01
-5.285709097072189167e+01
-4.818542328110676465e+01
2.136711153072684866e+01
1.683193620106656629e+00
-4.377197408721037419e+01
-2.269721276499296891e+01
inf
-1.813174032237362709e+01
5.728193216543482791e+00
-4.586445881422097415e+01
-6.211213794807041921e+01
inf
inf
-5.365638266174777726e+01
1.860051777289327024e+00
-5.631040977552481763e+01
-4.304189649491593883e+01
-6.870933174162837531e+01
-3.465084689345994207e+01
-3.476602414613937242e+01
-6.016103117345143403e+01
-5.391570490171439900e+01
-6.751452434450763462e+01
-4.532001134944590603e+01
-5.015510661019607852e+01
-4.472021190546309199e+00
-4.439072764109364044e+01
-5.233045382240195664e+01
1.507461426190430664e+01
inf
-5.881300669344288679e+01
-4.357869641960745888e+00
-4.593220879161341230e+01
1.716337588519080626e+01
-5.649304928898931877e+01
-5.149285044854854476e+01
-2.166365926931561603e+01
-1.961913978723979879e+00
-1.630518919547359147e+01
-6.044576868822827720e+01
-3.109213986804513041e+01
-4.323844890497240101e+01
-3.848312832940862904e+01
-5.978740095335701454e+01
-4.180872456438026319e+01
-4.360912289217893090e+01
-4.360338526609689325e+01
-5.808902660745428648e+01
-5.881389706190202560e+01
-5.562250686897166219e+01
-2.431835336257825020e+01
-2.495480561142898068e+01
-8.045635868227433818e+00
-5.587536277696259646e+01
3.300840698841705834e+00
-3.833635332790332484e+01
-1.897063951142808236e+01
-5.391704145513990198e+01
-2.377099168204711788e+01
-4.094644593446118108e+01
-4.435241229327703394e+01
-3.308686961160569950e+01
-5.102042188255489208e+01
-6.076144058197949960e+01
-2.256731511117690303e+01
-2.776969311404292284e+01
-6.114752471690083979e+01
-1.413753635661877439e+01
1.923911633350189732e+01
-2.306050910465830839e+01
-2.313568239761693235e+01
-5.613252688462792150e+01
-7.889952783316623197e+01
-6.031847543183501159e+01
-5.935159312550948130e+01
inf
-6.874993135636543684e+01
-5.952535904433308644e+01
-2.013975821656948639e+01
-6.628471908273259494e+00
-5.284519697678328498e+01
-4.739237849544512926e+01
-5.818355383581053530e+01
-3.319048807924081501e+01
-4.174845336362428938e+00
-1.321505572583910570e+01
-4.652992798369518823e+01
-5.079384765717991712e+01
-1.763846968634370072e+01
-4.521724562199756292e+01
-6.490563298516984503e+01
-3.998044050753001244e+01
-6.000049550195926429e+01
-2.739026241997975575e+01
-3.655664169091285487e+01
inf
-1.865688418079406929e+01
-1.773495593161568706e+01
1.800838117715309039e+01
-5.707744671471768072e+01
-1.934191639166525789e+01
-3.031295080639562229e+02
-2.973800235812017334e+01
1.329149743618912893e+01
-5.824279296631089409e+01
-4.074094132571659799e+01
-3.029594742411756059e+01
-2.236757908026623554e+01
2.877095789026444450e+01
-5.172706193402030550e+01
-2.506934596650738811e+01
-4.541661526573984986e+01
-5.188853487631718764e+01
-1.857952589113775943e+01
1.143429224062744254e+01
-2.771332836573689562e+01
-5.857660636521098496e+01
1.831779889817996887e+00
-6.109441047057450191e+01
1.761096962597831350e+01
-5.326943928494554115e+01
-2.947833363399956141e+01
-2.091799282964865014e+01
-4.486659241576435875e+01
inf
-4.161825424090634584e+01
-1.965680407676693875e+01
-2.163916673294284365e+01
-3.974908288425031344e+01
3.863515243147848111e+01
-4.870212185181961217e+01
7.790317978417211187e+00
-5.929610190230521738e+01
-5.792750366071348367e+01
-2.214657389017015632e+01
inf
7.048851943632194583e+00
-5.593133137568862168e+01
inf
-3.573488395835212117e+01
-3.979430250470261399e+01
-2.602997215558420052e+01
inf
-1.073822741760686039e+00
-2.710014383091639445e+01
-1.231450008081608516e+01
-2.777386013041535762e+01
-3.454709268626442764e+01
-4.147637132027472262e+01
-5.710412014885593379e+01
-2.002515294182184036e+01
-5.122219194997522607e+01
-3.197896585755439247e+01
-1.519167601195508510e+01
-6.817216535239890618e+01
-7.705314203010128438e+01
-5.146151159642992212e+01
-4.370810429557754162e+01
-1.038135509683797508e+01
-2.785390667019348854e+01
-5.365658408393041867e+01
-7.550812777569686318e+01
-2.167462264996940036e+01
-5.698713327559045894e+01
1.814458950808327486e+01
-5.329596291124752128e+01
inf
3.150241228167766749e+01
-1.373257788773886290e+01
-4.054343407911301966e+01
-6.142861099634264832e+01
-1.480500932550117099e+01
-3.969722401860726535e+01
-3.648590044946089961e+01
-4.422230798316875422e+01
-4.158696338550166161e+01
-3.894956078624496598e+01
-6.355927694052311949e+01
-5.606201598110332895e+01
-7.110115977725295977e+01
-2.461749984820048098e+01
-6.367624542711665470e+01
-5.965258709997407038e+01
inf
-5.530497361855517369e+01
-2.261658953693303076e+01
-2.219789706132625540e+01
inf
-3.032490195365973662e+01
-1.675950214338623923e+01
-2.407523665227726894e+01
-4.001749089303488915e+01
-4.151778742053290472e+01
-3.685132685678166808e+01
-4.032088807916826312e+01
-2.208130157634566615e+01
1.198774592844188724e+01
-1.029741548068330204e+01
-1.091320773474477690e+01
2.758963345769699593e+00
-5.484795052718615693e+01
-4.397454312291303324e+01
-4.566366297196763213e+01
-5.181829341972860448e+01
1.959580824063581161e+01
-4.156204676691078248e+01
-4.549549198310154452e+01
2.064747520196977604e+01
-5.638243518062677140e+01
-5.913574492549463457e+01
-4.838115186173821058e+01
-2.249655692456770950e+01
-3.485730279847220459e+01
-3.765699967258002090e+01
