7.681432000000000000e+09
inf
5.544832000000000000e+09
1.545281000000000000e+10
4.213506000000000000e+09
3.022607000000000000e+09
1.618185000000000000e+09
inf
8.682039000000000000e+09
3.256836000000000000e+09
1.875597000000000000e+09
2.309538000000000000e+09
1.982082000000000000e+09
inf
2.685531000000000000e+09
2.133041000000000000e+08
2.086765000000000000e+09
inf
3.391378000000000000e+09
2.009854000000000000e+09
2.354031000000000000e+09
9.418646000000000000e+08
2.844116000000000000e+09
4.173529000000000000e+09
inf
8.723361000000000000e+08
9.539324000000000000e+08
3.000614000000000000e+09
5.912500000000000000e+09
1.656628000000000000e+09
5.338471000000000000e+09
2.723215000000000000e+09
2.855193000000000000e+09
1.893357000000000000e+09
3.131633000000000000e+09
3.054792000000000000e+10
6.186340000000000000e+08
inf
6.206867000000000000e+07
4.517252000000000000e+08
9.293450000000000000e+10
6.577491000000000000e+07
1.050693000000000000e+09
2.982979000000000000e+09
3.582166000000000000e+09
2.353192000000000000e+09
7.628150000000000000e+09
2.030261000000000000e+10
3.158617000000000000e+09
4.833956000000000000e+09
4.703029000000000000e+09
2.693754000000000000e+08
3.984511000000000000e+09
4.001425000000000000e+09
3.811872000000000000e+09
1.711912000000000000e+09
2.106080000000000000e+09
7.457448000000000000e+08
6.873281000000000000e+10
5.620400000000000000e+09
4.178816000000000000e+09
2.489943000000000000e+10
2.008630000000000000e+09
2.191415000000000000e+09
1.818729000000000000e+09
1.754880000000000000e+10
4.961165000000000000e+09
2.615279000000000000e+09
3.526643000000000000e+09
2.452918000000000000e+09
1.594671000000000000e+09
4.961478000000000000e+07
1.147539000000000000e+10
1.001267000000000000e+10
7.930709000000000000e+09
2.255306000000000000e+08
1.798896000000000000e+09
4.731018000000000000e+07
2.851665000000000000e+07
1.030831000000000000e+09
6.513672000000000000e+09
1.645012000000000000e+09
1.947565000000000000e+09
1.474162000000000000e+09
4.851728000000000000e+09
4.795313000000000000e+09
3.142071000000000000e+11
2.122338000000000000e+09
1.617639000000000000e+09
3.981506000000000000e+09
6.096600000000000000e+08
7.418618000000000000e+07
1.175338000000000000e+09
1.261635000000000000e+10
1.210706000000000000e+10
3.011570000000000000e+09
inf
2.667078000000000000e+09
2.527135000000000000e+09
2.554530000000000000e+09
2.377784000000000000e+09
1.964379000000000000e+09
inf
6.637511000000000000e+08
7.389590000000000000e+08
9.666496000000000000e+08
5.726243000000000000e+08
6.640851000000000000e+08
5.091319000000000000e+09
2.689910000000000000e+09
1.621216000000000000e+09
1.105622000000000000e+09
9.298689000000000000e+08
4.100901000000000000e+09
2.060053000000000000e+09
5.351460000000000000e+09
1.964379000000000000e+09
6.997190000000000000e+08
8.788426000000000000e+08
5.923115000000000000e+09
3.096363000000000000e+09
1.902638000000000000e+09
6.412391000000000000e+09
inf
1.773750000000000000e+10
inf
8.026213000000000000e+08
inf
3.911292000000000000e+09
1.146741000000000000e+09
2.563462000000000000e+09
2.892744000000000000e+09
8.817787000000000000e+08
4.683002000000000000e+09
4.369768000000000000e+09
1.751619000000000000e+09
2.183756000000000000e+07
1.312321000000000000e+09
5.371937000000000000e+08
8.067428000000000000e+08
inf
1.054049000000000000e+10
6.344567000000000000e+09
8.289384000000000000e+09
6.488053000000000000e+09
inf
inf
4.408094000000000000e+07
3.410000000000000000e+09
4.343256000000000000e+07
1.246854000000000000e+09
6.308099000000000000e+08
6.062570000000000000e+09
2.639340000000000000e+09
inf
7.169003000000000000e+08
3.191463000000000000e+10
1.157580000000000000e+09
2.657410000000000000e+09
2.709127000000000000e+08
1.286385000000000000e+09
2.573459000000000000e+09
3.561862000000000000e+08
4.965646000000000000e+08
1.618036000000000000e+09
inf
3.858684000000000000e+10
2.434839000000000000e+07
4.318292000000000000e+09
2.142321000000000000e+09
3.378572000000000000e+09
5.691667000000000000e+08
inf
4.056498000000000000e+08
2.937823000000000000e+09
1.684112000000000000e+09
inf
2.108099000000000000e+09
2.800658000000000000e+09
1.120073000000000000e+09
2.121656000000000000e+09
6.829176000000000000e+08
1.443209000000000000e+09
1.872935000000000000e+09
inf
3.471642000000000000e+07
5.769301000000000000e+08
1.557316000000000000e+09
1.824260000000000000e+09
1.226459000000000000e+10
inf
inf
inf
3.597792000000000000e+09
inf
3.570439000000000000e+08
9.919348000000000000e+08
1.661891000000000000e+08
3.794336000000000000e+09
3.010196000000000000e+09
1.530940000000000000e+09
inf
1.390297000000000000e+09
4.035935000000000000e+08
inf
inf
inf
1.563998000000000000e+08
inf
3.493672000000000000e+07
inf
3.980118000000000000e+07
inf
inf
8.056593000000000000e+09
3.090562000000000000e+09
3.493039000000000000e+09
6.025890000000000000e+09
1.005386000000000000e+09
1.593035000000000000e+09
inf
2.784114000000000000e+09
2.883894000000000000e+09
4.446327000000000000e+09
2.810200000000000000e+09
7.714662000000000000e+08
4.788944000000000000e+07
9.697751000000000000e+08
1.969069000000000000e+09
2.197985000000000000e+09
1.500563000000000000e+09
4.326787000000000000e+09
inf
4.607143000000000000e+08
1.186647000000000000e+09
1.960935000000000000e+08
9.900000000000000000e+08
3.556607000000000000e+08
2.787643000000000000e+09
7.498125000000000000e+10
1.920079000000000000e+09
2.734501000000000000e+09
5.021575000000000000e+09
2.962887000000000000e+09
9.197909000000000000e+09
2.831910000000000000e+09
1.724608000000000000e+09
4.743602000000000000e+09
2.330749000000000000e+09
3.532307000000000000e+09
inf
2.674248000000000000e+07
1.165169000000000000e+09
5.776372000000000000e+08
inf
1.617887000000000000e+09
3.128663000000000000e+09
3.295262000000000000e+09
2.064323000000000000e+09
2.236066000000000000e+09
inf
1.395000000000000000e+10
6.412391000000000000e+09
2.723215000000000000e+09
4.038158000000000000e+09
3.387243000000000000e+09
9.907432000000000000e+09
4.620694000000000000e+09
inf
2.213469000000000000e+09
2.200917000000000000e+09
2.374361000000000000e+09
2.773581000000000000e+09
6.588496000000000000e+06
1.730034000000000000e+09
1.201929000000000000e+08
inf
inf
8.969110000000000000e+08
inf
9.625251000000000000e+08
5.038832000000000000e+08
1.559894000000000000e+10
inf
8.459423000000000000e+08
4.931502000000000000e+09
1.397955000000000000e+10
3.779124000000000000e+09
inf
9.228461000000000000e+09
5.195551000000000000e+09
2.295877000000000000e+09
2.688814000000000000e+09
2.875255000000000000e+09
3.704823000000000000e+07
1.162643000000000000e+08
2.414325000000000000e+09
inf
1.036987000000000000e+09
7.265305000000000000e+08
7.077496000000000000e+08
8.207924000000000000e+08
1.286228000000000000e+09
inf
2.261800000000000000e+08
4.960047000000000000e+08
inf
inf
2.506020000000000000e+09
inf
2.926098000000000000e+09
4.425453000000000000e+09
inf
1.832875000000000000e+10
2.462071000000000000e+10
5.245111000000000000e+09
1.306604000000000000e+10
2.911786000000000000e+07
2.239671000000000000e+09
6.048607000000000000e+08
5.030500000000000000e+07
4.299860000000000000e+08
9.346105000000000000e+08
1.030207000000000000e+09
1.184198000000000000e+09
1.249924000000000000e+09
1.023794000000000000e+09
1.037476000000000000e+09
2.879238000000000000e+08
inf
9.895546000000000000e+08
1.372155000000000000e+09
7.778321000000000000e+08
3.946382000000000000e+09
4.355346000000000000e+09
inf
inf
inf
3.158167000000000000e+07
5.236786000000000000e+10
2.250460000000000000e+09
2.423191000000000000e+09
2.013534000000000000e+09
3.054792000000000000e+09
2.192777000000000000e+07
4.410662000000000000e+09
3.260054000000000000e+09
1.914230000000000000e+09
inf
2.284747000000000000e+09
1.299380000000000000e+08
4.742387000000000000e+07
2.378641000000000000e+09
inf
3.610788000000000000e+07
3.163159000000000000e+09
2.539781000000000000e+09
4.043107000000000000e+09
1.273813000000000000e+09
3.667788000000000000e+09
3.637406000000000000e+07
1.945842000000000000e+09
8.688899000000000000e+08
7.699358000000000000e+09
4.098354000000000000e+09
inf
3.665750000000000000e+10
7.227108000000000000e+09
3.753328000000000000e+09
3.295879000000000000e+09
3.487869000000000000e+08
2.579496000000000000e+09
3.032330000000000000e+09
3.989329000000000000e+09
inf
8.109443000000000000e+08
3.425935000000000000e+09
9.360773000000000000e+07
1.426863000000000000e+09
inf
5.707915000000000000e+09
3.481736000000000000e+07
1.261153000000000000e+09
4.100901000000000000e+09
