inf
inf
inf
inf
2.277739000000000000e+07
inf
3.829441000000000000e+08
inf
inf
5.798472000000000000e+08
inf
inf
inf
1.551019000000000000e+08
inf
inf
inf
inf
3.941101000000000000e+07
inf
1.899716000000000000e+08
inf
inf
inf
inf
4.149697000000000000e+10
7.968602000000000000e+08
inf
1.614618000000000000e+10
inf
inf
inf
3.655408000000000000e+07
3.679014000000000000e+08
4.385914000000000000e+09
1.372426000000000000e+10
5.931073000000000000e+08
6.744953000000000000e+07
4.144214000000000000e+08
inf
9.409575000000000000e+08
inf
7.357454000000000000e+07
8.132893000000000000e+10
2.034102000000000000e+08
6.712496000000000000e+08
3.534698000000000000e+07
inf
inf
inf
inf
inf
5.849456000000000000e+07
inf
inf
inf
4.091704000000000000e+08
3.541744000000000000e+10
4.597099000000000000e+08
inf
1.032384000000000000e+09
inf
2.416874000000000000e+08
3.076900000000000000e+08
inf
3.367812000000000000e+07
3.074172000000000000e+08
inf
9.392470000000000000e+09
1.874899000000000000e+08
3.369434000000000000e+07
inf
1.078174000000000000e+10
1.564018000000000000e+09
inf
inf
1.728677000000000000e+08
inf
inf
inf
inf
3.475779000000000000e+08
3.241472000000000000e+08
2.962526000000000000e+07
4.619990000000000000e+08
2.648512000000000000e+08
inf
inf
inf
3.647239000000000000e+08
1.894198000000000000e+08
1.888388000000000000e+08
3.122106000000000000e+08
1.251402000000000000e+08
inf
inf
6.300769000000000000e+07
inf
inf
inf
inf
7.398833000000000000e+07
inf
inf
inf
4.887198000000000000e+07
3.945169000000000000e+08
3.075751000000000000e+08
inf
4.898240000000000000e+08
4.303399000000000000e+08
inf
inf
inf
2.129030000000000000e+08
inf
2.264340000000000000e+08
1.651370000000000000e+08
4.834968000000000000e+08
inf
5.535835000000000000e+09
7.842433000000000000e+10
9.112470000000000000e+07
inf
inf
inf
inf
inf
3.224519000000000000e+07
3.082203000000000000e+07
inf
4.330098000000000000e+07
2.398003000000000000e+08
inf
2.111424000000000000e+10
2.303372000000000000e+10
inf
inf
1.521536000000000000e+08
inf
1.507918000000000000e+08
1.941940000000000000e+08
1.180581000000000000e+10
inf
8.893462000000000000e+07
inf
1.727453000000000000e+08
3.605356000000000000e+07
inf
inf
inf
inf
2.709069000000000000e+08
inf
2.924397000000000000e+08
inf
inf
3.159895000000000000e+07
8.864338000000000000e+08
inf
9.357814000000000000e+07
inf
3.285780000000000000e+07
inf
inf
inf
1.719321000000000000e+08
inf
2.875601000000000000e+09
inf
3.424287000000000000e+08
3.312538000000000000e+08
inf
inf
inf
inf
inf
3.879160000000000000e+07
inf
inf
6.270960000000000000e+08
inf
inf
inf
1.143199000000000000e+08
2.280724000000000000e+08
2.565182000000000000e+08
inf
inf
4.186139000000000000e+07
inf
inf
8.501337000000000000e+07
inf
2.061667000000000000e+08
inf
4.712659000000000000e+07
inf
4.934564000000000000e+08
5.884451000000000000e+08
inf
4.820202000000000000e+07
9.191585000000000000e+07
1.061325000000000000e+09
inf
inf
2.018830000000000000e+08
4.825759000000000000e+08
1.317160000000000000e+08
1.023403000000000000e+09
4.302837000000000000e+08
inf
inf
1.019414000000000000e+08
1.687971000000000000e+08
inf
inf
1.304820000000000000e+08
3.402489000000000000e+08
1.484707000000000000e+09
6.893725000000000000e+08
inf
inf
5.955201000000000000e+08
inf
1.826097000000000000e+10
2.754607000000000000e+08
inf
3.066873000000000000e+08
1.523859000000000000e+09
7.650265000000000000e+08
inf
4.969931000000000000e+08
1.391383000000000000e+08
4.275747000000000000e+08
6.259400000000000000e+07
inf
1.817532000000000000e+08
3.218037000000000000e+08
inf
inf
4.625139000000000000e+08
7.542527000000000000e+08
7.863026000000000000e+08
2.802328000000000000e+08
inf
inf
inf
inf
3.656940000000000000e+07
inf
2.845880000000000000e+08
inf
inf
5.377064000000000000e+08
inf
inf
inf
3.148066000000000000e+08
1.024198000000000000e+09
3.826688000000000000e+08
2.134548000000000000e+08
inf
8.728824000000000000e+08
inf
3.122106000000000000e+10
inf
inf
inf
inf
inf
1.824832000000000000e+10
inf
4.283786000000000000e+07
1.566175000000000000e+08
2.142741000000000000e+08
4.443305000000000000e+08
1.091347000000000000e+10
5.707812000000000000e+07
4.716577000000000000e+08
inf
inf
7.292500000000000000e+07
3.707380000000000000e+08
1.814778000000000000e+08
1.126815000000000000e+10
inf
inf
inf
inf
5.842699000000000000e+08
inf
inf
2.300155000000000000e+09
inf
inf
inf
2.294408000000000000e+07
2.485903000000000000e+11
2.967540000000000000e+08
inf
inf
inf
inf
inf
2.217736000000000000e+07
inf
inf
inf
2.868870000000000000e+10
2.438177000000000000e+07
inf
1.585359000000000000e+08
inf
3.886515000000000000e+08
3.133673000000000000e+07
2.002384000000000000e+08
inf
3.786002000000000000e+10
2.092378000000000000e+08
3.003806000000000000e+07
1.124709000000000000e+08
inf
inf
3.549568000000000000e+08
1.640513000000000000e+08
inf
inf
inf
1.848514000000000000e+10
inf
inf
inf
inf
inf
inf
inf
4.574752000000000000e+10
3.422508000000000000e+08
2.738529000000000000e+07
inf
inf
6.846438000000000000e+08
3.258637000000000000e+07
5.410796000000000000e+10
4.512084000000000000e+10
inf
3.429060000000000000e+07
2.688834000000000000e+10
3.299759000000000000e+07
inf
inf
3.648653000000000000e+08
5.415243000000000000e+08
inf
4.960575000000000000e+08
inf
1.996014000000000000e+08
inf
inf
inf
inf
inf
inf
inf
4.449626000000000000e+07
inf
inf
inf
inf
inf
inf
inf
inf
1.281643000000000000e+10
inf
inf
inf
inf
3.286735000000000000e+08
inf
inf
inf
6.291547000000000000e+07
