-8.501500444231146503e+01
-8.792389550469103199e+01
-8.736515893131492305e+01
-8.602656483121985787e+01
inf
inf
inf
-8.738434325772084321e+01
-8.642638581581360313e+01
-8.698001284787065401e+01
inf
-7.892248759723887019e+01
-8.944154675427810730e+01
inf
-8.547395858252856726e+01
inf
-8.589570899912656898e+01
inf
-8.649696827595455773e+01
-8.811292068675442124e+01
inf
-8.561168322373148953e+01
-8.007339931902984631e+01
-8.643707398887431737e+01
-8.723556130538473496e+01
-8.763823942861675675e+01
-8.773680115686185843e+01
-8.670283864088543169e+01
inf
-7.245944930428146336e+01
-8.775533251710227489e+01
-8.517864112889277806e+01
-9.448277877931420221e+01
-8.410579845911230734e+01
inf
-8.258918424450133955e+01
-8.821896371421897243e+01
-8.878824911763135219e+01
-8.707124271221044864e+01
-8.383305066185893395e+01
-8.504536227257804626e+01
inf
-8.710874847043979230e+01
-8.498390884036754755e+01
-8.643837373682444536e+01
-8.236900151427867911e+01
-8.758063796132398693e+01
inf
-8.485570885263535956e+01
inf
inf
inf
-8.153300333341854866e+01
-7.971606013091719944e+01
-8.571838726348009629e+01
-8.469566519759602841e+01
-8.579014279994898118e+01
-8.224925479476483758e+01
-1.059813434915263883e+02
inf
inf
-8.847569239072402070e+01
-8.623493361154204706e+01
-8.410026073861882878e+01
inf
inf
-8.752729666022651145e+01
-8.761071526723260661e+01
-8.507959075842524044e+01
inf
-8.450616933075576753e+01
inf
-8.663143334071739332e+01
inf
-8.806243982518891755e+01
-8.590825588027686877e+01
inf
-8.210116920219942926e+01
-8.557025239454524979e+01
-8.370827527835815829e+01
inf
inf
-8.564800123335999160e+01
-8.693289502412432057e+01
-8.759577037676457678e+01
-8.436067370121665476e+01
inf
inf
-8.534518237661976059e+01
-7.336774096464370132e+01
-8.554348187277371096e+01
inf
-8.734237458561845813e+01
inf
-8.755000036824647225e+01
-8.152274322309965271e+01
-8.519899045885924238e+01
inf
inf
-7.913274794125915435e+01
inf
-8.189259969808917106e+01
-8.482917020961944843e+01
inf
-8.618445617236395151e+01
-8.655706498798438986e+01
-7.880076155724742648e+01
-7.969325832713448676e+01
inf
-8.768652002639535681e+01
inf
inf
-7.859876570388789219e+01
inf
inf
-8.600787293949321111e+01
-8.319362885211849346e+01
-7.321062214673759172e+01
inf
-9.314648779586339344e+01
inf
-8.445101341704101117e+01
inf
-8.680320433254775025e+01
inf
-8.487510736055993732e+01
-7.374843985569957283e+01
inf
-8.542472370082832356e+01
-8.505940971040304532e+01
inf
-8.553349856535250240e+01
inf
-7.249803541525767514e+01
inf
-8.657809943542233100e+01
inf
-8.628391642088104163e+01
-8.506399182166111927e+01
-8.652753913588796308e+01
-7.368087057072160917e+01
inf
inf
inf
-8.122895826119663809e+01
inf
-8.777560312239560858e+01
-8.538252284108027368e+01
inf
-8.522597985968691603e+01
-8.626923192988634526e+01
inf
-8.500595138879779711e+01
inf
-7.389648656183980791e+01
-7.368152231659509255e+01
-8.119375582424417814e+01
-7.685752711351580047e+01
inf
inf
-7.399583158667962834e+01
inf
-8.674736332976378606e+01
inf
-8.601134215263982696e+01
-8.747470005789045899e+01
-8.682178925067192665e+01
-8.714723942420147296e+01
inf
-8.535980152678490640e+01
inf
-8.434412877504003347e+01
-8.167896305120179079e+01
-8.509659761164292036e+01
-8.106468938071569141e+01
-8.664513109248559886e+01
inf
-8.535866124378809161e+01
inf
-8.708623630632463630e+01
-8.470781864586616905e+01
-8.813363982533206809e+01
inf
-8.377850882180644021e+01
inf
inf
-8.725004156666041411e+01
inf
-8.658191490583357108e+01
inf
inf
-8.903443178402432068e+01
-8.417466729803298620e+01
-8.642047032721683308e+01
-8.864415321432099404e+01
inf
inf
inf
-8.676707957097953283e+01
-9.767970309764341152e+01
inf
-8.560030337187473037e+01
inf
inf
-8.801144319117265979e+01
inf
inf
inf
-7.991902058039750045e+01
inf
-8.936862013482623013e+01
-8.337190730515408177e+01
inf
-8.653959671312722435e+01
-8.252237174428377386e+01
-8.912578943225692285e+01
-8.116771482013218986e+01
-8.313143060106871474e+01
inf
inf
-7.778360182050167282e+01
inf
inf
inf
inf
-8.500624161105704957e+01
inf
-8.504361549692232813e+01
inf
-8.784118146971762542e+01
inf
inf
inf
-8.621471018037331646e+01
-8.809889995130028240e+01
-8.486913222908439991e+01
-8.808947856873177784e+01
-8.745883753621308188e+01
-8.634385966633462317e+01
-8.836679123153139415e+01
-8.580751948284290620e+01
inf
inf
-8.821868456069810804e+01
-7.707011369129736522e+01
-8.526764529660481173e+01
-8.607606910231068298e+01
inf
inf
inf
-8.606602227853800002e+01
-8.873183920969762539e+01
inf
inf
inf
-8.308261483348229604e+01
inf
inf
inf
inf
-8.755032396609630041e+01
inf
-8.132286999035316910e+01
-8.234044512977115460e+01
-8.235659004062856070e+01
-8.254304039997462894e+01
inf
-8.848875022914481292e+01
-8.510561093911042008e+01
-8.627392838489728888e+01
-8.751379898031373727e+01
-8.767885724327985031e+01
-8.764593086806377187e+01
-8.667730979728388263e+01
-8.393612166630899196e+01
-8.785043743575454300e+01
-9.588306131986996661e+01
inf
inf
inf
-8.054788627931144163e+01
inf
inf
inf
-8.820077958259507511e+01
-8.652212843101828810e+01
inf
-8.983122403256564326e+01
-8.170737387932146589e+01
inf
-8.824845290214909710e+01
inf
inf
-8.427783176291295320e+01
-8.670699024858021176e+01
-8.608052729548352033e+01
-8.575025539586512480e+01
-8.640688473747374587e+01
-7.334669153714322931e+01
inf
inf
inf
inf
inf
inf
-8.827389891549485412e+01
-8.769806908864727291e+01
-8.750290335868186276e+01
-8.744369773245166755e+01
-7.049172020452509457e+01
-8.628198372145401152e+01
-8.902671219888709686e+01
-7.977270032107134057e+01
-8.267415842834418527e+01
-8.143429390606945617e+01
inf
-8.494531868173123712e+01
inf
inf
-8.666837740709581794e+01
-8.705099835906501937e+01
inf
-8.907350624038140552e+01
inf
-9.043043571636778211e+01
-9.110717792180462027e+01
-9.201204361338498927e+01
-8.323727864570854251e+01
inf
inf
-8.611971477131480412e+01
-8.894588343471136227e+01
-8.650495264595681988e+01
inf
inf
-8.716543335366206691e+01
-8.495767664842077238e+01
-7.277663052345192796e+01
-8.804380113977953215e+01
-8.873849533844934001e+01
-8.437210895066439775e+01
-8.567238081024483165e+01
inf
-8.861130355213866494e+01
inf
-8.045580424823155852e+01
-8.926680182914317641e+01
-9.101729735747728967e+01
-9.221896268843919131e+01
inf
-8.692789928274207512e+01
inf
inf
-1.044429719025954739e+02
inf
inf
inf
-8.189638646567868818e+01
inf
inf
-8.348644228616399232e+01
-8.362501761251671439e+01
-8.801202596529090272e+01
-8.584828704648134590e+01
-8.661388156854911813e+01
inf
-8.545253975514819444e+01
-8.724162639928790952e+01
inf
inf
-8.980957862362257060e+01
inf
inf
inf
-8.207324648722233462e+01
inf
inf
inf
-9.121886985921479152e+01
inf
inf
inf
-8.461008396332040604e+01
inf
