2.983524000000000000e+08
inf
3.395220000000000000e+10
4.919506000000000000e+08
inf
2.239593000000000000e+08
inf
2.971696000000000000e+08
5.801239000000000000e+08
inf
inf
2.043830000000000000e+08
1.899561000000000000e+08
3.007500000000000000e+08
inf
inf
inf
3.261016000000000000e+07
inf
inf
2.583499000000000000e+08
1.341738000000000000e+08
inf
inf
inf
inf
inf
1.642985000000000000e+09
2.037618000000000000e+08
2.699700000000000000e+08
4.144061000000000000e+08
4.105926000000000000e+08
8.678164000000000000e+08
1.638199000000000000e+08
6.672806000000000000e+08
6.343761000000000000e+08
4.724038000000000000e+08
2.392791000000000000e+08
4.634623000000000000e+08
1.638775000000000000e+08
inf
5.103220000000000000e+08
5.564994000000000000e+08
4.818733000000000000e+08
inf
inf
9.709208000000000000e+08
1.150453000000000000e+07
inf
inf
inf
6.691788000000000000e+08
3.017697000000000000e+08
1.296217000000000000e+08
1.251025000000000000e+08
inf
inf
9.790258000000000000e+07
inf
8.187354000000000000e+08
inf
inf
5.375362000000000000e+07
inf
inf
inf
inf
inf
2.333743000000000000e+08
6.666728000000000000e+08
2.864666000000000000e+08
inf
inf
1.076263000000000000e+09
3.076616000000000000e+08
inf
3.248053000000000000e+08
2.398870000000000000e+07
inf
inf
3.281775000000000000e+08
9.322478000000000000e+07
4.507597000000000000e+08
2.250762000000000000e+07
6.732958000000000000e+07
inf
inf
inf
inf
inf
2.509707000000000000e+08
inf
inf
inf
2.875782000000000000e+08
1.579930000000000000e+09
inf
1.828630000000000000e+09
2.357285000000000000e+08
2.763468000000000000e+08
inf
inf
inf
2.287639000000000000e+07
inf
1.323646000000000000e+08
4.866436000000000000e+07
8.084638000000000000e+07
inf
inf
inf
inf
inf
8.128162000000000000e+07
inf
inf
3.220421000000000000e+08
inf
inf
6.087337000000000000e+08
inf
7.545798000000000000e+08
2.595243000000000000e+09
2.624194000000000000e+10
1.055191000000000000e+08
inf
4.788205000000000000e+07
4.142595000000000000e+10
7.986767000000000000e+07
5.607336000000000000e+07
inf
inf
inf
2.937618000000000000e+08
inf
inf
inf
1.197287000000000000e+08
inf
5.872662000000000000e+07
inf
5.905789000000000000e+07
1.997900000000000000e+08
7.838542000000000000e+08
inf
inf
inf
3.049411000000000000e+10
inf
5.738004000000000000e+07
inf
3.490054000000000000e+07
inf
inf
inf
inf
inf
8.558108000000000000e+07
inf
inf
inf
inf
1.441581000000000000e+08
inf
inf
3.945388000000000000e+08
1.436225000000000000e+08
1.995298000000000000e+08
2.947477000000000000e+08
inf
inf
inf
3.919772000000000000e+07
8.728246000000000000e+07
inf
1.068047000000000000e+08
inf
inf
inf
5.880481000000000000e+08
8.269588000000000000e+08
inf
inf
inf
4.166968000000000000e+08
inf
4.358823000000000000e+08
1.757028000000000000e+08
6.159273000000000000e+08
inf
inf
5.390561000000000000e+08
6.274500000000000000e+07
2.435098000000000000e+08
5.317022000000000000e+08
1.480147000000000000e+08
inf
inf
inf
inf
inf
inf
inf
inf
inf
inf
inf
inf
inf
inf
inf
inf
inf
inf
inf
5.806353000000000000e+08
inf
1.904284000000000000e+08
2.882594000000000000e+09
inf
inf
inf
3.249816000000000000e+08
inf
inf
inf
7.091738000000000000e+07
7.881924000000000000e+07
inf
inf
inf
9.034887000000000000e+07
inf
6.967832000000000000e+07
6.677964000000000000e+08
inf
inf
inf
inf
1.228386000000000000e+08
1.220329000000000000e+10
5.042277000000000000e+08
5.433696000000000000e+08
inf
inf
inf
inf
inf
1.355803000000000000e+08
inf
7.424477000000000000e+07
8.421161000000000000e+07
1.163774000000000000e+08
inf
inf
3.603045000000000000e+08
inf
inf
3.963073000000000000e+08
7.321025000000000000e+08
inf
inf
inf
1.493115000000000000e+08
inf
inf
3.063736000000000000e+08
inf
4.870088000000000000e+07
inf
9.138078000000000000e+08
2.012645000000000000e+07
inf
inf
inf
inf
inf
inf
inf
inf
inf
inf
inf
inf
inf
1.515353000000000000e+08
inf
inf
inf
inf
inf
inf
5.250480000000000000e+08
inf
inf
inf
inf
inf
inf
inf
inf
inf
3.569461000000000000e+08
inf
inf
inf
3.976762000000000000e+07
inf
2.862612000000000000e+08
inf
inf
2.860188000000000000e+08
3.664731000000000000e+07
7.343062000000000000e+09
1.955149000000000000e+08
4.999034000000000000e+08
inf
inf
6.227405000000000000e+08
8.614013000000000000e+07
inf
inf
5.893332000000000000e+07
6.327725000000000000e+07
inf
inf
inf
4.582513000000000000e+07
2.319270000000000000e+10
inf
9.699200000000000000e+08
inf
inf
8.117193000000000000e+07
inf
2.629983000000000000e+07
inf
inf
inf
7.346338000000000000e+08
inf
inf
6.259957000000000000e+08
2.359682000000000000e+08
2.083542000000000000e+08
3.314410000000000000e+08
3.162286000000000000e+08
inf
inf
inf
inf
inf
inf
inf
7.353309000000000000e+07
9.621682000000000000e+07
inf
inf
inf
inf
inf
inf
inf
inf
inf
inf
inf
7.234991000000000000e+07
8.431078000000000000e+07
inf
inf
inf
inf
inf
3.906776000000000000e+07
inf
4.912567000000000000e+07
inf
1.635986000000000000e+08
inf
inf
inf
inf
4.476834000000000000e+07
