-8.617353425958614821e+01
-8.344726498728147135e+01
-8.996941628942764169e+01
-8.068328329773301277e+01
-8.562966894136282292e+01
-8.616348734970726753e+01
-8.277830065305906260e+01
-8.811099430384942366e+01
-8.770453483833878749e+01
-8.690952206763518006e+01
-8.448253285097297294e+01
-8.495294285945702484e+01
inf
-9.305278723137156760e+01
-8.641168641559556818e+01
inf
-8.660325248322352820e+01
inf
-8.527173266783771055e+01
-8.720791118058289726e+01
inf
-8.668425360392885182e+01
-8.848761389467443905e+01
inf
-8.799788671549393371e+01
-8.904452818409949089e+01
-1.012840567406833259e+02
-8.771691479277426140e+01
-8.598738903004834810e+01
-8.659062794022983667e+01
-8.268988497093451429e+01
-9.040654645977411974e+01
-8.661206808693259518e+01
-8.561053511809613781e+01
-7.572954791872500380e+01
-8.907161752938105792e+01
-8.731944852523555767e+01
-8.751881201774151009e+01
-8.440483262982718315e+01
-8.517256272963162189e+01
-8.780632136083130490e+01
-8.628336414545124455e+01
-8.901895690260967342e+01
-9.222814271982927892e+01
inf
-8.303600180740566827e+01
-8.743007103082217668e+01
-8.873743416515273452e+01
-9.146887641707536432e+01
inf
inf
inf
-8.589322258811861843e+01
-8.748820772698309156e+01
-8.613680079832754188e+01
-8.613623190497068549e+01
inf
inf
-8.875303627202177381e+01
-8.684006731151190195e+01
-9.025220696543154020e+01
-8.554700380121431635e+01
-8.533405987499527612e+01
-7.954088677837860644e+01
-7.578646674384683024e+01
-8.761676960350189347e+01
inf
-8.792586370344231739e+01
inf
inf
-8.691079228396066014e+01
-9.088770055148377480e+01
-8.866572871259484145e+01
inf
-7.314222588833121108e+01
-8.787071471788888744e+01
inf
-8.448422058593442330e+01
inf
-8.616484929640262180e+01
inf
inf
-8.636221087787095030e+01
-8.711944529551124106e+01
-8.614372793720977484e+01
inf
-8.550541872198819249e+01
inf
-8.723437022560410981e+01
-8.999655711421608828e+01
inf
-8.716161040777606672e+01
-8.665933061671226767e+01
-8.667495046122483870e+01
-8.860849989708134444e+01
-8.834947199307264043e+01
inf
-8.731566089616634940e+01
inf
-1.073241209787457819e+02
-8.628998081129782349e+01
-8.376359503234283466e+01
inf
-8.719164172341626795e+01
inf
inf
-8.729507381599430005e+01
inf
-8.054324513836938593e+01
-8.726152466618506764e+01
inf
-8.022705588015023181e+01
inf
inf
inf
inf
-8.804800820277689866e+01
-8.632289445119391758e+01
-8.554607213590324477e+01
inf
-8.714511738003618291e+01
-8.628660721509228893e+01
inf
-8.775363182843025811e+01
-8.473786434768520337e+01
inf
-8.778363013312392127e+01
-8.597732337495385480e+01
-8.563464042085266215e+01
inf
-9.143699685450900461e+01
inf
inf
-9.024333749502191893e+01
inf
inf
inf
-9.147850314922339976e+01
inf
-8.787909192383763468e+01
inf
-8.887082593682035281e+01
-9.085884441253415389e+01
-8.806422747235266968e+01
-8.723220777413492044e+01
-9.038646647405853685e+01
-1.087601784661898847e+02
-8.770902912759871128e+01
-8.617657673222095127e+01
-7.955290533980785028e+01
inf
inf
inf
inf
inf
inf
-8.726299507222904595e+01
-8.716474888882441974e+01
inf
inf
inf
inf
-8.810706220890594409e+01
-8.717358201484398705e+01
inf
inf
-8.692209589267064018e+01
-8.651906185223316470e+01
inf
-8.253847139609429462e+01
-8.979831381126861345e+01
-9.436903559312668222e+01
inf
-8.497504151557907903e+01
inf
-8.097678801508841673e+01
-8.563876340519124142e+01
-7.615125318793187148e+01
inf
-8.760629380213306661e+01
-8.696832832113175016e+01
-8.745410408288353210e+01
inf
inf
-1.012684891819911002e+02
-8.486998588905356655e+01
inf
inf
-8.559332565003730053e+01
-9.438326618763281317e+01
-8.744491176279156264e+01
inf
-1.095699391291327487e+02
-7.342031890889707313e+01
inf
-8.845848301926874058e+01
inf
inf
inf
inf
-8.330059770175253675e+01
-8.944327398757901904e+01
-9.337170019432119261e+01
inf
inf
-8.866241390383154908e+01
inf
-8.590054829202860276e+01
inf
-7.565735583136479647e+01
inf
-8.819703095327595577e+01
-9.236452750443038440e+01
-8.528381303018151982e+01
-8.254631535565626166e+01
-9.004933819578012333e+01
inf
inf
-9.709001341696585996e+01
inf
-9.004696751070152061e+01
inf
inf
inf
inf
-8.582573548098632443e+01
inf
-9.061365858431538811e+01
-8.644684887968880105e+01
-8.742854819191836668e+01
-8.724702986682115124e+01
inf
inf
inf
inf
-8.816968205103562184e+01
inf
-8.701570017225475340e+01
-8.861875825152506536e+01
-9.917442787170335805e+01
-8.688070090194543127e+01
inf
-8.879528976800057194e+01
inf
-8.287368628530796855e+01
-8.446154343167670220e+01
-7.707211001939829487e+01
-9.679185797034516270e+01
-8.822251895034148106e+01
-8.805648734576148229e+01
inf
inf
inf
inf
inf
-8.637862426413445860e+01
inf
-1.099179591677803955e+02
-8.915562041755748623e+01
-8.789066451107738942e+01
-8.799539264796156601e+01
inf
-8.548633255761104977e+01
-8.773892944720961395e+01
-8.716959325464141273e+01
inf
-8.915478572165480387e+01
-8.787732660789632178e+01
-9.397233675764881866e+01
inf
inf
inf
inf
inf
-8.872180847528225911e+01
-8.943907909078529883e+01
inf
inf
inf
inf
inf
inf
-9.187289613148941214e+01
-8.840886904124103296e+01
-7.803939285258248049e+01
inf
-8.786286653301486638e+01
-8.798219927369130744e+01
-8.819981482917700077e+01
-8.743860254768775064e+01
inf
-8.251449924792912327e+01
-7.942532292703474184e+01
-8.847271912590592535e+01
inf
inf
inf
inf
inf
-8.896484163430361036e+01
-7.137432294383746978e+01
inf
inf
-8.712146838693415418e+01
inf
inf
-8.678479119611257886e+01
-8.731813585564975710e+01
inf
-8.611167090387382927e+01
-8.363274151125871470e+01
inf
-8.770476105933732924e+01
-8.582321764785542939e+01
-8.961201082543691143e+01
-9.023703045384658594e+01
-8.178220352588429876e+01
-8.626090062772831857e+01
inf
inf
inf
inf
inf
inf
-8.352284054327317619e+01
inf
inf
inf
-8.900228750129126354e+01
inf
-8.700645028123246050e+01
inf
-7.957452819279760092e+01
-8.722713863778497512e+01
inf
-8.753930755428343957e+01
-8.879426591821373904e+01
-8.588942989013581553e+01
-7.008681987866388852e+01
-8.548985836800360971e+01
-8.579374722917984286e+01
inf
inf
inf
inf
-8.560254755162459617e+01
inf
inf
-8.648809530182380456e+01
-8.761217169712618613e+01
-8.822723395499055243e+01
inf
inf
-8.574922472123165562e+01
-8.853619885039061899e+01
-8.919079277697163377e+01
-9.612047097234496107e+01
-8.764331485611964467e+01
inf
-8.814709824016158279e+01
-9.918102552688033313e+01
inf
inf
-8.789653826637959355e+01
inf
-8.838154685138195532e+01
inf
inf
-8.570250557621150733e+01
inf
-8.837352201285082742e+01
inf
-8.857633968002316749e+01
-8.745363825240038125e+01
-9.377244477276444456e+01
inf
-8.504355306493258126e+01
-8.925809975621604053e+01
-8.798390124231724485e+01
-8.743958371684830411e+01
-8.595097815981421263e+01
-8.647515280539091975e+01
-8.604200644639819018e+01
-8.674138115740872479e+01
