-7.919947410265524468e+01
inf
-8.559605154924665271e+01
-8.629898058716057108e+01
-8.652943346308117611e+01
-8.469035407131148929e+01
-8.067208073913835165e+01
inf
-8.366619516813864266e+01
inf
-8.521232781017292268e+01
-8.237535941959004049e+01
-8.639067763345693152e+01
-8.587783056320913033e+01
-8.562571035660090502e+01
-8.547471917460816826e+01
-8.596171470221260336e+01
-8.222519740526063003e+01
-8.517967768162108655e+01
-8.329026645516992744e+01
inf
-8.720861314341978243e+01
-8.044816185916424445e+01
-8.395066447265483589e+01
inf
-8.497792345882683662e+01
-8.574893765442334370e+01
-8.625357162360320729e+01
-8.368579962963858065e+01
-8.573686174012759409e+01
inf
-8.363591393639211446e+01
-8.552986467959230765e+01
inf
-8.357977031674421653e+01
-7.193235437230447360e+01
-8.626319654756292721e+01
-8.522594840247528225e+01
inf
-8.578686022634943242e+01
-8.491628996226157255e+01
-8.547256031687038558e+01
-8.673260311998686234e+01
-7.832881614857376462e+01
-8.599419451429781702e+01
-8.585662514925230937e+01
-8.366587988441479240e+01
-8.525943483384600086e+01
inf
-8.460697256389499898e+01
-1.026508837257840980e+02
-8.612168774679065564e+01
-8.429625736595916408e+01
-8.437785910644879550e+01
inf
-8.094820009170783237e+01
-9.151047442191605796e+01
-7.700438767176378008e+01
inf
inf
-8.191930850513330142e+01
inf
-8.578715324268878817e+01
-8.509370424715572767e+01
inf
-8.635236865969072539e+01
-8.595026884357105246e+01
inf
-8.527111217238812912e+01
-8.421447338101414459e+01
-8.712551084691801861e+01
-8.799154084884770555e+01
inf
inf
-8.601071990531688982e+01
-8.576229330274016149e+01
-8.396055699424826457e+01
-7.246653427732843511e+01
-8.527545895688383837e+01
-8.402274688698081206e+01
inf
inf
-8.626694309587681175e+01
-7.551347653401288085e+01
-9.802457133857129179e+01
-8.426241720222826359e+01
inf
inf
-8.442859539074720487e+01
-8.441313805476191590e+01
-8.374457209294354243e+01
-7.929689894383008664e+01
-8.512983726696677422e+01
inf
-8.659596238920384792e+01
-8.347977410681141919e+01
inf
-8.561789998248146105e+01
-8.429496316685101931e+01
-8.697247752127988463e+01
-8.305825891019634355e+01
-8.337666463572260511e+01
-8.511436310439206920e+01
-8.240421490287704387e+01
-8.535517381952594462e+01
inf
-8.154266068071264328e+01
-8.283502965579934596e+01
-8.221478489106051768e+01
inf
inf
-8.477009283750254554e+01
inf
inf
-8.333979104185230824e+01
inf
inf
-8.513362666049656013e+01
-8.600061753017783417e+01
-8.735093734403490373e+01
-8.036325609972169559e+01
-8.532622563095713986e+01
inf
-8.652794910225276226e+01
inf
inf
inf
-7.926152061782288172e+01
inf
inf
-8.412748929375996454e+01
-8.645858301050316186e+01
-8.625605194047818713e+01
-8.043141939194028112e+01
inf
-8.105390225140602922e+01
-8.200591275581751916e+01
-8.627602985007007419e+01
-8.539362199242533791e+01
inf
-8.482388820292263176e+01
inf
-8.690119631052061777e+01
inf
-8.118793250024005204e+01
-8.182848221897579322e+01
-8.614774008199796640e+01
-8.690199950390051242e+01
-8.367167022554315281e+01
-8.421489967418844458e+01
inf
inf
-8.032768806698751973e+01
inf
-8.383090933171878589e+01
inf
inf
inf
inf
-7.670981356384548633e+01
inf
-8.665772561828119080e+01
-8.723189732999915691e+01
-7.281824916933734926e+01
-8.076519810088782947e+01
inf
-7.919699706852685495e+01
-8.713692917253320047e+01
-7.211152492025127003e+01
-8.539238477293879725e+01
inf
-8.562348467194345858e+01
-7.884736851221065024e+01
-8.178948747898790828e+01
inf
-8.479908822991707495e+01
-8.475267577515171524e+01
inf
inf
inf
inf
inf
inf
-8.407857690441791476e+01
-7.871980790418790264e+01
inf
inf
inf
inf
inf
-8.546757547063754146e+01
-8.836062297842914859e+01
-8.485187671816548516e+01
-7.378205047101073433e+01
-8.721246572633317840e+01
-8.677652438850869032e+01
inf
-8.198929657686825578e+01
inf
inf
-8.686815199152877653e+01
inf
inf
inf
inf
-8.727716426053093812e+01
inf
inf
inf
-8.762098665525009267e+01
-7.649697184876100664e+01
-8.440776146954948445e+01
inf
-8.601952933447996941e+01
-8.629189514979535147e+01
-8.623488891272627654e+01
inf
-8.192724616791238645e+01
-9.041435168482313145e+01
-8.506781058884743629e+01
-7.924925005127307998e+01
-8.509210092084133237e+01
inf
inf
inf
inf
inf
inf
inf
inf
inf
inf
inf
-8.108968057851704714e+01
inf
-8.731406337215727831e+01
-8.670486257613799808e+01
inf
-7.839307348679120935e+01
-8.641739020464255816e+01
-8.326346896240573869e+01
-8.495900825859449412e+01
-8.474648240115818965e+01
-8.853239132558212532e+01
inf
inf
inf
inf
-8.715012909188234858e+01
inf
-8.481630543496233088e+01
inf
inf
inf
-8.722945156283311974e+01
inf
inf
inf
inf
inf
inf
-8.497012022128710385e+01
-8.761750863978961945e+01
-8.618748269147226893e+01
-8.179954997500675518e+01
-7.670843897036506576e+01
-8.786374250929500818e+01
-8.850936611393636611e+01
-8.419458917162573641e+01
inf
inf
inf
inf
inf
inf
inf
-8.785855203836203486e+01
inf
-8.642451318359525203e+01
inf
inf
inf
inf
-8.749246761791799543e+01
inf
-8.641257160843929341e+01
-8.705301606059359187e+01
-8.705082421084297550e+01
inf
-8.232987273699247055e+01
-8.730905209292043878e+01
-8.810076615852167947e+01
-8.091706247055135748e+01
inf
inf
-7.428160382306707277e+01
inf
-8.444287667224082838e+01
inf
inf
-8.864310076345660150e+01
inf
inf
inf
inf
inf
inf
-8.655800396554484166e+01
-8.592020695388998774e+01
-8.449801480017478639e+01
-8.524043432260852171e+01
-7.575130324563801310e+01
-8.382716187828616228e+01
-8.212714869927371808e+01
inf
-8.475253985733239404e+01
-8.374305463944699568e+01
inf
-8.573093378378793261e+01
inf
inf
inf
inf
inf
inf
inf
inf
-8.335350436703704702e+01
inf
-8.731057635989685650e+01
-7.297339782480683823e+01
inf
-8.211196994024848550e+01
-8.188054851392294609e+01
-8.706581637764797676e+01
-8.634689453023732142e+01
inf
inf
-8.559241954684888753e+01
inf
inf
inf
-8.641099550215132297e+01
-8.695190502973407831e+01
-7.720522524209034998e+01
-8.617013739607389766e+01
-7.091036274175110066e+01
-8.937878583583395198e+01
inf
-8.596382482410631098e+01
-8.339559007805397073e+01
inf
-8.744663027093531582e+01
inf
inf
-8.885243719002727403e+01
-8.300877099115068347e+01
inf
-8.679279121317094337e+01
-8.744706022115204291e+01
inf
inf
inf
inf
-8.498712635231672152e+01
inf
inf
inf
-7.924912967423819055e+01
inf
inf
-8.775075176546432942e+01
inf
-8.156292181441580169e+01
-8.529352009991367822e+01
inf
inf
inf
inf
inf
inf
-8.548966151693514348e+01
-8.386467673749929475e+01
-7.683715505977058058e+01
