2.966124000000000000e+09
inf
6.075457000000000000e+08
2.291864000000000000e+09
inf
9.918311000000000000e+08
inf
3.277183000000000000e+09
4.506968000000000000e+09
1.723841000000000000e+09
6.119302000000000000e+07
1.499589000000000000e+09
1.020696000000000000e+10
inf
8.629359000000000000e+08
3.202412000000000000e+07
inf
1.712977000000000000e+07
inf
6.851480000000000000e+09
8.862491000000000000e+09
2.911123000000000000e+09
3.691878000000000000e+09
1.947484000000000000e+09
7.711922000000000000e+09
4.788448000000000000e+09
inf
1.270339000000000000e+08
1.482478000000000000e+09
3.176153000000000000e+09
4.170066000000000000e+07
4.433819000000000000e+07
1.105397000000000000e+09
5.173046000000000000e+09
7.366915000000000000e+07
inf
4.437210000000000000e+09
1.248569000000000000e+09
2.690205000000000000e+09
5.586456000000000000e+07
1.128864000000000000e+09
1.216549000000000000e+10
5.106442000000000000e+09
1.471807000000000000e+10
2.525473000000000000e+09
3.723673000000000000e+09
1.608218000000000000e+10
1.449769000000000000e+08
2.313577000000000000e+10
1.992052000000000000e+09
7.986910000000000000e+07
4.902374000000000000e+09
6.509075000000000000e+09
inf
2.099234000000000000e+09
1.734726000000000000e+09
inf
1.303101000000000000e+10
3.109646000000000000e+08
2.396835000000000000e+09
2.891971000000000000e+09
2.545828000000000000e+09
inf
1.703797000000000000e+09
7.784762000000000000e+09
1.337463000000000000e+10
inf
7.069800000000000000e+07
inf
6.868431000000000000e+08
1.345308000000000000e+10
2.665195000000000000e+09
8.410323000000000000e+09
3.114640000000000000e+09
2.601576000000000000e+09
1.620555000000000000e+08
4.366684000000000000e+09
1.129057000000000000e+10
7.310082000000000000e+09
2.265096000000000000e+09
3.186899000000000000e+09
3.927594000000000000e+08
1.748411000000000000e+09
9.315757000000000000e+08
5.940264000000000000e+09
2.535061000000000000e+09
3.145846000000000000e+09
3.500999000000000000e+09
3.313414000000000000e+10
1.430690000000000000e+10
1.401721000000000000e+09
4.776373000000000000e+07
4.035864000000000000e+08
2.403825000000000000e+08
6.622692000000000000e+07
5.271908000000000000e+07
9.960262000000000000e+09
9.487328000000000000e+09
4.019625000000000000e+09
2.566388000000000000e+09
4.623908000000000000e+09
1.211798000000000000e+10
1.984259000000000000e+09
3.558388000000000000e+09
2.414941000000000000e+09
1.908008000000000000e+08
4.946507000000000000e+09
9.630627000000000000e+07
2.409590000000000000e+08
1.600411000000000000e+10
4.309604000000000000e+10
3.577696000000000000e+09
2.409976000000000000e+09
8.140362000000000000e+09
8.185826000000000000e+07
2.385562000000000000e+09
3.105117000000000000e+07
inf
1.891478000000000000e+09
5.000004000000000000e+07
8.728166000000000000e+08
8.062857000000000000e+07
2.974151000000000000e+09
1.108184000000000000e+10
2.786853000000000000e+09
1.813447000000000000e+09
inf
6.054815000000000000e+09
4.750499000000000000e+09
5.498181000000000000e+09
2.983572000000000000e+09
3.486882000000000000e+09
7.350829000000000000e+09
inf
5.151353000000000000e+07
2.066988000000000000e+10
2.704550000000000000e+09
2.187688000000000000e+09
4.189132000000000000e+09
3.360700000000000000e+09
7.467376000000000000e+09
2.057315000000000000e+09
inf
inf
1.806986000000000000e+09
2.425936000000000000e+09
1.517920000000000000e+08
4.178513000000000000e+09
2.101911000000000000e+09
3.846962000000000000e+09
6.262612000000000000e+07
2.904711000000000000e+09
2.866823000000000000e+09
1.632506000000000000e+09
2.189868000000000000e+09
4.210532000000000000e+09
3.136867000000000000e+09
6.420344000000000000e+09
6.742018000000000000e+09
5.441464000000000000e+08
1.876407000000000000e+09
8.442629000000000000e+09
2.293458000000000000e+09
6.804637000000000000e+09
2.072837000000000000e+09
4.887838000000000000e+09
inf
1.755042000000000000e+09
2.218605000000000000e+09
6.594353000000000000e+08
4.870517000000000000e+07
1.007440000000000000e+09
5.052639000000000000e+09
4.504504000000000000e+08
inf
5.988823000000000000e+09
9.878581000000000000e+07
2.149884000000000000e+09
4.346535000000000000e+09
inf
3.711333000000000000e+08
3.426541000000000000e+08
inf
3.455814000000000000e+09
2.636423000000000000e+09
1.894195000000000000e+09
1.505409000000000000e+10
4.186472000000000000e+09
2.158143000000000000e+08
6.633495000000000000e+09
7.318195000000000000e+09
5.128620000000000000e+07
8.074322000000000000e+09
3.386809000000000000e+09
1.914545000000000000e+09
3.648973000000000000e+09
4.928022000000000000e+09
2.783985000000000000e+08
1.852161000000000000e+10
inf
1.773452000000000000e+09
8.552132000000000000e+09
1.399935000000000000e+10
inf
1.372614000000000000e+09
inf
7.329380000000000000e+09
1.767746000000000000e+09
1.272809000000000000e+08
1.935337000000000000e+09
5.078527000000000000e+07
2.754545000000000000e+09
5.458355000000000000e+09
5.844955000000000000e+08
1.098949000000000000e+10
6.283530000000000000e+07
1.258338000000000000e+10
3.342594000000000000e+07
3.206659000000000000e+09
4.791928000000000000e+09
6.448600000000000000e+08
9.068950000000000000e+07
2.917563000000000000e+09
3.044180000000000000e+09
2.465278000000000000e+09
1.902942000000000000e+09
2.080029000000000000e+10
3.665199000000000000e+09
inf
inf
9.170644000000000000e+09
2.583609000000000000e+09
1.168887000000000000e+09
1.025777000000000000e+09
2.711223000000000000e+09
3.168521000000000000e+09
1.186770000000000000e+09
1.608218000000000000e+10
5.410432000000000000e+08
2.367574000000000000e+09
2.537988000000000000e+09
1.220489000000000000e+08
2.907272000000000000e+09
1.646006000000000000e+08
2.022760000000000000e+09
2.504501000000000000e+08
2.089919000000000000e+09
1.455240000000000000e+09
4.428270000000000000e+09
6.537309000000000000e+09
1.125204000000000000e+10
5.640456000000000000e+09
4.358566000000000000e+08
5.583144000000000000e+09
inf
4.666132000000000000e+07
9.669590000000000000e+08
6.731006000000000000e+08
1.910662000000000000e+09
2.396835000000000000e+09
1.258699000000000000e+09
1.595763000000000000e+09
1.878010000000000000e+09
1.996274000000000000e+09
3.537389000000000000e+09
inf
2.325818000000000000e+09
7.222008000000000000e+09
3.787221000000000000e+07
1.849563000000000000e+09
5.536266000000000000e+09
5.650123000000000000e+09
inf
4.257464000000000000e+07
7.007113000000000000e+09
3.384809000000000000e+08
6.468876000000000000e+07
inf
inf
5.550247000000000000e+09
3.329858000000000000e+07
1.127127000000000000e+10
8.110324000000000000e+09
1.702038000000000000e+09
4.452190000000000000e+09
3.303454000000000000e+09
5.080538000000000000e+07
7.676782000000000000e+07
7.677989000000000000e+07
8.351641000000000000e+07
inf
2.324998000000000000e+08
8.989510000000000000e+08
1.820456000000000000e+09
1.017545000000000000e+10
5.814544000000000000e+09
1.252363000000000000e+08
3.681571000000000000e+09
1.612544000000000000e+09
6.291692000000000000e+09
1.664654000000000000e+09
9.194943000000000000e+08
inf
2.167552000000000000e+09
4.621073000000000000e+09
6.713871000000000000e+08
3.878643000000000000e+09
4.425297000000000000e+09
4.011373000000000000e+10
3.026018000000000000e+09
inf
1.526539000000000000e+09
1.987848000000000000e+09
2.730308000000000000e+09
5.300397000000000000e+09
2.712896000000000000e+09
3.612438000000000000e+08
5.708826000000000000e+09
3.965237000000000000e+09
2.064012000000000000e+08
1.405905000000000000e+09
3.105838000000000000e+09
inf
inf
7.105273000000000000e+09
4.252627000000000000e+07
9.006855000000000000e+08
inf
8.771709000000000000e+08
2.073488000000000000e+10
3.101455000000000000e+09
1.430923000000000000e+09
5.392550000000000000e+07
1.379145000000000000e+09
3.791658000000000000e+09
5.884901000000000000e+07
3.255944000000000000e+08
1.263160000000000000e+10
8.333802000000000000e+07
1.088068000000000000e+10
1.588076000000000000e+09
3.749079000000000000e+09
4.331203000000000000e+07
4.425298000000000000e+10
1.789819000000000000e+09
6.046486000000000000e+08
5.191884000000000000e+10
6.644859000000000000e+08
5.648308000000000000e+09
3.135375000000000000e+09
4.349402000000000000e+09
8.768209000000000000e+09
3.388332000000000000e+09
2.914984000000000000e+09
3.677464000000000000e+09
2.136855000000000000e+08
1.852051000000000000e+08
3.233590000000000000e+09
1.533685000000000000e+09
1.064572000000000000e+10
4.197131000000000000e+09
9.712480000000000000e+07
inf
1.183787000000000000e+10
2.460333000000000000e+09
4.033383000000000000e+07
2.464068000000000000e+08
4.916997000000000000e+09
2.329104000000000000e+09
inf
1.049951000000000000e+10
4.663150000000000000e+09
2.594921000000000000e+09
inf
1.761607000000000000e+09
1.620470000000000000e+09
3.669278000000000000e+09
2.352370000000000000e+09
1.867902000000000000e+10
2.717928000000000000e+09
inf
inf
2.424244000000000000e+07
4.939096000000000000e+09
