inf
inf
3.429745000000000000e+08
inf
7.714019000000000000e+08
6.847441000000000000e+07
inf
2.618175000000000000e+09
inf
inf
4.729775000000000000e+08
inf
inf
1.683697000000000000e+08
inf
inf
inf
inf
2.500398000000000000e+08
4.680586000000000000e+07
1.925887000000000000e+08
2.875595000000000000e+08
inf
inf
inf
1.128263000000000000e+09
1.384801000000000000e+08
9.298013000000000000e+07
2.016442000000000000e+09
2.765214000000000000e+09
1.425434000000000000e+09
1.276862000000000000e+08
3.068566000000000000e+09
inf
1.575406000000000000e+09
1.872759000000000000e+08
1.116379000000000000e+09
1.287941000000000000e+09
1.255050000000000000e+09
4.858468000000000000e+09
inf
9.077876000000000000e+08
inf
2.994916000000000000e+09
1.498921000000000000e+08
inf
6.382394000000000000e+09
2.611865000000000000e+08
1.217374000000000000e+08
7.258306000000000000e+09
6.450723000000000000e+08
inf
1.858012000000000000e+09
6.474779000000000000e+09
6.709437000000000000e+07
1.200910000000000000e+09
2.845106000000000000e+09
1.689091000000000000e+09
2.228234000000000000e+09
3.562335000000000000e+08
5.447325000000000000e+08
2.415007000000000000e+09
2.833817000000000000e+08
6.177715000000000000e+08
8.186872000000000000e+08
5.144483000000000000e+10
2.373309000000000000e+09
1.450066000000000000e+09
5.192052000000000000e+09
3.700974000000000000e+07
7.308152000000000000e+08
inf
inf
3.018207000000000000e+09
3.844872000000000000e+09
2.126950000000000000e+09
inf
inf
inf
5.142478000000000000e+09
1.499841000000000000e+09
inf
3.605355000000000000e+09
1.366853000000000000e+09
4.559641000000000000e+09
3.306505000000000000e+08
inf
1.860527000000000000e+08
inf
inf
inf
1.892114000000000000e+09
inf
1.623075000000000000e+09
8.915945000000000000e+09
8.885926000000000000e+10
inf
inf
4.770643000000000000e+09
1.966557000000000000e+09
8.621335000000000000e+07
3.392185000000000000e+09
7.826572000000000000e+09
inf
inf
6.979038000000000000e+07
5.482177000000000000e+08
5.507059000000000000e+08
inf
inf
inf
inf
inf
inf
inf
inf
inf
3.274342000000000000e+09
6.732449000000000000e+09
6.781843000000000000e+08
1.831705000000000000e+09
3.551023000000000000e+09
9.417357000000000000e+08
2.157819000000000000e+09
inf
3.445326000000000000e+09
2.420323000000000000e+09
1.981917000000000000e+09
2.528862000000000000e+09
2.737676000000000000e+09
3.958838000000000000e+08
3.425649000000000000e+09
inf
3.279225000000000000e+09
inf
2.581046000000000000e+10
4.042274000000000000e+08
inf
4.013276000000000000e+07
2.564244000000000000e+09
inf
1.623874000000000000e+09
2.460030000000000000e+09
6.277640000000000000e+09
inf
inf
4.753458000000000000e+09
inf
inf
4.971218000000000000e+08
1.443590000000000000e+08
inf
inf
4.136552000000000000e+09
inf
inf
inf
1.848123000000000000e+09
4.667704000000000000e+08
4.903514000000000000e+08
inf
inf
3.116580000000000000e+09
inf
inf
inf
1.463576000000000000e+09
inf
inf
inf
9.589669000000000000e+07
6.539103000000000000e+07
1.566801000000000000e+09
inf
3.984119000000000000e+08
inf
6.677260000000000000e+08
1.989836000000000000e+09
inf
8.079302000000000000e+07
inf
inf
inf
1.713269000000000000e+09
inf
9.092889000000000000e+08
6.149107000000000000e+07
inf
2.411146000000000000e+09
1.931030000000000000e+08
2.244913000000000000e+08
5.090895000000000000e+09
inf
1.401402000000000000e+09
5.772354000000000000e+09
3.138820000000000000e+09
inf
5.333279000000000000e+08
2.434612000000000000e+09
inf
1.476018000000000000e+09
inf
inf
inf
2.426108000000000000e+09
1.581258000000000000e+09
inf
inf
inf
inf
2.148421000000000000e+09
1.257922000000000000e+09
6.139630000000000000e+09
7.388354000000000000e+09
9.915540000000000000e+08
6.267503000000000000e+08
2.341555000000000000e+08
3.776646000000000000e+09
2.929751000000000000e+09
2.856190000000000000e+09
5.276973000000000000e+08
1.703098000000000000e+09
4.025503000000000000e+09
1.916711000000000000e+09
inf
4.463251000000000000e+08
inf
2.944401000000000000e+07
inf
5.697582000000000000e+08
inf
inf
7.008219000000000000e+08
1.192510000000000000e+08
9.793380000000000000e+08
7.371844000000000000e+09
inf
5.107150000000000000e+08
1.161789000000000000e+09
inf
inf
2.847316000000000000e+08
inf
inf
inf
5.178807000000000000e+09
2.074780000000000000e+10
inf
2.182173000000000000e+09
inf
inf
2.571991000000000000e+09
3.198546000000000000e+09
3.979373000000000000e+08
inf
inf
inf
7.636674000000000000e+08
inf
inf
inf
5.389033000000000000e+07
2.531481000000000000e+08
7.805495000000000000e+07
inf
inf
2.144493000000000000e+09
9.252279000000000000e+08
7.266570000000000000e+07
6.945053000000000000e+08
inf
inf
inf
1.438024000000000000e+08
inf
inf
inf
inf
inf
1.191315000000000000e+09
inf
inf
1.139908000000000000e+08
inf
inf
inf
5.782472000000000000e+09
3.481689000000000000e+09
inf
inf
inf
5.114574000000000000e+09
inf
1.624674000000000000e+09
inf
inf
inf
inf
4.392676000000000000e+09
inf
inf
inf
inf
5.619393000000000000e+08
8.658530000000000000e+08
inf
inf
inf
5.118541000000000000e+09
1.536158000000000000e+09
4.076446000000000000e+07
inf
inf
3.640366000000000000e+08
inf
inf
inf
4.588178000000000000e+09
inf
1.914904000000000000e+09
inf
inf
4.822953000000000000e+09
1.396803000000000000e+08
inf
inf
9.098719000000000000e+07
inf
inf
inf
1.066499000000000000e+08
1.401513000000000000e+09
3.738130000000000000e+09
inf
6.422467000000000000e+08
2.237301000000000000e+09
1.127058000000000000e+09
inf
inf
inf
3.923438000000000000e+08
inf
inf
3.298900000000000000e+12
inf
2.031968000000000000e+09
2.023865000000000000e+10
inf
inf
1.681965000000000000e+07
inf
1.167029000000000000e+08
8.924267000000000000e+07
inf
4.093690000000000000e+08
8.817052000000000000e+08
inf
inf
inf
inf
2.235622000000000000e+07
inf
inf
inf
inf
inf
inf
inf
4.638865000000000000e+08
7.583962000000000000e+07
1.246985000000000000e+09
3.749568000000000000e+07
3.445844000000000000e+08
inf
inf
5.521229000000000000e+08
1.540462000000000000e+09
1.090906000000000000e+09
inf
inf
inf
inf
1.224425000000000000e+08
2.106443000000000000e+08
