7.425969000000000000e+09
5.198178000000000000e+09
8.921199000000000000e+09
3.528427000000000000e+09
1.220275000000000000e+10
1.681530000000000000e+09
3.327463000000000000e+09
1.733181000000000000e+09
1.821657000000000000e+09
3.211250000000000000e+08
1.250793000000000000e+09
1.044075000000000000e+09
8.814001000000000000e+09
1.179083000000000000e+09
inf
3.647341000000000000e+09
2.533264000000000000e+09
inf
2.183820000000000000e+09
1.390121000000000000e+09
1.509302000000000000e+09
1.847142000000000000e+09
4.463615000000000000e+09
inf
3.492956000000000000e+09
2.336880000000000000e+09
6.001533000000000000e+09
5.837035000000000000e+09
6.338634000000000000e+08
4.309195000000000000e+09
3.268162000000000000e+09
4.108890000000000000e+07
8.464786000000000000e+08
1.038491000000000000e+09
8.335463000000000000e+09
1.047887000000000000e+10
3.671683000000000000e+09
5.066529000000000000e+08
1.976553000000000000e+10
1.637323000000000000e+09
1.052229000000000000e+09
8.211053000000000000e+09
6.454524000000000000e+08
4.414663000000000000e+08
3.748828000000000000e+09
1.876545000000000000e+09
3.826399000000000000e+08
3.255269000000000000e+08
inf
9.430981000000000000e+08
5.501406000000000000e+11
9.498830000000000000e+09
2.789052000000000000e+09
2.716743000000000000e+09
3.738214000000000000e+09
4.343215000000000000e+09
2.378986000000000000e+09
3.038052000000000000e+09
2.584842000000000000e+09
1.080472000000000000e+09
3.300843000000000000e+09
1.684963000000000000e+09
6.112673000000000000e+09
4.229139000000000000e+09
8.384159000000000000e+08
2.769164000000000000e+09
1.426158000000000000e+09
1.793937000000000000e+09
9.197112000000000000e+08
2.981792000000000000e+09
2.659825000000000000e+09
5.345495000000000000e+09
4.756258000000000000e+09
2.817621000000000000e+09
3.733722000000000000e+08
5.715746000000000000e+09
6.175572000000000000e+09
4.141585000000000000e+09
5.652129000000000000e+09
3.526542000000000000e+09
1.127337000000000000e+09
1.799315000000000000e+09
3.232951000000000000e+09
3.404686000000000000e+09
1.280886000000000000e+09
2.517806000000000000e+09
6.242140000000000000e+08
4.392340000000000000e+09
inf
2.497800000000000000e+09
3.212500000000000000e+09
9.068251000000000000e+09
1.852325000000000000e+09
1.085982000000000000e+09
1.776079000000000000e+09
2.684704000000000000e+09
1.186828000000000000e+08
3.240270000000000000e+08
4.110639000000000000e+09
3.239297000000000000e+09
7.359740000000000000e+09
2.394518000000000000e+09
1.421552000000000000e+09
8.719702000000000000e+08
1.287631000000000000e+09
3.090677000000000000e+09
3.807201000000000000e+09
2.451425000000000000e+09
2.054680000000000000e+09
1.582759000000000000e+09
2.135086000000000000e+09
2.498746000000000000e+09
7.676380000000000000e+09
1.957215000000000000e+09
3.511535000000000000e+09
2.695666000000000000e+09
1.835842000000000000e+09
1.721880000000000000e+09
8.229477000000000000e+08
2.894969000000000000e+08
inf
7.849572000000000000e+08
2.780828000000000000e+09
1.252454000000000000e+09
5.407783000000000000e+08
4.154617000000000000e+09
3.000767000000000000e+09
1.138222000000000000e+10
2.976414000000000000e+09
3.791894000000000000e+09
5.862954000000000000e+09
2.138544000000000000e+09
6.771655000000000000e+08
5.487686000000000000e+09
1.385745000000000000e+09
1.422164000000000000e+09
1.017836000000000000e+09
7.632008000000000000e+09
1.291953000000000000e+08
8.546979000000000000e+08
inf
7.691584000000000000e+08
4.186596000000000000e+08
6.562313000000000000e+09
1.571503000000000000e+09
4.652351000000000000e+09
6.027713000000000000e+07
1.325374000000000000e+09
4.332953000000000000e+08
4.105527000000000000e+09
1.391587000000000000e+09
5.460452000000000000e+09
4.626270000000000000e+09
2.748556000000000000e+09
6.883928000000000000e+09
4.766561000000000000e+09
1.883505000000000000e+09
1.696220000000000000e+09
4.698710000000000000e+09
3.748828000000000000e+09
6.321033000000000000e+08
5.239434000000000000e+09
2.399741000000000000e+09
1.685394000000000000e+09
1.168440000000000000e+09
7.459533000000000000e+09
9.891649000000000000e+08
2.115247000000000000e+09
2.230300000000000000e+09
3.339245000000000000e+09
2.805647000000000000e+09
4.204896000000000000e+09
4.404061000000000000e+09
1.517280000000000000e+09
3.433014000000000000e+09
1.029262000000000000e+09
3.059169000000000000e+09
7.906211000000000000e+09
1.286879000000000000e+10
3.330821000000000000e+09
3.342626000000000000e+09
2.738153000000000000e+09
1.395705000000000000e+10
6.614917000000000000e+09
1.938252000000000000e+09
4.832860000000000000e+08
2.918518000000000000e+09
3.151163000000000000e+09
4.982405000000000000e+09
1.436398000000000000e+09
8.518305000000000000e+09
3.657444000000000000e+09
2.275659000000000000e+09
3.040851000000000000e+09
1.200307000000000000e+11
3.099383000000000000e+09
1.493932000000000000e+09
1.604688000000000000e+09
8.616140000000000000e+08
6.478594000000000000e+09
5.375966000000000000e+09
2.138544000000000000e+09
5.243595000000000000e+09
1.958957000000000000e+09
3.146657000000000000e+09
1.908636000000000000e+08
8.899251000000000000e+08
inf
2.436946000000000000e+09
6.175572000000000000e+09
6.326484000000000000e+08
5.691109000000000000e+09
1.144140000000000000e+10
7.934719000000000000e+09
1.179346000000000000e+09
2.876552000000000000e+09
7.703251000000000000e+09
3.268162000000000000e+09
5.058764000000000000e+09
1.052901000000000000e+10
1.572954000000000000e+09
2.592964000000000000e+09
1.000256000000000000e+10
5.915490000000000000e+09
2.648089000000000000e+09
3.920241000000000000e+09
1.608598000000000000e+09
3.244072000000000000e+09
2.644906000000000000e+09
9.042168000000000000e+08
3.910952000000000000e+09
inf
5.129516000000000000e+09
3.196943000000000000e+09
3.122841000000000000e+09
3.746701000000000000e+09
1.528876000000000000e+09
1.615042000000000000e+09
1.209100000000000000e+10
2.477181000000000000e+09
5.775754000000000000e+09
9.760394000000000000e+09
1.274149000000000000e+10
1.690140000000000000e+09
2.242966000000000000e+07
1.640986000000000000e+09
9.540010000000000000e+09
3.765936000000000000e+09
2.133017000000000000e+09
2.150562000000000000e+09
2.823647000000000000e+09
inf
4.780367000000000000e+09
3.871957000000000000e+09
6.685844000000000000e+08
6.568842000000000000e+09
6.510539000000000000e+09
6.628199000000000000e+09
2.741564000000000000e+09
2.552856000000000000e+09
2.007812000000000000e+09
inf
4.568642000000000000e+09
1.486866000000000000e+09
4.435686000000000000e+08
5.005069000000000000e+09
4.001022000000000000e+09
4.481797000000000000e+09
4.839946000000000000e+09
4.893763000000000000e+09
5.415657000000000000e+09
9.651589000000000000e+09
inf
3.660877000000000000e+07
2.571752000000000000e+09
9.567662000000000000e+09
2.458729000000000000e+09
9.694107000000000000e+09
6.869601000000000000e+09
3.991346000000000000e+09
6.421874000000000000e+09
1.861203000000000000e+09
2.897049000000000000e+08
5.371592000000000000e+09
4.442290000000000000e+08
1.181827000000000000e+09
1.159004000000000000e+09
2.069494000000000000e+09
3.057752000000000000e+09
2.424417000000000000e+09
2.660683000000000000e+08
4.930081000000000000e+08
1.474578000000000000e+09
7.660347000000000000e+08
7.262582000000000000e+09
9.374067000000000000e+09
9.867992000000000000e+09
7.341458000000000000e+07
4.146788000000000000e+09
inf
1.619887000000000000e+08
3.371648000000000000e+09
2.679256000000000000e+09
2.769110000000000000e+07
3.532202000000000000e+09
inf
2.585854000000000000e+09
4.504426000000000000e+08
2.071442000000000000e+09
6.031140000000000000e+08
2.678169000000000000e+09
5.990641000000000000e+09
9.722661000000000000e+09
inf
2.635404000000000000e+09
1.362858000000000000e+09
3.354515000000000000e+09
3.161727000000000000e+09
4.108081000000000000e+09
2.715626000000000000e+09
4.552887000000000000e+09
5.230198000000000000e+08
6.129700000000000000e+09
2.059166000000000000e+09
2.012709000000000000e+09
7.199222000000000000e+09
1.787138000000000000e+09
6.106390000000000000e+07
2.247000000000000000e+09
1.373920000000000000e+09
2.299438000000000000e+09
7.750278000000000000e+08
5.254865000000000000e+08
7.384437000000000000e+08
7.008904000000000000e+08
3.344319000000000000e+09
inf
3.975752000000000000e+08
1.735916000000000000e+09
1.100281000000000000e+10
4.623030000000000000e+09
2.118641000000000000e+09
9.032271000000000000e+08
1.744632000000000000e+09
3.673726000000000000e+09
1.320337000000000000e+10
2.297937000000000000e+09
1.146524000000000000e+09
7.254601000000000000e+09
1.710282000000000000e+10
4.568642000000000000e+09
9.231837000000000000e+08
4.334660000000000000e+09
8.992899000000000000e+08
1.217574000000000000e+09
4.207040000000000000e+08
2.250064000000000000e+09
1.509302000000000000e+09
5.883856000000000000e+09
4.897394000000000000e+09
3.053332000000000000e+09
8.573619000000000000e+09
5.177794000000000000e+09
1.729096000000000000e+09
1.375351000000000000e+11
2.237860000000000000e+10
8.160305000000000000e+09
7.083355000000000000e+09
inf
2.852933000000000000e+09
5.591416000000000000e+07
1.064788000000000000e+11
1.870166000000000000e+09
inf
2.851700000000000000e+09
1.924129000000000000e+09
9.949791000000000000e+08
1.529585000000000000e+09
5.464972000000000000e+09
7.925194000000000000e+09
6.562313000000000000e+09
1.222535000000000000e+10
4.196877000000000000e+09
8.442055000000000000e+09
