4.527704000000000000e+06
inf
5.968018000000000000e+06
5.556500000000000000e+06
inf
6.173778000000000000e+06
inf
6.105192000000000000e+06
6.242364000000000000e+06
6.928228000000000000e+06
3.773253000000000000e+06
7.476920000000000000e+06
5.076395000000000000e+06
inf
3.361734000000000000e+06
3.224562000000000000e+06
inf
1.509901000000000000e+06
inf
4.047599000000000000e+06
4.870636000000000000e+06
5.625086000000000000e+06
4.116185000000000000e+06
4.390531000000000000e+06
4.664876000000000000e+06
6.242364000000000000e+06
inf
4.390531000000000000e+06
6.036605000000000000e+06
5.007808000000000000e+06
1.784247000000000000e+06
2.058593000000000000e+06
4.939222000000000000e+06
6.242364000000000000e+06
6.242364000000000000e+06
inf
5.076395000000000000e+06
4.664876000000000000e+06
5.076395000000000000e+06
3.567494000000000000e+06
4.459118000000000000e+06
4.870636000000000000e+06
4.390531000000000000e+06
4.870636000000000000e+06
5.282154000000000000e+06
4.733463000000000000e+06
5.830846000000000000e+06
4.802050000000000000e+06
5.693673000000000000e+06
5.556500000000000000e+06
4.390531000000000000e+06
4.939222000000000000e+06
6.791056000000000000e+06
inf
7.065401000000000000e+06
1.323818000000000000e+07
inf
4.459118000000000000e+06
5.007808000000000000e+06
5.968018000000000000e+06
4.939222000000000000e+06
4.733463000000000000e+06
inf
6.722469000000000000e+06
5.076395000000000000e+06
5.144982000000000000e+06
inf
4.459118000000000000e+06
inf
7.751266000000000000e+06
5.282154000000000000e+06
5.556500000000000000e+06
5.625086000000000000e+06
7.133988000000000000e+06
5.693673000000000000e+06
6.791056000000000000e+06
5.007808000000000000e+06
5.282154000000000000e+06
7.751266000000000000e+06
7.408334000000000000e+06
8.094198000000000000e+06
7.133988000000000000e+06
5.213568000000000000e+06
5.487914000000000000e+06
6.585296000000000000e+06
7.957024000000000000e+06
6.585296000000000000e+06
3.704667000000000000e+06
5.625086000000000000e+06
6.791056000000000000e+06
5.830846000000000000e+06
3.018802000000000000e+06
5.693673000000000000e+06
7.682679000000000000e+06
4.733463000000000000e+06
3.910426000000000000e+06
7.133988000000000000e+06
5.213568000000000000e+06
7.682679000000000000e+06
6.791056000000000000e+06
6.653882000000000000e+06
7.408334000000000000e+06
9.328753000000000000e+06
6.791056000000000000e+06
5.556500000000000000e+06
5.282154000000000000e+06
7.271160000000000000e+06
3.910426000000000000e+06
6.379537000000000000e+06
7.133988000000000000e+06
4.390531000000000000e+06
7.202574000000000000e+06
7.065401000000000000e+06
7.408334000000000000e+06
1.008320000000000000e+07
6.928228000000000000e+06
2.881630000000000000e+06
inf
9.671685000000000000e+06
2.881630000000000000e+06
7.819852000000000000e+06
5.213568000000000000e+06
6.379537000000000000e+06
6.928228000000000000e+06
8.231370000000000000e+06
7.476920000000000000e+06
inf
7.339747000000000000e+06
8.094198000000000000e+06
7.339747000000000000e+06
6.516710000000000000e+06
1.104341000000000000e+07
6.516710000000000000e+06
inf
1.852833000000000000e+06
5.487914000000000000e+06
6.036605000000000000e+06
5.693673000000000000e+06
5.282154000000000000e+06
6.448124000000000000e+06
6.928228000000000000e+06
7.133988000000000000e+06
inf
inf
6.585296000000000000e+06
7.682679000000000000e+06
6.996815000000000000e+06
8.437130000000000000e+06
5.556500000000000000e+06
5.830846000000000000e+06
5.693673000000000000e+06
6.036605000000000000e+06
6.859642000000000000e+06
6.042564000000000000e+07
5.556500000000000000e+06
1.111200000000000000e+07
7.339747000000000000e+06
6.173778000000000000e+06
1.152352000000000000e+07
9.946031000000000000e+06
2.853295000000000000e+07
9.191580000000000000e+06
1.687326000000000000e+07
7.339747000000000000e+06
8.025611000000000000e+06
6.310950000000000000e+06
inf
1.200362000000000000e+07
1.371828000000000000e+07
9.328753000000000000e+06
1.056331000000000000e+07
1.714760000000000000e+07
5.076395000000000000e+06
1.412980000000000000e+07
inf
6.173778000000000000e+06
1.762771000000000000e+07
7.476920000000000000e+06
8.780062000000000000e+06
inf
5.419327000000000000e+06
5.007808000000000000e+06
inf
6.928228000000000000e+06
1.090624000000000000e+07
5.556500000000000000e+06
7.819852000000000000e+06
8.231370000000000000e+06
2.538698000000000000e+06
8.231370000000000000e+06
5.899432000000000000e+06
3.841840000000000000e+06
6.448124000000000000e+06
5.830846000000000000e+06
1.241514000000000000e+07
1.001462000000000000e+07
6.791056000000000000e+06
6.448124000000000000e+06
8.231370000000000000e+06
inf
9.465926000000000000e+06
8.162784000000000000e+06
7.614092000000000000e+06
inf
1.419839000000000000e+07
inf
1.797064000000000000e+07
5.830846000000000000e+06
4.390531000000000000e+06
6.722469000000000000e+06
4.733463000000000000e+06
9.808858000000000000e+06
8.437130000000000000e+06
2.002823000000000000e+07
9.191580000000000000e+06
4.253358000000000000e+06
9.740272000000000000e+06
3.293148000000000000e+06
5.419327000000000000e+06
8.094198000000000000e+06
1.001462000000000000e+07
1.364970000000000000e+07
6.242364000000000000e+06
5.487914000000000000e+06
8.574302000000000000e+06
1.207221000000000000e+07
8.642889000000000000e+06
9.122994000000000000e+06
inf
inf
8.437130000000000000e+06
8.437130000000000000e+06
7.614092000000000000e+06
9.328753000000000000e+06
7.614092000000000000e+06
5.625086000000000000e+06
6.791056000000000000e+06
7.271160000000000000e+06
9.328753000000000000e+06
1.097483000000000000e+07
5.693673000000000000e+06
5.213568000000000000e+06
6.791056000000000000e+06
8.368543000000000000e+06
6.516710000000000000e+06
5.762260000000000000e+06
5.899432000000000000e+06
1.056331000000000000e+07
6.242364000000000000e+06
5.076395000000000000e+06
6.859642000000000000e+06
6.173778000000000000e+06
5.213568000000000000e+06
6.036605000000000000e+06
inf
7.614092000000000000e+06
8.642889000000000000e+06
1.049472000000000000e+07
8.574302000000000000e+06
7.614092000000000000e+06
8.437130000000000000e+06
6.928228000000000000e+06
6.105192000000000000e+06
7.476920000000000000e+06
6.448124000000000000e+06
inf
7.339747000000000000e+06
5.213568000000000000e+06
3.910426000000000000e+06
5.350740000000000000e+06
8.025611000000000000e+06
7.202574000000000000e+06
inf
2.195766000000000000e+06
6.036605000000000000e+06
5.830846000000000000e+06
4.596290000000000000e+06
inf
inf
5.144982000000000000e+06
2.470111000000000000e+06
6.448124000000000000e+06
6.585296000000000000e+06
7.682679000000000000e+06
9.054407000000000000e+06
5.968018000000000000e+06
4.459118000000000000e+06
5.350740000000000000e+06
4.047599000000000000e+06
5.625086000000000000e+06
inf
5.625086000000000000e+06
1.495284000000000000e+07
5.762260000000000000e+06
6.379537000000000000e+06
6.036605000000000000e+06
7.682679000000000000e+06
7.476920000000000000e+06
1.138635000000000000e+07
5.282154000000000000e+06
5.487914000000000000e+06
2.277169000000000000e+07
inf
9.877444000000000000e+06
6.516710000000000000e+06
6.173778000000000000e+06
8.094198000000000000e+06
2.798426000000000000e+07
4.664876000000000000e+06
6.310950000000000000e+06
inf
5.968018000000000000e+06
6.036605000000000000e+06
4.664876000000000000e+06
5.968018000000000000e+06
1.351253000000000000e+07
7.614092000000000000e+06
6.448124000000000000e+06
5.282154000000000000e+06
6.173778000000000000e+06
6.105192000000000000e+06
5.213568000000000000e+06
inf
inf
4.939222000000000000e+06
3.704667000000000000e+06
1.563870000000000000e+07
inf
5.899432000000000000e+06
4.664876000000000000e+06
2.085127000000000000e+07
6.379537000000000000e+06
4.733463000000000000e+06
9.877444000000000000e+06
1.220938000000000000e+07
4.321944000000000000e+06
6.928228000000000000e+06
4.527704000000000000e+06
5.144982000000000000e+06
4.664876000000000000e+06
4.459118000000000000e+06
4.802050000000000000e+06
3.018802000000000000e+06
5.282154000000000000e+06
6.105192000000000000e+06
4.184772000000000000e+06
4.733463000000000000e+06
5.076395000000000000e+06
5.350740000000000000e+06
6.585296000000000000e+06
6.036605000000000000e+06
4.939222000000000000e+06
2.242876000000000000e+07
6.242364000000000000e+06
6.653882000000000000e+06
5.213568000000000000e+06
6.242364000000000000e+06
1.406122000000000000e+07
5.419327000000000000e+06
8.780062000000000000e+06
4.664876000000000000e+06
5.007808000000000000e+06
inf
6.173778000000000000e+06
5.762260000000000000e+06
3.841840000000000000e+06
3.841840000000000000e+06
6.173778000000000000e+06
4.802050000000000000e+06
inf
8.094198000000000000e+06
6.791056000000000000e+06
4.870636000000000000e+06
inf
5.830846000000000000e+06
6.722469000000000000e+06
5.007808000000000000e+06
4.116185000000000000e+06
5.144982000000000000e+06
6.242364000000000000e+06
inf
inf
1.509901000000000000e+06
7.408334000000000000e+06
