9.369925000000000000e+09
1.668581000000000000e+08
5.649277000000000000e+09
4.460471000000000000e+08
1.861737000000000000e+09
1.689855000000000000e+09
2.807184000000000000e+09
inf
5.029247000000000000e+09
4.158495000000000000e+09
8.890840000000000000e+07
2.759786000000000000e+08
4.213559000000000000e+08
6.390044000000000000e+07
4.028781000000000000e+09
inf
inf
1.195256000000000000e+09
3.658257000000000000e+08
3.380145000000000000e+09
3.428058000000000000e+08
1.918746000000000000e+09
2.305888000000000000e+09
4.438717000000000000e+09
inf
3.560571000000000000e+09
2.798240000000000000e+09
9.032646000000000000e+09
8.211368000000000000e+08
7.187187000000000000e+09
inf
4.204281000000000000e+09
5.090461000000000000e+09
1.156842000000000000e+09
3.106717000000000000e+08
1.958976000000000000e+11
3.293528000000000000e+10
inf
3.256083000000000000e+09
1.169992000000000000e+09
1.479406000000000000e+10
3.180396000000000000e+07
7.950786000000000000e+07
4.890168000000000000e+09
1.989446000000000000e+09
inf
4.456820000000000000e+07
3.740520000000000000e+09
2.545231000000000000e+09
3.766184000000000000e+09
5.413815000000000000e+08
inf
1.448660000000000000e+09
2.708215000000000000e+09
1.965699000000000000e+09
4.297191000000000000e+09
4.815100000000000000e+09
inf
1.595315000000000000e+09
8.255750000000000000e+09
2.334180000000000000e+09
4.974367000000000000e+08
2.000321000000000000e+09
2.043132000000000000e+09
3.517980000000000000e+07
inf
5.822530000000000000e+07
2.709051000000000000e+09
inf
1.161738000000000000e+10
1.529384000000000000e+09
1.231686000000000000e+09
1.755495000000000000e+09
3.867913000000000000e+09
2.097789000000000000e+10
4.487096000000000000e+09
1.834835000000000000e+10
6.163558000000000000e+07
4.360863000000000000e+07
inf
9.908235000000000000e+07
2.166795000000000000e+09
3.676582000000000000e+09
4.568001000000000000e+09
6.366767000000000000e+08
1.138644000000000000e+09
2.814982000000000000e+10
2.382191000000000000e+09
5.881301000000000000e+10
2.919968000000000000e+07
inf
inf
4.474017000000000000e+07
3.970498000000000000e+09
4.773230000000000000e+09
2.984620000000000000e+09
3.941985000000000000e+09
2.551145000000000000e+09
2.860207000000000000e+09
1.361208000000000000e+08
2.892104000000000000e+08
inf
1.003360000000000000e+10
1.584189000000000000e+09
5.580478000000000000e+09
inf
3.854695000000000000e+07
8.841687000000000000e+09
3.300749000000000000e+09
5.373066000000000000e+07
1.397992000000000000e+08
3.388404000000000000e+09
inf
inf
7.721092000000000000e+09
inf
inf
3.108569000000000000e+09
3.465048000000000000e+09
inf
inf
1.762659000000000000e+09
2.173946000000000000e+09
1.454096000000000000e+10
2.001537000000000000e+09
inf
3.559174000000000000e+07
2.458775000000000000e+09
1.351468000000000000e+09
inf
2.430648000000000000e+09
5.554011000000000000e+09
3.183968000000000000e+07
1.687637000000000000e+09
8.380986000000000000e+07
5.202974000000000000e+07
4.779221000000000000e+07
6.185175000000000000e+08
4.706806000000000000e+07
inf
inf
9.384609000000000000e+08
1.829230000000000000e+09
1.197647000000000000e+10
2.683119000000000000e+09
3.088165000000000000e+09
2.599470000000000000e+09
4.514775000000000000e+09
4.062692000000000000e+07
inf
2.841698000000000000e+09
inf
6.749033000000000000e+09
1.855705000000000000e+09
6.823526000000000000e+07
5.362890000000000000e+07
5.315770000000000000e+07
8.210216000000000000e+08
inf
inf
inf
4.587446000000000000e+08
7.538478000000000000e+07
3.733937000000000000e+07
8.121728000000000000e+07
inf
8.863250000000000000e+08
8.925551000000000000e+09
2.015007000000000000e+09
inf
inf
1.626785000000000000e+09
2.615715000000000000e+07
2.731802000000000000e+09
inf
inf
3.985709000000000000e+07
inf
7.218692000000000000e+10
1.395859000000000000e+09
inf
4.637148000000000000e+07
inf
3.620654000000000000e+07
2.715192000000000000e+09
inf
inf
inf
inf
2.998205000000000000e+09
inf
8.543108000000000000e+08
2.317754000000000000e+09
7.131647000000000000e+08
inf
1.466397000000000000e+09
3.029127000000000000e+07
8.281088000000000000e+07
inf
3.401702000000000000e+08
1.202621000000000000e+09
inf
inf
inf
2.980569000000000000e+09
7.421262000000000000e+07
inf
inf
inf
inf
inf
2.600111000000000000e+09
8.847625000000000000e+08
4.026318000000000000e+09
1.178364000000000000e+10
7.436458000000000000e+07
5.722899000000000000e+09
1.189859000000000000e+09
3.653387000000000000e+09
inf
inf
5.673117000000000000e+08
inf
1.818624000000000000e+09
5.510446000000000000e+07
inf
inf
inf
inf
5.236181000000000000e+07
inf
7.573288000000000000e+07
inf
inf
5.762513000000000000e+07
inf
4.417730000000000000e+08
1.219487000000000000e+09
2.112590000000000000e+09
4.149327000000000000e+09
1.482236000000000000e+09
4.344376000000000000e+07
1.292847000000000000e+09
inf
inf
inf
inf
3.901042000000000000e+07
inf
4.123221000000000000e+07
inf
inf
inf
inf
7.740406000000000000e+07
inf
inf
2.053322000000000000e+09
3.411215000000000000e+09
inf
3.685762000000000000e+07
4.677684000000000000e+07
4.624171000000000000e+07
2.189782000000000000e+08
1.140418000000000000e+09
2.153777000000000000e+09
inf
inf
inf
4.303068000000000000e+07
inf
inf
inf
1.117184000000000000e+09
inf
inf
inf
inf
2.492085000000000000e+07
inf
1.299222000000000000e+09
inf
4.459554000000000000e+07
inf
1.454177000000000000e+09
inf
2.976395000000000000e+07
5.685936000000000000e+07
4.809387000000000000e+09
2.331702000000000000e+09
3.793841000000000000e+09
5.043688000000000000e+09
2.357467000000000000e+09
inf
5.827281000000000000e+07
inf
inf
inf
5.927030000000000000e+07
4.350904000000000000e+07
7.062836000000000000e+07
inf
inf
inf
3.725824000000000000e+07
inf
inf
1.488298000000000000e+08
4.115946000000000000e+09
1.055195000000000000e+10
4.655933000000000000e+07
7.359840000000000000e+09
7.072875000000000000e+08
1.301533000000000000e+09
5.977366000000000000e+09
8.397574000000000000e+08
3.886140000000000000e+07
4.048902000000000000e+09
3.623742000000000000e+09
1.890659000000000000e+09
inf
3.934271000000000000e+07
6.201969000000000000e+07
3.952733000000000000e+07
inf
6.460250000000000000e+07
inf
4.142803000000000000e+10
7.828058000000000000e+07
4.717212000000000000e+08
3.477625000000000000e+09
6.876596000000000000e+07
4.561674000000000000e+09
1.730766000000000000e+07
2.420933000000000000e+09
6.395201000000000000e+08
6.790780000000000000e+09
inf
1.292847000000000000e+09
3.870186000000000000e+09
1.172283000000000000e+09
1.695346000000000000e+09
1.343749000000000000e+09
inf
6.004610000000000000e+09
7.906682000000000000e+08
inf
2.517026000000000000e+09
1.745205000000000000e+09
1.073685000000000000e+09
1.769763000000000000e+09
7.754040000000000000e+08
2.016240000000000000e+09
2.673318000000000000e+09
7.609354000000000000e+07
4.313724000000000000e+09
2.793493000000000000e+09
4.320408000000000000e+08
2.423494000000000000e+09
inf
3.060614000000000000e+07
1.780225000000000000e+09
5.568884000000000000e+07
3.110036000000000000e+09
inf
3.856503000000000000e+07
1.107068000000000000e+10
1.466218000000000000e+08
4.807163000000000000e+07
inf
7.044980000000000000e+09
1.835346000000000000e+09
3.792203000000000000e+09
5.850500000000000000e+07
2.411119000000000000e+08
inf
7.756208000000000000e+08
2.372111000000000000e+09
inf
inf
inf
2.698842000000000000e+07
inf
3.727819000000000000e+09
