inf
inf
-9.085996175047654333e+01
inf
-9.129622929611849713e+01
-8.812464444954288467e+01
inf
inf
inf
inf
inf
inf
inf
inf
inf
inf
inf
inf
inf
inf
-9.744415017048926586e+01
-9.634432456982109727e+01
inf
inf
inf
inf
inf
inf
inf
-9.323493487814542391e+01
inf
-9.603798510482150164e+01
-9.472642706300358384e+01
inf
-9.477205551096308511e+01
-7.173150704975451220e+01
inf
inf
-9.091561422708208795e+01
-8.907739947200020936e+01
inf
inf
inf
-9.378246368491326734e+01
-9.856234475750113688e+01
inf
-9.181312611548010238e+01
-9.408179304610574434e+01
inf
inf
-9.364207449668157324e+01
inf
-8.417195910771931722e+01
-9.427316647205690003e+01
inf
-8.961779828312430141e+01
-9.246837292323778001e+01
-9.043653845427419924e+01
-8.948754097899268345e+01
inf
-9.692419063976664972e+01
-9.547429761717253882e+01
inf
-9.090914992040721643e+01
-9.774951956171257450e+01
-9.301053864263060689e+01
-9.344340056016157803e+01
-9.223510782173015343e+01
-8.887925035910156168e+01
inf
-9.162637725819286061e+01
inf
inf
-9.104635767529421742e+01
-1.010299799132493632e+02
inf
inf
inf
inf
-9.302559330669332383e+01
-9.019017148181494292e+01
inf
-9.090470820641237992e+01
-9.252452274327765736e+01
-9.161608716888689230e+01
-9.177871610709293293e+01
inf
-9.269587159102952967e+01
inf
inf
inf
-9.483040008475335014e+01
inf
-9.487535443456378914e+01
-9.345616525812458519e+01
-9.368144661177136356e+01
inf
inf
-9.498381030345538534e+01
-9.213020676999741454e+01
inf
-9.494773534031870099e+01
-9.271657405164826571e+01
inf
inf
inf
-9.044467901260890130e+01
inf
inf
inf
inf
inf
inf
inf
inf
inf
inf
-9.243745660271402187e+01
-9.218538146704142378e+01
inf
-9.146857854157551060e+01
-8.846293691250883739e+01
-9.415932858324225663e+01
-9.427895593961901000e+01
inf
-8.599472959394294946e+01
-9.205916592010913746e+01
-9.055186412533689122e+01
-9.125037979481066941e+01
-9.065817231319165614e+01
-8.966169620292475884e+01
-9.403450372634577548e+01
inf
-9.204672906154425505e+01
inf
-9.103886969296429754e+01
-8.747512412644884705e+01
inf
inf
-8.959507216713052458e+01
inf
-9.175163081248594210e+01
-9.294276298097524602e+01
-9.365097264668432331e+01
inf
inf
-9.426572164422721301e+01
inf
inf
-7.214121580540430045e+01
inf
inf
inf
-9.153853651547881043e+01
inf
inf
inf
-8.431636694835329138e+01
-9.253412362612715469e+01
-9.219805558464207706e+01
inf
inf
-9.304725457003932831e+01
inf
inf
inf
-9.408991444721672792e+01
inf
inf
inf
inf
-9.781461413254397996e+01
-9.093399219675347922e+01
inf
-1.035806867683739085e+02
inf
-9.008678532781583215e+01
-9.058663970281989464e+01
inf
inf
inf
inf
inf
-9.435000019533170246e+01
inf
-1.077589902876101462e+02
inf
inf
-9.123964940519235256e+01
inf
-9.423508240326019347e+01
-9.411934987214574733e+01
inf
-9.342960948325152515e+01
-9.331529465315425398e+01
-9.531590229437018991e+01
inf
-1.037474599531196304e+02
-9.232724050160238960e+01
inf
-9.413684400713684397e+01
inf
inf
inf
-9.366294081073752409e+01
-9.402499824712381837e+01
inf
inf
inf
inf
-9.429652542073675647e+01
-9.321625453205155054e+01
-9.231748512132887186e+01
-8.798220555488813943e+01
inf
inf
-8.416440568909287379e+01
inf
-9.411297457784473863e+01
-8.935455762269843660e+01
-9.288681646347272647e+01
-9.243653213367912258e+01
-9.401898525371929338e+01
-9.454602207722109597e+01
inf
-9.720539746582447549e+01
inf
inf
inf
-9.325374162973346870e+01
inf
inf
-8.331624394222562557e+01
inf
inf
-9.369870675620222755e+01
inf
-9.305071578605603122e+01
-8.881502295212057163e+01
inf
inf
-9.976470519109170709e+01
inf
inf
inf
-9.278177683772443629e+01
-8.995764301468541646e+01
inf
-9.476726757446006388e+01
inf
inf
-9.571299651772511652e+01
-9.744277833384862220e+01
-9.296882600679006714e+01
inf
inf
inf
-9.601538262826551318e+01
inf
inf
inf
inf
-9.275508483755484690e+01
inf
inf
inf
-9.565738579546554377e+01
-1.011796414987168475e+02
inf
inf
inf
inf
inf
inf
inf
inf
inf
inf
inf
-8.992709587299633256e+01
inf
inf
inf
inf
inf
inf
-9.300539535902807131e+01
-1.023552768066764429e+02
inf
inf
inf
-9.599534095055342675e+01
inf
-1.029069715369074203e+02
inf
inf
inf
inf
-9.616368134290424052e+01
inf
inf
inf
inf
inf
-9.734084878276658515e+01
inf
inf
inf
-9.340636283765590520e+01
-8.852183707200900642e+01
inf
inf
inf
inf
inf
inf
inf
-9.458619981617121653e+01
inf
-9.341308042410078372e+01
inf
inf
-9.792257144010090997e+01
inf
inf
inf
inf
inf
inf
inf
inf
-9.473157750539495225e+01
-9.411391989486959631e+01
inf
-1.031482564148564194e+02
-9.359767875531672132e+01
-9.796158094868907540e+01
inf
inf
inf
inf
inf
inf
-9.579341265549227558e+01
inf
-9.246675545531159912e+01
-9.723291644927763855e+01
inf
inf
-7.023994945828565051e+01
inf
inf
inf
inf
inf
-9.495606318740634322e+01
inf
inf
inf
inf
inf
inf
inf
inf
inf
inf
inf
inf
inf
inf
inf
inf
-8.552612318525876844e+01
inf
inf
inf
-9.097394784166183967e+01
-9.511594828081551611e+01
inf
inf
inf
inf
inf
inf
