2.485271000000000000e+09
4.014829000000000000e+09
5.820369000000000000e+08
1.880057000000000000e+08
1.668153000000000000e+09
2.550572000000000000e+09
1.581731000000000000e+08
7.631075000000000000e+09
3.800161000000000000e+09
1.352639000000000000e+10
5.081509000000000000e+09
1.011939000000000000e+09
inf
2.617320000000000000e+09
2.523272000000000000e+09
9.344394000000000000e+08
1.046928000000000000e+09
4.520272000000000000e+07
2.338747000000000000e+08
3.986039000000000000e+09
inf
1.694271000000000000e+09
4.283504000000000000e+09
2.468265000000000000e+07
2.807690000000000000e+09
1.153395000000000000e+09
6.904686000000000000e+09
7.447681000000000000e+08
2.161388000000000000e+09
5.042689000000000000e+09
1.112594000000000000e+09
2.791070000000000000e+09
3.511106000000000000e+09
9.638783000000000000e+08
2.469003000000000000e+09
1.766181000000000000e+09
2.365907000000000000e+09
2.952093000000000000e+09
3.295497000000000000e+09
5.417218000000000000e+09
2.804112000000000000e+09
1.901723000000000000e+09
9.456848000000000000e+09
2.132756000000000000e+09
inf
2.056005000000000000e+08
2.316098000000000000e+09
8.118165000000000000e+08
8.966760000000000000e+08
9.890440000000000000e+08
inf
1.111035000000000000e+08
8.392727000000000000e+08
1.801059000000000000e+09
3.421918000000000000e+09
8.001066000000000000e+09
2.767665000000000000e+09
inf
1.001955000000000000e+09
1.438727000000000000e+09
4.875816000000000000e+08
9.587335000000000000e+08
1.679026000000000000e+09
2.527136000000000000e+09
1.711403000000000000e+09
2.205439000000000000e+09
inf
1.808460000000000000e+10
5.594393000000000000e+07
3.849395000000000000e+07
2.440251000000000000e+09
4.856490000000000000e+08
1.178518000000000000e+09
inf
3.522348000000000000e+09
2.458314000000000000e+09
3.101917000000000000e+09
7.375285000000000000e+09
inf
2.563449000000000000e+09
6.481507000000000000e+07
inf
6.770134000000000000e+09
8.206988000000000000e+08
3.327056000000000000e+09
5.127176000000000000e+07
2.073141000000000000e+09
3.479642000000000000e+09
1.748114000000000000e+09
1.040820000000000000e+09
2.628681000000000000e+08
8.872151000000000000e+09
1.971589000000000000e+09
1.047925000000000000e+09
1.190206000000000000e+09
8.473530000000000000e+09
4.175130000000000000e+09
2.744649000000000000e+09
3.658748000000000000e+07
5.019681000000000000e+09
1.263931000000000000e+10
2.230781000000000000e+09
1.561599000000000000e+09
1.197547000000000000e+09
inf
inf
4.297448000000000000e+09
inf
1.427526000000000000e+09
4.255887000000000000e+09
inf
2.993257000000000000e+09
3.561387000000000000e+07
4.830444000000000000e+07
inf
inf
2.517498000000000000e+09
2.893854000000000000e+09
2.608940000000000000e+08
1.313879000000000000e+08
2.936988000000000000e+10
1.379783000000000000e+09
3.134407000000000000e+07
6.264180000000000000e+10
6.017210000000000000e+09
inf
4.889541000000000000e+09
1.239602000000000000e+09
5.925386000000000000e+09
inf
4.182802000000000000e+08
inf
9.693776000000000000e+07
4.442046000000000000e+09
inf
inf
1.100369000000000000e+08
7.425062000000000000e+08
6.177910000000000000e+07
2.738954000000000000e+09
inf
9.073219000000000000e+08
3.013430000000000000e+08
1.559017000000000000e+09
1.593184000000000000e+08
4.220714000000000000e+08
5.795298000000000000e+07
1.598276000000000000e+10
3.018235000000000000e+09
8.309265000000000000e+08
5.100065000000000000e+07
inf
inf
inf
inf
inf
5.904186000000000000e+09
3.822166000000000000e+09
inf
inf
4.904978000000000000e+07
inf
5.027327000000000000e+09
4.809384000000000000e+08
5.516386000000000000e+07
inf
1.007614000000000000e+09
2.179947000000000000e+09
3.425470000000000000e+09
5.818829000000000000e+08
1.724818000000000000e+09
2.581494000000000000e+09
2.564611000000000000e+07
1.031388000000000000e+10
3.051072000000000000e+08
1.669334000000000000e+08
3.008777000000000000e+09
8.741729000000000000e+08
9.764616000000000000e+08
2.882480000000000000e+10
1.828499000000000000e+10
3.826597000000000000e+09
inf
inf
2.988176000000000000e+09
1.820932000000000000e+09
1.600155000000000000e+08
7.383081000000000000e+07
5.414440000000000000e+09
5.508882000000000000e+08
6.146071000000000000e+09
inf
4.125550000000000000e+09
1.108227000000000000e+09
inf
2.627739000000000000e+09
inf
inf
inf
8.012211000000000000e+07
3.441319000000000000e+09
4.911369000000000000e+09
7.189718000000000000e+08
inf
inf
6.481777000000000000e+09
inf
1.872192000000000000e+09
2.382129000000000000e+09
5.604570000000000000e+07
3.562844000000000000e+08
2.223267000000000000e+09
2.493721000000000000e+09
1.686479000000000000e+09
1.352639000000000000e+09
5.222215000000000000e+08
6.289824000000000000e+07
inf
1.095582000000000000e+09
8.393501000000000000e+07
9.458203000000000000e+08
inf
inf
3.716908000000000000e+07
7.552754000000000000e+07
4.112185000000000000e+08
1.700546000000000000e+09
9.873796000000000000e+08
1.606053000000000000e+10
6.465113000000000000e+09
9.110631000000000000e+08
inf
inf
inf
inf
3.014100000000000000e+09
inf
1.449787000000000000e+09
6.728726000000000000e+09
9.804683000000000000e+08
2.806497000000000000e+09
inf
1.111634000000000000e+09
inf
1.017085000000000000e+10
3.660293000000000000e+09
3.351511000000000000e+07
8.242278000000000000e+07
5.908811000000000000e+09
6.496929000000000000e+09
1.452019000000000000e+09
7.894432000000000000e+07
inf
7.391286000000000000e+07
inf
2.296757000000000000e+09
3.542266000000000000e+07
8.271183000000000000e+07
1.606835000000000000e+09
1.026575000000000000e+10
5.389793000000000000e+08
2.417614000000000000e+07
1.516441000000000000e+09
4.599917000000000000e+09
3.791430000000000000e+09
inf
1.281973000000000000e+09
2.063420000000000000e+09
1.458154000000000000e+09
inf
8.416363000000000000e+07
inf
6.895886000000000000e+07
inf
4.614064000000000000e+08
1.130191000000000000e+09
inf
inf
inf
6.887477000000000000e+07
5.599364000000000000e+07
inf
2.083480000000000000e+08
3.665119000000000000e+09
1.158049000000000000e+11
inf
1.401758000000000000e+09
3.254872000000000000e+09
5.523749000000000000e+09
4.616000000000000000e+09
inf
1.503960000000000000e+08
2.066844000000000000e+08
9.039825000000000000e+08
inf
9.071660000000000000e+08
1.044774000000000000e+08
4.252182000000000000e+07
6.457562000000000000e+07
3.260700000000000000e+09
1.619331000000000000e+08
inf
inf
3.628851000000000000e+09
inf
inf
6.708211000000000000e+09
4.436076000000000000e+09
inf
2.179227000000000000e+09
2.939244000000000000e+08
inf
6.477802000000000000e+09
1.896805000000000000e+09
1.416194000000000000e+09
2.072490000000000000e+09
2.382129000000000000e+09
9.090869000000000000e+08
inf
9.856473000000000000e+08
inf
inf
8.800234000000000000e+07
1.222348000000000000e+08
1.194432000000000000e+09
inf
inf
inf
1.414714000000000000e+09
inf
1.443762000000000000e+09
inf
5.902602000000000000e+08
6.314743000000000000e+08
inf
7.458621000000000000e+08
1.026975000000000000e+10
3.882871000000000000e+10
7.765742000000000000e+10
3.558618000000000000e+08
2.705279000000000000e+09
inf
inf
4.651549000000000000e+07
inf
2.579854000000000000e+09
1.117196000000000000e+08
inf
2.572440000000000000e+09
1.000133000000000000e+10
4.466089000000000000e+09
6.616180000000000000e+08
inf
2.440251000000000000e+09
1.372324000000000000e+09
1.530107000000000000e+09
8.352161000000000000e+07
9.458203000000000000e+08
5.940611000000000000e+07
5.388473000000000000e+09
1.018183000000000000e+09
8.023252000000000000e+07
2.294920000000000000e+08
2.183643000000000000e+09
8.192727000000000000e+08
3.857908000000000000e+09
7.332091000000000000e+07
5.966189000000000000e+07
1.254443000000000000e+09
inf
2.309615000000000000e+09
8.778466000000000000e+07
3.917436000000000000e+09
2.472240000000000000e+09
4.977289000000000000e+08
3.163940000000000000e+07
6.509744000000000000e+09
6.260764000000000000e+08
2.127257000000000000e+09
4.321079000000000000e+08
6.439883000000000000e+09
8.451831000000000000e+09
9.619469000000000000e+08
9.707177000000000000e+10
