1.866316000000000000e+09
inf
5.864971000000000000e+08
2.197165000000000000e+09
inf
9.275135000000000000e+08
inf
1.862625000000000000e+09
3.177683000000000000e+09
1.059355000000000000e+09
7.280258000000000000e+07
1.726324000000000000e+09
4.092920000000000000e+09
inf
9.113873000000000000e+07
4.790422000000000000e+07
inf
1.676365000000000000e+07
inf
2.149884000000000000e+09
3.027407000000000000e+09
1.623662000000000000e+09
4.121058000000000000e+09
2.054110000000000000e+09
2.397707000000000000e+09
2.810611000000000000e+09
inf
1.936929000000000000e+08
9.574115000000000000e+08
1.614123000000000000e+09
3.247637000000000000e+07
3.256690000000000000e+07
1.031877000000000000e+09
7.146666000000000000e+09
5.310856000000000000e+08
inf
5.068173000000000000e+09
1.184212000000000000e+09
2.300460000000000000e+09
5.002100000000000000e+07
9.006547000000000000e+08
3.899287000000000000e+09
2.865577000000000000e+09
8.283534000000000000e+09
1.543061000000000000e+09
1.171171000000000000e+10
2.093236000000000000e+10
6.658363000000000000e+08
1.630488000000000000e+09
1.680778000000000000e+09
9.880875000000000000e+07
4.335104000000000000e+09
3.922483000000000000e+09
inf
1.334756000000000000e+09
9.823739000000000000e+08
inf
9.366042000000000000e+09
1.015664000000000000e+09
2.163285000000000000e+09
1.754575000000000000e+09
1.778714000000000000e+09
inf
1.262676000000000000e+09
5.835127000000000000e+09
1.015977000000000000e+10
inf
9.325293000000000000e+07
inf
1.574801000000000000e+09
1.663079000000000000e+09
1.542384000000000000e+09
7.007113000000000000e+09
1.756445000000000000e+09
2.009660000000000000e+09
7.355749000000000000e+08
3.200822000000000000e+09
7.112938000000000000e+09
3.042775000000000000e+09
1.092214000000000000e+09
2.329104000000000000e+09
8.185839000000000000e+08
8.924869000000000000e+08
2.556686000000000000e+09
4.366684000000000000e+09
2.982222000000000000e+09
1.827520000000000000e+09
2.505084000000000000e+09
1.986052000000000000e+10
1.319068000000000000e+10
9.096004000000000000e+08
4.933258000000000000e+07
1.965993000000000000e+09
5.883024000000000000e+08
8.167967000000000000e+07
7.226648000000000000e+07
4.809404000000000000e+09
6.818711000000000000e+09
2.389019000000000000e+09
1.498226000000000000e+09
3.300147000000000000e+09
1.642111000000000000e+09
1.757030000000000000e+09
2.661967000000000000e+09
1.483396000000000000e+09
1.132159000000000000e+09
3.632889000000000000e+09
5.668886000000000000e+07
3.698297000000000000e+08
1.232466000000000000e+10
3.507750000000000000e+09
1.411321000000000000e+09
1.694601000000000000e+09
4.689682000000000000e+09
1.771070000000000000e+09
1.769644000000000000e+09
3.670519000000000000e+07
inf
1.323503000000000000e+09
3.680492000000000000e+07
8.346579000000000000e+08
8.837413000000000000e+07
1.443453000000000000e+09
5.866275000000000000e+09
1.833109000000000000e+09
1.675759000000000000e+09
inf
3.640913000000000000e+09
3.782957000000000000e+09
2.784499000000000000e+09
1.956586000000000000e+09
1.819452000000000000e+09
6.327921000000000000e+09
inf
2.616685000000000000e+07
7.649296000000000000e+09
1.495169000000000000e+09
1.709539000000000000e+09
3.620919000000000000e+09
1.820456000000000000e+09
5.630823000000000000e+09
2.312765000000000000e+09
inf
inf
2.156123000000000000e+09
1.899105000000000000e+09
1.044628000000000000e+09
3.483198000000000000e+09
1.156585000000000000e+09
9.260805000000000000e+09
7.573408000000000000e+07
2.163285000000000000e+09
2.413504000000000000e+09
7.793964000000000000e+08
1.776318000000000000e+09
1.757381000000000000e+09
2.734838000000000000e+09
3.235375000000000000e+09
4.987665000000000000e+09
1.462665000000000000e+09
1.247034000000000000e+09
5.262325000000000000e+09
1.907346000000000000e+09
3.291909000000000000e+09
1.527732000000000000e+09
1.367702000000000000e+09
inf
1.832090000000000000e+09
2.807021000000000000e+09
6.174593000000000000e+08
5.333409000000000000e+08
1.763491000000000000e+09
2.731439000000000000e+09
1.429411000000000000e+09
inf
1.150130000000000000e+09
5.031049000000000000e+08
2.192052000000000000e+09
4.318070000000000000e+09
inf
3.672242000000000000e+08
2.324998000000000000e+09
inf
2.505203000000000000e+09
5.694036000000000000e+08
1.354219000000000000e+09
2.520525000000000000e+09
2.087933000000000000e+09
3.912562000000000000e+07
5.435856000000000000e+09
3.543091000000000000e+09
4.395971000000000000e+07
3.516636000000000000e+09
2.060610000000000000e+09
2.023226000000000000e+09
2.373540000000000000e+09
2.760022000000000000e+09
1.371258000000000000e+09
5.824818000000000000e+09
inf
1.623662000000000000e+09
5.171524000000000000e+09
9.654017000000000000e+09
inf
1.199726000000000000e+09
inf
3.179024000000000000e+09
1.606259000000000000e+09
8.812904000000000000e+07
1.636406000000000000e+09
6.405756000000000000e+07
3.552636000000000000e+09
2.851943000000000000e+09
1.439357000000000000e+09
4.976372000000000000e+09
6.098764000000000000e+07
7.261777000000000000e+09
5.704171000000000000e+07
5.551649000000000000e+08
2.848248000000000000e+09
1.217981000000000000e+09
1.027713000000000000e+08
1.946190000000000000e+09
2.425936000000000000e+09
9.632861000000000000e+08
1.540583000000000000e+09
1.673526000000000000e+10
2.214135000000000000e+09
inf
inf
4.656563000000000000e+09
1.415259000000000000e+09
1.384939000000000000e+09
1.600411000000000000e+09
2.356258000000000000e+09
2.282344000000000000e+09
8.336950000000000000e+08
4.375377000000000000e+09
2.955488000000000000e+09
4.674058000000000000e+08
3.524414000000000000e+08
8.360880000000000000e+07
1.865260000000000000e+09
1.765640000000000000e+08
1.304907000000000000e+09
9.964778000000000000e+08
1.260263000000000000e+09
2.116755000000000000e+09
3.457626000000000000e+09
5.626018000000000000e+09
5.274955000000000000e+09
4.098007000000000000e+09
3.244469000000000000e+08
4.698455000000000000e+09
inf
9.719961000000000000e+07
1.122904000000000000e+09
3.269060000000000000e+09
1.126357000000000000e+09
1.441481000000000000e+09
9.763734000000000000e+08
1.132742000000000000e+09
1.738442000000000000e+09
1.257618000000000000e+09
2.875575000000000000e+09
inf
3.278813000000000000e+09
4.160059000000000000e+09
4.169015000000000000e+07
1.196678000000000000e+09
2.064400000000000000e+09
2.594921000000000000e+09
inf
3.934560000000000000e+07
4.301170000000000000e+09
2.658319000000000000e+08
7.196529000000000000e+07
inf
inf
1.551092000000000000e+09
3.411377000000000000e+07
5.326085000000000000e+09
5.253939000000000000e+09
1.380589000000000000e+09
2.760022000000000000e+09
3.423517000000000000e+09
6.910750000000000000e+07
9.441480000000000000e+07
1.246304000000000000e+08
1.088059000000000000e+08
inf
2.081605000000000000e+08
1.618084000000000000e+09
1.464614000000000000e+09
2.692402000000000000e+09
3.844719000000000000e+09
4.808703000000000000e+08
2.644883000000000000e+09
1.536633000000000000e+09
3.727356000000000000e+09
2.000514000000000000e+09
2.118456000000000000e+09
inf
1.663814000000000000e+09
2.899601000000000000e+09
6.376263000000000000e+08
2.753108000000000000e+09
8.867258000000000000e+08
4.547375000000000000e+09
1.980683000000000000e+09
inf
1.048011000000000000e+09
3.226667000000000000e+09
1.964162000000000000e+09
2.357416000000000000e+09
6.424097000000000000e+08
3.199191000000000000e+08
2.656605000000000000e+09
3.874085000000000000e+09
6.171270000000000000e+08
1.911770000000000000e+09
1.650900000000000000e+09
inf
inf
3.275556000000000000e+09
6.153488000000000000e+07
1.175556000000000000e+09
inf
7.365609000000000000e+08
5.326085000000000000e+09
2.424152000000000000e+09
1.967092000000000000e+09
6.428356000000000000e+07
2.076754000000000000e+09
5.127289000000000000e+09
6.554685000000000000e+07
1.755322000000000000e+08
6.590398000000000000e+08
8.372625000000000000e+07
2.658747000000000000e+09
1.451077000000000000e+09
1.473451000000000000e+09
3.303058000000000000e+07
1.212076000000000000e+10
1.477082000000000000e+09
8.593371000000000000e+08
2.126998000000000000e+10
3.601143000000000000e+09
3.483198000000000000e+09
1.842328000000000000e+09
2.903432000000000000e+09
4.862606000000000000e+09
1.774406000000000000e+09
2.935749000000000000e+09
2.491006000000000000e+09
5.078713000000000000e+08
2.445641000000000000e+08
1.602356000000000000e+09
8.361265000000000000e+08
3.544996000000000000e+09
9.655430000000000000e+08
9.888377000000000000e+07
inf
4.513137000000000000e+09
1.715767000000000000e+09
5.834546000000000000e+07
1.947383000000000000e+08
2.643823000000000000e+09
2.345675000000000000e+09
inf
8.900774000000000000e+08
4.630403000000000000e+09
5.674435000000000000e+08
inf
1.329910000000000000e+09
8.629359000000000000e+08
2.569639000000000000e+09
1.560637000000000000e+09
8.080506000000000000e+09
1.272668000000000000e+09
inf
inf
1.992919000000000000e+07
5.526985000000000000e+09
