inf
inf
inf
inf
3.360775999999999957e-13
inf
9.399116000000000963e-13
inf
inf
9.952354999999999349e-12
inf
inf
inf
4.418216000000000245e-12
inf
inf
inf
inf
4.008605999999999934e-12
inf
1.105557999999999963e-11
inf
inf
inf
inf
2.440303999999999898e-12
7.820588999999999323e-12
inf
2.841012999999999943e-12
inf
inf
inf
4.944914000000000067e-12
9.024429999999999746e-12
3.852378000000000248e-12
4.740117999999999856e-12
1.063311999999999943e-11
7.177850999999999926e-12
1.383394999999999963e-11
inf
7.468717999999999357e-12
inf
8.535760999999999337e-12
1.234805000000000008e-12
1.049797999999999966e-11
9.000861000000000657e-12
1.445193999999999910e-12
inf
inf
inf
inf
inf
3.208844000000000175e-12
inf
inf
inf
1.743367000000000037e-11
2.689192999999999889e-12
8.591059000000000178e-12
inf
9.631333000000000437e-12
inf
8.009603000000000238e-12
8.175524999999999538e-12
inf
3.774536999999999671e-12
6.253519000000000023e-12
inf
2.024791000000000071e-12
6.636528999999999620e-12
1.520734999999999982e-12
inf
2.217097999999999970e-12
6.251936000000000433e-13
inf
inf
1.046096000000000029e-11
inf
inf
inf
inf
1.284915000000000003e-11
9.134901000000000357e-12
1.997426000000000015e-12
9.179154000000000410e-12
2.606306000000000143e-12
inf
inf
inf
4.023875000000000361e-12
1.535971999999999910e-11
5.867777000000000151e-12
5.332575000000000227e-12
3.809433999999999740e-12
inf
inf
7.522103999999999913e-12
inf
inf
inf
inf
4.039843000000000399e-12
inf
inf
inf
3.854300000000000046e-13
7.428089999999999704e-12
8.534630000000000763e-12
inf
9.319481999999999729e-12
8.833980000000000290e-12
inf
inf
inf
2.073223999999999972e-11
inf
1.126620000000000101e-12
1.649934000000000147e-11
3.173327000000000055e-12
inf
1.935338999999999939e-12
5.069490000000000041e-13
4.504269000000000383e-12
inf
inf
inf
inf
inf
9.851825999999999344e-13
1.550198000000000055e-12
inf
3.075741000000000152e-12
1.053686999999999931e-11
inf
1.045279999999999965e-12
2.105005999999999846e-12
inf
inf
1.390150999999999940e-11
inf
5.525999999999999678e-12
1.355659000000000050e-11
4.864992999999999968e-13
inf
2.275719000000000150e-12
inf
7.698473000000000532e-12
3.424246000000000190e-12
inf
inf
inf
inf
1.289494000000000039e-11
inf
1.014845000000000044e-11
inf
inf
2.337915000000000141e-13
9.578102000000000499e-12
inf
1.031015999999999976e-11
inf
6.931643000000000053e-13
inf
inf
inf
4.108770999999999840e-12
inf
8.125439999999999757e-13
inf
1.228030999999999980e-11
8.043856000000000132e-12
inf
inf
inf
inf
inf
2.474373000000000103e-13
inf
inf
7.829469000000000795e-12
inf
inf
inf
8.772710999999999857e-13
9.038352999999999464e-12
3.662197999999999942e-12
inf
inf
2.273464000000000177e-12
inf
inf
4.808187000000000220e-12
inf
9.199988000000000723e-12
inf
3.184289000000000186e-12
inf
5.304953000000000044e-12
6.364588999999999872e-12
inf
1.496758000000000033e-12
5.690144000000000114e-12
5.974256000000000146e-12
inf
inf
3.486197999999999884e-12
1.969729999999999928e-12
1.355386000000000057e-12
1.466251999999999839e-11
6.793899999999999960e-12
inf
inf
1.253997999999999924e-11
6.180374999999999906e-12
inf
inf
6.730486000000000045e-12
9.337866999999999958e-12
6.965102000000000223e-12
6.608624000000000053e-12
inf
inf
8.228758000000000630e-12
inf
8.730946999999999552e-13
7.998479000000000698e-12
inf
2.716745000000000053e-12
1.354130999999999978e-12
2.738526000000000159e-12
inf
9.330146000000000299e-12
3.845555000000000369e-12
6.645186999999999763e-12
2.116053000000000172e-12
inf
7.775009999999999603e-12
6.172770999999999931e-12
inf
inf
1.218393000000000057e-11
1.143111999999999986e-11
9.443653000000000574e-14
2.891151000000000027e-12
inf
inf
inf
inf
2.943146000000000150e-12
inf
1.111474999999999967e-11
inf
inf
1.058624999999999924e-11
inf
inf
inf
7.016139000000000261e-12
6.897243999999999686e-12
6.561342000000000336e-12
1.386791000000000003e-11
inf
2.348447999999999810e-12
inf
2.362274000000000078e-12
inf
inf
inf
inf
inf
4.698903000000000016e-13
inf
1.240011999999999876e-13
3.109056000000000197e-12
5.880458999999999995e-12
5.033164000000000221e-12
6.022676000000000458e-13
1.083578999999999941e-12
4.047774999999999885e-12
inf
inf
3.693462999999999607e-12
7.456736999999999471e-12
8.379702000000000274e-12
4.765967999999999792e-13
inf
inf
inf
inf
3.069697000000000021e-12
inf
inf
1.418819000000000035e-11
inf
inf
inf
6.757748000000000015e-13
1.134968000000000016e-12
9.128839999999999298e-12
inf
inf
inf
inf
inf
1.320971000000000047e-13
inf
inf
inf
7.448504999999999875e-13
8.477577999999999564e-13
inf
8.749975999999999551e-12
inf
6.774178000000000178e-12
3.543633999999999802e-12
6.410452000000000360e-12
inf
1.475341999999999996e-12
9.933992999999999472e-12
1.550870000000000035e-12
7.835780000000000767e-12
inf
inf
6.191721999999999736e-12
3.458355999999999931e-12
inf
inf
inf
2.502371999999999912e-12
inf
inf
inf
inf
inf
inf
inf
4.409944999999999744e-12
1.072324999999999997e-11
7.194970000000000239e-14
inf
inf
9.218180999999999978e-12
1.101744999999999967e-12
3.296175000000000139e-12
3.139503999999999988e-12
inf
1.313125999999999993e-12
1.550778000000000039e-12
5.317207999999999773e-12
inf
inf
6.550705999999999775e-12
6.623015999999999898e-12
inf
9.798622000000000452e-12
inf
3.625946000000000027e-12
inf
inf
inf
inf
inf
inf
inf
3.431351000000000088e-12
inf
inf
inf
inf
inf
inf
inf
inf
9.821109999999999134e-13
inf
inf
inf
inf
7.388218999999999217e-12
inf
inf
inf
5.518696999999999784e-12
