inf
inf
inf
7.408334000000000000e+06
1.138635000000000000e+07
inf
inf
8.094198000000000000e+06
7.065401000000000000e+06
3.018802000000000000e+06
2.470111000000000000e+06
1.351253000000000000e+07
6.448124000000000000e+06
inf
5.322406000000000000e+07
1.028896000000000000e+07
4.596290000000000000e+06
5.350740000000000000e+06
9.671685000000000000e+06
7.476920000000000000e+06
inf
8.025611000000000000e+06
inf
inf
inf
8.162784000000000000e+06
1.008320000000000000e+07
inf
inf
9.740272000000000000e+06
2.607284000000000000e+06
5.968018000000000000e+06
inf
6.105192000000000000e+06
4.116185000000000000e+06
4.047599000000000000e+06
6.996815000000000000e+06
4.527704000000000000e+06
7.408334000000000000e+06
7.614092000000000000e+06
7.339747000000000000e+06
7.888438000000000000e+06
2.813043000000000000e+06
4.596290000000000000e+06
inf
5.899432000000000000e+06
inf
inf
5.899432000000000000e+06
4.390531000000000000e+06
inf
inf
6.173778000000000000e+06
inf
8.025611000000000000e+06
5.625086000000000000e+06
inf
4.596290000000000000e+06
inf
8.025611000000000000e+06
inf
5.282154000000000000e+06
inf
4.047599000000000000e+06
5.487914000000000000e+06
inf
7.133988000000000000e+06
4.527704000000000000e+06
4.802050000000000000e+06
7.271160000000000000e+06
4.116185000000000000e+06
inf
1.001462000000000000e+07
5.830846000000000000e+06
6.516710000000000000e+06
inf
inf
inf
5.350740000000000000e+06
4.116185000000000000e+06
inf
4.733463000000000000e+06
1.385546000000000000e+07
6.516710000000000000e+06
6.310950000000000000e+06
1.934237000000000000e+07
8.437130000000000000e+06
2.675870000000000000e+06
inf
6.928228000000000000e+06
5.625086000000000000e+06
inf
inf
5.282154000000000000e+06
1.680467000000000000e+07
4.965757000000000000e+07
5.144982000000000000e+06
7.476920000000000000e+06
inf
inf
inf
inf
3.636080000000000000e+06
8.437130000000000000e+06
inf
inf
inf
6.173778000000000000e+06
3.293148000000000000e+06
inf
inf
inf
5.487914000000000000e+06
inf
inf
4.527704000000000000e+06
3.888950000000000000e+07
inf
inf
inf
1.234656000000000000e+07
inf
7.133988000000000000e+06
1.179786000000000000e+07
inf
inf
4.253358000000000000e+06
1.124917000000000000e+07
2.112562000000000000e+07
5.144982000000000000e+06
inf
inf
5.007808000000000000e+06
inf
inf
5.693673000000000000e+06
7.614092000000000000e+06
5.213568000000000000e+06
inf
1.543294000000000000e+07
7.271160000000000000e+06
1.008320000000000000e+07
1.262090000000000000e+07
inf
7.476920000000000000e+06
1.207221000000000000e+07
inf
6.996815000000000000e+06
1.104341000000000000e+07
inf
2.462352000000000000e+07
7.408334000000000000e+06
9.122994000000000000e+06
4.321944000000000000e+06
inf
inf
4.459118000000000000e+06
inf
inf
1.001462000000000000e+07
3.018802000000000000e+06
inf
inf
7.271160000000000000e+06
8.025611000000000000e+06
2.401525000000000000e+06
7.888438000000000000e+06
2.064551000000000000e+07
6.722469000000000000e+06
1.714760000000000000e+07
7.065401000000000000e+06
inf
inf
1.899944000000000000e+07
1.111200000000000000e+07
inf
inf
1.145493000000000000e+07
inf
inf
3.361734000000000000e+06
inf
inf
inf
6.173778000000000000e+06
3.065913000000000000e+07
inf
7.202574000000000000e+06
inf
1.570729000000000000e+07
inf
1.303242000000000000e+07
6.516710000000000000e+06
1.550153000000000000e+07
6.516710000000000000e+06
inf
inf
3.704667000000000000e+06
inf
inf
inf
inf
2.332038000000000000e+07
inf
inf
inf
inf
inf
inf
inf
inf
9.603099000000000000e+06
inf
inf
7.133988000000000000e+06
inf
inf
1.509001000000000000e+07
inf
9.054407000000000000e+06
inf
inf
inf
inf
inf
inf
inf
inf
5.830846000000000000e+06
inf
inf
inf
inf
inf
inf
inf
inf
4.870636000000000000e+06
2.311462000000000000e+07
inf
inf
inf
1.008320000000000000e+07
inf
inf
6.036605000000000000e+06
inf
1.906802000000000000e+07
6.310950000000000000e+06
inf
inf
inf
inf
inf
inf
inf
inf
inf
inf
inf
inf
1.310101000000000000e+07
9.671685000000000000e+06
inf
1.385546000000000000e+07
2.098844000000000000e+07
1.001462000000000000e+07
inf
inf
inf
inf
inf
inf
1.441315000000000000e+06
inf
inf
inf
inf
inf
inf
inf
inf
inf
inf
5.899432000000000000e+06
4.116185000000000000e+06
1.406122000000000000e+07
7.682679000000000000e+06
inf
inf
8.368543000000000000e+06
4.459118000000000000e+06
6.310950000000000000e+06
4.184772000000000000e+06
inf
inf
inf
inf
inf
inf
inf
inf
inf
8.231370000000000000e+06
inf
inf
inf
inf
inf
inf
1.406122000000000000e+07
inf
inf
inf
5.693673000000000000e+06
4.870636000000000000e+06
9.877444000000000000e+06
1.282666000000000000e+07
inf
inf
8.437130000000000000e+06
inf
inf
inf
3.293148000000000000e+06
inf
inf
inf
inf
5.556500000000000000e+06
inf
inf
inf
inf
inf
8.025611000000000000e+06
5.076395000000000000e+06
5.213568000000000000e+06
inf
inf
inf
inf
7.819852000000000000e+06
inf
7.888438000000000000e+06
inf
inf
5.419327000000000000e+06
5.968018000000000000e+06
inf
5.350740000000000000e+06
inf
inf
inf
5.830846000000000000e+06
inf
inf
inf
2.538698000000000000e+06
9.845681000000000000e+07
inf
inf
inf
inf
2.538698000000000000e+06
inf
inf
inf
inf
inf
inf
inf
inf
inf
1.316959000000000000e+07
inf
inf
inf
inf
inf
inf
inf
inf
inf
