3.020974972552433746e-01 -5.572834508749452453e+01
7.743459904031960939e+00 -1.946531301980823514e+01
3.175078208571646687e-01 -3.302525250149977154e+01
1.418107224081256224e+00 6.665156925285000966e+01
5.200177596324268015e-01 -2.427769473855386106e+00
7.791514627446499697e-01 -2.288720802097097007e+01
3.360406278598345731e-01 6.542266469542516916e+01
inf inf
2.145938611202939383e-01 -4.270918228562694097e+00
4.066220291305018275e-01 -3.863948861351093456e+01
1.336347601693778664e+01 -1.794078676434249786e+01
4.210718757717493155e+00 -1.245418184208228318e+01
2.144077948479799822e+00 2.180388616723137218e+00
1.582138087950883687e+01 -8.028633682608386835e+00
5.602097866324386999e-01 -4.899762544167363387e+01
inf inf
inf inf
8.550900232752109975e-01 -8.720914543776883576e+00
2.551023888423773922e+00 6.545463638374858562e+00
4.534498771848343712e-01 9.110408686214732654e+00
2.662151541518197995e+00 8.714150014930547528e+00
4.064343910206183463e-01 9.716447702561435307e+00
6.033839543930462623e-01 -2.134686725452109357e+01
2.909297316651252019e-01 -2.456679096663307860e+01
inf inf
2.335715542922464638e-01 1.463561828481930860e+01
4.570065807142138503e-01 -1.626557362308805565e+01
6.743491927845304823e-02 7.055334065345542740e+02
1.069822262238694366e+00 2.850809965178317640e+01
2.397643136316061629e-01 5.986757711360374401e+01
inf inf
1.492580467105985575e-01 6.031861790559587178e+01
2.811179566641585637e-01 -2.729090968605222045e+01
4.685019060264474233e-01 7.352528324234809531e+01
2.735336860134248926e+00 2.778774433838504265e+01
1.016100362672161528e-01 2.290104524221906956e+02
1.576734124420499650e-01 -6.866121549328319418e+01
inf inf
3.814317883069281989e-01 -2.315248229888620912e+01
7.317535428860196811e-01 9.088582893016615927e+00
1.141684570786031250e-01 1.405052109449972875e+02
2.770597808129869932e+01 1.380789866070763416e+01
1.326653742579067519e+01 -8.164159458564856919e+00
5.053363757034560200e-01 -5.745327135521195316e+01
6.603001927920857383e-01 -2.166039372160100740e+01
inf inf
2.187989251923544387e+01 6.623314272810588932e+00
5.085496607923826184e-01 -4.093250276081420935e+01
2.674975630947392102e-01 3.124528225829022787e+01
4.162303073032476153e-01 -3.843565955395050082e+01
1.508781060114604111e+00 4.369830496307724843e+01
inf inf
7.660764406748630240e-01 -1.083021514676035579e+01
3.170079203729423978e-01 3.426386624131079373e+01
5.030928582579814456e-01 4.113286562947664926e+00
1.761140143301396510e-01 3.076269914026729779e+01
3.393195933043525181e-01 -3.036528698474716492e+01
inf inf
5.314852971019098371e-01 1.798579363471974801e+01
-2.350739222550736647e-03 -5.174953117612002643e+03
4.214604564738032022e-01 2.164966238018131151e+00
2.133092487979238783e+00 -5.315697054454265214e+00
6.146433637271838668e-01 -1.703427312733074928e+01
6.568222214838316253e-01 -2.396008024130927438e+01
2.657196898984524935e+01 5.880377195739458607e+00
inf inf
1.635016401941726016e+01 9.261651715819088082e+00
3.232562553978023945e-01 3.648714740995964689e+01
inf inf
2.698150411115738945e-01 -6.309850115688659145e+01
8.186892123562722334e-01 -2.467265388680973359e+01
8.877195467679770413e-01 -1.077878128293776427e+01
6.441759461797097464e-01 4.366489305173433699e+00
1.900765632562503582e-01 3.219144561882794875e+01
2.166032870419943024e-01 -6.828331901203556242e+01
3.928778533524681094e-01 -4.289763470682061808e+01
2.483640895922176184e-01 -7.089792374367445404e+01
1.507736405638367039e+01 1.673444858312498340e+01
2.102024795625936804e+01 1.102151475904558531e+01
inf inf
9.555022631772549957e+00 7.267484996029144995e+00
6.975854430292636188e-01 -3.170209813942862453e+01
5.980638455901535755e-01 -2.639011348627708919e+00
9.946975486783773412e-01 -7.063798446571834688e+01
1.866801310219249777e+00 -1.716418619619183161e+01
8.819006602219827684e-01 4.440322420225264466e+00
6.319797497225561334e-02 -1.434332211296462560e+02
3.720973186251195219e-01 3.319551765535209853e+01
3.160923249885894126e-02 -1.591364831053429612e+02
2.675849993664068549e+01 2.622852106596617716e+01
inf inf
inf inf
2.007458388056794618e+01 1.556044806819108395e+01
4.011885234743660655e-01 -3.455999373827231125e+01
1.981580538467795916e-01 -4.880324768637017918e+00
4.181827541130463399e-01 -2.943547690778376946e+01
3.402937115696496040e-01 -2.732002483020472638e+01
3.715186859197714964e-01 1.871878090751106427e+01
4.437681998112890103e-01 -1.993127638307068494e+01
6.843825828485614160e+00 8.470605349125152728e+00
4.051520662832828634e+00 -2.840810767646245694e+01
inf inf
5.205027837967927257e-02 1.754767800546449621e+02
6.053427166216518440e-01 7.613821681063565050e-02
1.496133942754641621e-01 1.743874050379997698e+02
inf inf
2.471025229347870678e+01 2.429699069395517608e+00
1.696169921469297959e-01 -3.683252222972397050e+01
2.192299398950843525e-01 6.845891913369041504e+01
1.748710627204989976e+01 -8.941804166292556033e+00
7.866168631791748744e+00 -9.987206458039894486e+00
3.298600783301681716e-01 -1.088423366722097541e+01
inf inf
inf inf
2.222763575848701323e-01 5.626689002230065739e+01
inf inf
inf inf
4.546770332303260997e-01 4.607204849900612409e+00
3.239211988268441145e-01 -1.813058256942074919e+01
inf inf
inf inf
5.529168813369249591e-01 2.303495309194599994e+00
5.506580665436741073e-01 -2.361494899969044425e+01
-3.612420960946204351e-01 -7.549913465198075357e+01
5.199283613706496832e-01 -6.368788524076675728e+00
inf inf
2.350723448038012009e+01 2.681258584119302668e+01
6.124171084264484755e-01 -3.153584381977972839e+01
9.682870285986798775e-01 -2.633502807904973864e+01
inf inf
5.818909000816446797e-01 -2.995046944491066654e+01
2.810851164863629181e-01 -3.174605087719202245e+01
2.986735733011385108e+01 -2.510707858609660281e+00
4.337969955711094006e-01 9.394448823702906282e+01
1.392283659025466314e+01 -3.135709027023837692e+00
1.509889612594903952e+01 2.656925922603523205e+01
8.154952945516868112e+00 1.855758495782094997e+02
1.257417427274413191e+00 2.528461986299648245e+01
1.933023177887546140e+01 8.906679338591223072e+00
inf inf
inf inf
9.431273824706587483e-01 4.885716750218617399e+00
6.718962841199483949e-01 -1.422922427138315093e+01
2.198400093518264042e-01 -6.031925728121038333e+01
5.126967858088827823e-01 -2.996297447602024278e+01
5.014627784926128928e-01 -2.935673974354520155e+01
3.438904127514724185e-01 -3.570792610727464478e+01
2.860737359732161145e-01 -1.787348687570364447e+01
1.984053909089311674e+01 3.220710099982127872e+01
inf inf
4.992711878239946000e-01 -3.409778894224688628e+01
inf inf
4.321624248412555547e-01 -5.208302750786038615e+01
4.155607325670812036e-01 5.240940967667715711e+01
1.311553983205539708e+01 1.808436449743365770e+01
1.682539816189180826e+01 1.526030501385140070e+01
1.626510669584279967e+01 1.466694805855897954e+01
1.211778281382169808e+00 -5.994560342375108597e+00
inf inf
inf inf
inf inf
1.855976542041662514e+00 1.149328545290084946e+01
1.176129454397695540e+01 1.154385089971652434e+01
2.430901843933158446e+01 9.109003712111730877e+00
1.215364962099485702e+01 -5.154862495505528663e+00
inf inf
4.202304935755086235e-01 2.799595316084215710e+02
1.316502380491725022e-01 1.306203417041291992e+01
7.284832786851906938e-01 -2.926566377202918190e+01
inf inf
inf inf
5.316205874070166759e-01 2.710301753854285778e+01
3.912863706199939173e+01 -3.383499557268545122e+00
6.763668989219995265e-01 -1.657509449142002822e+01
inf inf
inf inf
2.227350197877102644e+01 1.409509214384400444e+01
inf inf
7.300511866609721290e-02 1.721770640583989689e+02
6.645988878599501382e-01 1.744407337839044558e+00
inf inf
2.189924226074644054e+01 6.674952308991576544e+00
inf inf
2.671289166612928412e+01 5.064625616525789908e+00
4.049613546695798871e-01 -6.233223853317102936e+00
inf inf
inf inf
inf inf
inf inf
4.476980744208332030e-01 -3.330194257577860384e+01
inf inf
9.229259014765783808e-01 2.126697130206110842e+01
6.265345956272868611e-01 -3.023498268008347267e+01
1.260185264823495244e+00 1.152511139098804271e+01
inf inf
1.336594534569126358e+00 -3.753156996694410452e+01
2.896501015064807660e+01 1.952228379870566854e+01
1.324037418944292988e+01 4.248074109448412017e-01
inf inf
3.463290766380785701e+00 -3.097989391397802095e+01
8.508631836391041814e-01 -2.957853531738099839e+00
inf inf
inf inf
inf inf
2.428295372351721715e-01 4.298584963433286532e+01
1.363966121048587254e+01 3.529189350692406801e+00
inf inf
inf inf
inf inf
inf inf
inf inf
6.504610509762894788e-01 -1.059427683612277882e+01
7.694732939371080604e-01 3.864723192576677491e+01
2.107789271330343106e-01 2.391394073770264583e+01
3.164546896854621427e-01 -6.172629069262755763e+01
1.549525966945496869e+01 -9.644441303953682265e+00
3.450916054085357842e-01 -4.703728933790218747e+01
9.818529692237198958e-01 -1.798269103238702016e+01
4.182534868036830722e-01 -3.484800113369280439e+01
inf inf
inf inf
1.824582174124878664e+00 -8.570488314241961447e+00
inf inf
5.237538210559204988e-01 3.791265150307398635e+00
1.508305677489617125e+01 2.318225698730824291e+01
inf inf
inf inf
inf inf
inf inf
1.767819049546244869e+01 -1.072520234351691970e+00
inf inf
1.324949070700458442e+01 3.809757445618653815e+00
inf inf
inf inf
1.458261891870458271e+01 2.884919771905326158e+01
inf inf
2.372360269349987227e+00 2.317710160618858151e+00
9.753217034363128590e-01 -6.923988132607566293e+00
5.357090491999330073e-01 -6.844705022148648510e+00
1.767253468706430630e-01 8.267506999184175243e+01
1.207340085729993628e+00 -4.148893191207554310e+01
2.083156232890965853e+01 1.760644190343989024e+01
6.546262801933691033e-01 5.232355119084989958e+00
inf inf
inf inf
inf inf
inf inf
2.271373143891086954e+01 1.644090327055133116e+01
inf inf
1.971344283117423402e+01 1.835904484473476117e+01
inf inf
inf inf
inf inf
inf inf
1.127226808819879977e+01 1.092471561445559303e+01
inf inf
inf inf
5.453003459132205188e-01 -2.065593783337139300e+01
4.783661691748307687e-01 -3.829499512648396120e+01
inf inf
2.363784884940233155e+01 1.210582004282177593e+01
1.941517809142154860e+01 1.387689560417078249e+00
1.743882461458623112e+01 2.974690529152476515e+01
4.528210158485761028e+00 2.446397402715528191e+00
9.129618547110469606e-01 -8.701671976492740157e+00
5.958527472945546188e-01 2.041651593847898738e+01
inf inf
inf inf
inf inf
2.012786903383833348e+01 1.980994002627986106e+01
inf inf
inf inf
inf inf
9.297284495873996413e-01 2.678694244049868001e+00
inf inf
inf inf
inf inf
inf inf
3.622616587102254471e+01 1.261796699372081854e+01
inf inf
4.958854216303210660e-01 5.253230075207260086e+01
inf inf
1.763874916124460412e+01 2.810851822437578562e+01
inf inf
9.034335718431879547e-01 -2.086770389807878701e+01
inf inf
3.591714863955193948e+01 -7.848787533279008244e+00
1.617695608013675113e+01 7.040802874226031349e+00
2.174769199769422123e-01 2.399760595864526636e+01
5.637872608725605916e-01 -1.954153875233779658e+01
1.720008522325565392e-01 1.029680053710712713e+02
4.134871700588312882e-01 -4.779192140070481543e+01
6.281740783495460834e-01 -5.457384239167504703e+00
inf inf
2.241409428848013263e+01 -1.930366277146615062e+01
inf inf
inf inf
inf inf
1.693930937091101541e+01 -4.410989277630899430e+00
2.100359686337585430e+01 1.016160145278139915e+01
1.256070264237326306e+01 5.391910639796844151e+00
inf inf
inf inf
inf inf
2.476198918674293381e+01 7.657896078328568557e+00
inf inf
inf inf
6.612562910623871915e+00 3.920997149325937681e+00
2.173577690754527891e-01 2.963938866989735388e+01
2.530410080752926172e-01 4.989412311065006378e+00
1.999567103846464633e+01 1.177790586165792064e+01
2.666911542844241367e-01 -3.954176353804980693e+01
1.066543577479457383e+00 5.549421126820918460e+01
6.386315698378537409e-01 1.356967894856779999e+01
2.991942290584129749e-01 -3.166796190286768820e+01
1.174571763366117461e+00 -2.248743555077850953e+00
2.190043419078925879e+01 2.099557911282889577e+01
1.503277383138392209e-01 1.042273974464780792e+02
3.458015988250663919e-01 1.686918549831893088e+01
6.612070869327500988e-01 -2.859072642669006825e+01
inf inf
2.280700105241647790e+01 1.208775847906748346e+01
1.438873289482405227e+01 1.170177116740088330e+01
2.425815138975102059e+01 2.990936521590342512e+00
inf inf
1.465359384073824778e+01 1.400231908629297450e+01
inf inf
4.448089808306582293e-02 -1.331350981610898998e+02
1.222850333291703784e+01 6.659538182384429739e+00
2.321693208031648581e+00 -1.430391460817138416e+00
4.470123602810492924e-01 -2.560339697031532680e+01
1.472542176533874070e+01 -1.622257699346817006e+01
3.893758834527482060e-01 -3.767208207753604654e+01
5.278996675509687719e+01 9.420391428976383708e+00
3.248078836273262104e-01 3.740344197237691048e+01
1.844506197719377072e+00 -2.480335933727751296e+01
2.840873262445005043e-01 -4.742141600728362505e+01
inf inf
9.877838491965554857e-01 -2.060010170816459407e+01
5.237716445712199409e-01 -4.559004790342782343e+01
9.864251920972414434e-01 -2.024207491332190401e+01
3.075058815787918287e-01 1.568193884707341965e+02
9.157472350901494362e-01 -2.129309345077957971e+01
inf inf
2.367527009165782959e-01 -2.686003817513369896e+01
8.466679210970318170e-01 3.369127652437440901e+01
inf inf
5.308270901195960567e-01 -2.540410468053714510e+01
5.256638843883932877e-01 2.687769474290776017e+01
1.193515493619152767e+00 -1.724277054529014208e+01
6.422341654105622188e-01 -1.203483698983444050e+01
1.131991104630713396e+00 1.051482429302259369e+01
5.460356010049783881e-01 -1.414902657563319188e+01
4.691552010163561048e-01 -2.385951023758514111e+01
1.209720633729312667e+01 3.924175104425394967e+00
3.516700263230340129e-01 -3.992936408763250711e+01
3.861273723611434172e-01 -1.039757628007991563e+01
1.982980877331234071e+00 7.147326790646975070e+00
8.844000223004546690e-01 -4.822511896646200569e+01
inf inf
3.034527201701529719e+01 -2.462570896628303085e+00
4.401627973857767384e-01 4.953739168705134688e+01
1.736930616847208242e+01 -4.583175463129659732e+00
4.158233136468062474e-01 -2.206374132231260887e+01
inf inf
2.244227368719631954e+01 9.896210872094565403e+00
1.739559655525180770e-01 -4.386060626694379749e+01
6.188911284509369892e+00 8.396399817944358190e+00
2.016080843388055399e+01 1.114897285454070541e+01
inf inf
6.060851291880577779e-02 3.884429258797003399e+02
2.977327008038671563e-01 6.330007112992406348e+01
4.112952987049327547e-01 -3.266018617706431826e+01
1.659560645592678441e+01 4.363937580908002545e+00
3.830792986282037571e+00 2.109922363184676186e+01
inf inf
1.060965939931884483e+00 1.946674483248695253e+01
3.194588642405620238e-01 4.483141562966682159e+01
inf inf
inf inf
inf inf
3.393097356373083784e+01 7.154405891597845901e+00
inf inf
3.892436806857247911e-01 -3.228588944125468174e+01
