7.440034000000000000e+09
5.100052000000000000e+09
2.037617000000000000e+09
2.479778000000000000e+09
6.118215000000000000e+07
1.209792000000000000e+08
inf
7.887237000000000000e+09
2.955504000000000000e+09
2.221607000000000000e+09
inf
2.714028000000000000e+08
1.566207000000000000e+10
inf
3.084065000000000000e+09
3.020871000000000000e+08
2.159754000000000000e+09
2.694564000000000000e+07
1.134893000000000000e+10
3.702523000000000000e+09
inf
2.859380000000000000e+09
1.789768000000000000e+09
3.214885000000000000e+09
6.321889000000000000e+09
7.105312000000000000e+09
4.191818000000000000e+09
3.659118000000000000e+09
6.313037000000000000e+08
1.221061000000000000e+10
9.792062000000000000e+09
2.668230000000000000e+08
2.391632000000000000e+09
7.605225000000000000e+09
9.211854000000000000e+08
1.183794000000000000e+10
1.149986000000000000e+10
3.724745000000000000e+09
3.038585000000000000e+10
2.337373000000000000e+09
2.441218000000000000e+09
4.983923000000000000e+09
2.314300000000000000e+09
1.391082000000000000e+10
1.736106000000000000e+09
1.469846000000000000e+09
1.028663000000000000e+10
7.602058000000000000e+07
3.899308000000000000e+09
4.063397000000000000e+07
5.411039000000000000e+07
inf
2.025879000000000000e+09
3.856434000000000000e+08
4.072718000000000000e+09
2.915000000000000000e+09
7.174897000000000000e+09
1.642888000000000000e+09
3.613003000000000000e+09
7.996277000000000000e+08
5.510140000000000000e+07
1.791775000000000000e+10
2.691318000000000000e+10
1.950519000000000000e+09
5.328832000000000000e+07
3.017725000000000000e+08
1.089873000000000000e+10
8.150470000000000000e+09
7.166124000000000000e+09
inf
1.625272000000000000e+09
5.155606000000000000e+07
4.917025000000000000e+09
6.500593000000000000e+07
5.804340000000000000e+09
2.245056000000000000e+09
inf
2.729193000000000000e+09
5.072100000000000000e+10
2.184801000000000000e+09
inf
2.954877000000000000e+07
5.413016000000000000e+09
1.225600000000000000e+10
3.136884000000000000e+09
2.839677000000000000e+09
1.221061000000000000e+09
inf
1.141771000000000000e+09
2.281811000000000000e+07
5.903071000000000000e+09
1.596197000000000000e+08
1.009760000000000000e+10
inf
2.691318000000000000e+10
1.237098000000000000e+10
3.856264000000000000e+09
2.787597000000000000e+07
inf
4.281643000000000000e+10
inf
9.654070000000000000e+09
8.252478000000000000e+09
5.376996000000000000e+07
1.877219000000000000e+10
5.018059000000000000e+09
4.421465000000000000e+08
1.853629000000000000e+08
2.852524000000000000e+07
8.304446000000000000e+09
3.831531000000000000e+08
inf
1.473459000000000000e+09
inf
4.303685000000000000e+08
1.870031000000000000e+09
1.181672000000000000e+10
1.625773000000000000e+09
inf
6.353305000000000000e+07
inf
3.050711000000000000e+09
3.992501000000000000e+07
2.677113000000000000e+09
inf
1.602754000000000000e+09
4.457331000000000000e+08
4.851524000000000000e+07
2.114053000000000000e+09
7.711965000000000000e+09
3.163219000000000000e+08
1.140784000000000000e+10
1.598480000000000000e+09
1.533426000000000000e+09
inf
1.385237000000000000e+10
inf
2.416171000000000000e+09
4.298390000000000000e+09
1.214315000000000000e+10
2.382989000000000000e+09
inf
9.929942000000000000e+07
8.590060000000000000e+08
1.637431000000000000e+09
inf
3.270700000000000000e+09
5.479364000000000000e+09
4.956294000000000000e+08
1.111928000000000000e+10
1.791775000000000000e+10
3.948962000000000000e+07
6.133702000000000000e+09
6.436518000000000000e+07
6.555055000000000000e+08
1.005142000000000000e+10
1.362060000000000000e+09
1.387424000000000000e+08
2.028021000000000000e+08
inf
7.735488000000000000e+08
inf
2.843351000000000000e+09
1.479381000000000000e+08
8.958873000000000000e+09
1.332740000000000000e+10
7.534615000000000000e+09
7.596463000000000000e+09
inf
3.929517000000000000e+09
2.426172000000000000e+09
2.560050000000000000e+09
3.585254000000000000e+09
6.321889000000000000e+09
4.311036000000000000e+09
7.455808000000000000e+09
1.333609000000000000e+08
2.829927000000000000e+09
inf
4.983923000000000000e+09
8.697705000000000000e+08
4.056432000000000000e+09
1.975920000000000000e+07
9.861996000000000000e+08
inf
3.323285000000000000e+07
1.183794000000000000e+10
inf
5.241439000000000000e+09
inf
6.258368000000000000e+07
4.278864000000000000e+09
4.855471000000000000e+09
1.164970000000000000e+10
6.376915000000000000e+09
1.840544000000000000e+07
6.564583000000000000e+07
7.227818000000000000e+07
1.362341000000000000e+10
7.425372000000000000e+09
9.382753000000000000e+08
1.635755000000000000e+09
2.106556000000000000e+08
inf
1.702926000000000000e+09
inf
inf
inf
3.603722000000000000e+08
inf
5.799235000000000000e+09
1.326439000000000000e+09
inf
8.453500000000000000e+09
6.179690000000000000e+09
3.386610000000000000e+09
2.107465000000000000e+09
1.270223000000000000e+09
2.657487000000000000e+07
5.090455000000000000e+08
8.399656000000000000e+09
3.525034000000000000e+07
inf
1.176438000000000000e+08
inf
1.787403000000000000e+09
inf
6.577287000000000000e+09
inf
1.240822000000000000e+09
inf
inf
3.632116000000000000e+07
2.487965000000000000e+09
4.060179000000000000e+09
3.113187000000000000e+09
1.038383000000000000e+10
4.726688000000000000e+09
2.111852000000000000e+09
9.082273000000000000e+09
7.350870000000000000e+09
inf
3.211181000000000000e+07
5.462908000000000000e+09
1.189131000000000000e+09
2.277151000000000000e+07
4.770719000000000000e+09
4.802425000000000000e+09
inf
2.574815000000000000e+07
1.878556000000000000e+09
4.519349000000000000e+09
inf
5.857950000000000000e+07
inf
1.458871000000000000e+09
3.464913000000000000e+09
inf
7.136361000000000000e+08
1.009760000000000000e+10
1.418006000000000000e+10
inf
3.740858000000000000e+09
5.435886000000000000e+09
4.855471000000000000e+09
1.761263000000000000e+10
8.232091000000000000e+07
1.217229000000000000e+09
5.010433000000000000e+09
1.769179000000000000e+09
5.076005000000000000e+09
6.420380000000000000e+09
3.041388000000000000e+09
6.420380000000000000e+09
3.844741000000000000e+09
3.364148000000000000e+09
3.202550000000000000e+08
inf
inf
3.973775000000000000e+07
1.890946000000000000e+09
3.361807000000000000e+07
8.041134000000000000e+09
3.101139000000000000e+07
2.997150000000000000e+11
2.795138000000000000e+09
inf
1.540591000000000000e+10
9.517508000000000000e+08
2.697290000000000000e+07
2.700135000000000000e+09
2.348983000000000000e+07
inf
1.599692000000000000e+09
2.191973000000000000e+09
6.606944000000000000e+09
2.354063000000000000e+09
4.516253000000000000e+10
5.929613000000000000e+09
1.652978000000000000e+09
inf
inf
inf
inf
8.714948000000000000e+08
3.790045000000000000e+09
6.401679000000000000e+09
1.824496000000000000e+09
3.076869000000000000e+09
3.446485000000000000e+08
2.300473000000000000e+10
7.037065000000000000e+09
1.356735000000000000e+10
2.180556000000000000e+09
4.309627000000000000e+09
2.729376000000000000e+07
4.337980000000000000e+10
2.765693000000000000e+07
3.983492000000000000e+07
6.755871000000000000e+09
8.170669000000000000e+09
3.191853000000000000e+08
1.640231000000000000e+10
3.600858000000000000e+07
8.173201000000000000e+09
1.454285000000000000e+09
7.314338000000000000e+07
6.620211000000000000e+09
3.740110000000000000e+07
3.366411000000000000e+07
3.577716000000000000e+09
1.916782000000000000e+10
5.689155000000000000e+09
2.884712000000000000e+09
3.652588000000000000e+07
3.980279000000000000e+08
7.840345000000000000e+09
1.719244000000000000e+09
9.446605000000000000e+09
7.120659000000000000e+09
2.750826000000000000e+09
5.212435000000000000e+09
inf
1.309839000000000000e+09
inf
1.577589000000000000e+09
1.080939000000000000e+10
5.913659000000000000e+09
6.567460000000000000e+09
inf
6.122312000000000000e+09
5.596640000000000000e+07
3.322111000000000000e+07
1.291748000000000000e+09
2.759866000000000000e+07
8.327519000000000000e+08
5.544817000000000000e+07
1.114973000000000000e+08
inf
3.614845000000000000e+07
6.111672000000000000e+08
5.072100000000000000e+11
2.303889000000000000e+09
1.389616000000000000e+09
7.849678000000000000e+09
3.624323000000000000e+08
2.167297000000000000e+09
1.991311000000000000e+10
inf
1.643302000000000000e+08
5.044452000000000000e+09
inf
inf
4.914134000000000000e+07
2.662735000000000000e+08
6.456845000000000000e+08
inf
6.478573000000000000e+07
5.506821000000000000e+09
4.813468000000000000e+08
5.530342000000000000e+07
4.043618000000000000e+07
2.368438000000000000e+09
1.309297000000000000e+07
