4.527704000000000000e+06
5.487914000000000000e+06
6.105192000000000000e+06
6.379537000000000000e+06
5.282154000000000000e+06
6.516710000000000000e+06
inf
5.076395000000000000e+06
4.939222000000000000e+06
1.399263000000000000e+07
inf
6.653882000000000000e+06
4.253358000000000000e+06
inf
4.184772000000000000e+06
6.173778000000000000e+06
4.527704000000000000e+06
1.509901000000000000e+06
4.664876000000000000e+06
6.310950000000000000e+06
inf
5.282154000000000000e+06
5.282154000000000000e+06
4.664876000000000000e+06
4.596290000000000000e+06
6.928228000000000000e+06
5.968018000000000000e+06
6.448124000000000000e+06
5.076395000000000000e+06
1.076907000000000000e+07
4.321944000000000000e+06
4.390531000000000000e+06
8.437130000000000000e+06
5.350740000000000000e+06
6.516710000000000000e+06
7.545506000000000000e+06
5.076395000000000000e+06
4.802050000000000000e+06
1.159211000000000000e+07
6.379537000000000000e+06
5.899432000000000000e+06
5.693673000000000000e+06
6.996815000000000000e+06
8.985821000000000000e+06
1.118059000000000000e+07
5.076395000000000000e+06
5.487914000000000000e+06
5.282154000000000000e+06
5.007808000000000000e+06
3.224562000000000000e+06
4.116185000000000000e+06
inf
4.733463000000000000e+06
1.083765000000000000e+07
6.585296000000000000e+06
5.007808000000000000e+06
5.419327000000000000e+06
5.419327000000000000e+06
8.094198000000000000e+06
1.049472000000000000e+07
3.224562000000000000e+06
5.007808000000000000e+06
5.213568000000000000e+06
4.321944000000000000e+06
3.567494000000000000e+06
5.693673000000000000e+06
6.242364000000000000e+06
5.556500000000000000e+06
6.036605000000000000e+06
inf
4.870636000000000000e+06
4.047599000000000000e+06
8.437130000000000000e+06
2.332938000000000000e+06
7.476920000000000000e+06
7.133988000000000000e+06
inf
3.018802000000000000e+06
8.162784000000000000e+06
6.928228000000000000e+06
inf
1.990006000000000000e+06
5.419327000000000000e+06
5.419327000000000000e+06
5.419327000000000000e+06
8.025611000000000000e+06
8.985821000000000000e+06
inf
8.917235000000000000e+06
5.213568000000000000e+06
8.299957000000000000e+06
8.094198000000000000e+06
7.065401000000000000e+06
inf
8.094198000000000000e+06
5.350740000000000000e+06
5.830846000000000000e+06
1.647074000000000000e+06
inf
8.094198000000000000e+06
inf
9.054407000000000000e+06
6.516710000000000000e+06
3.224562000000000000e+06
5.899432000000000000e+06
6.996815000000000000e+06
5.487914000000000000e+06
6.516710000000000000e+06
2.607284000000000000e+06
4.939222000000000000e+06
4.939222000000000000e+06
inf
6.928228000000000000e+06
inf
5.830846000000000000e+06
4.802050000000000000e+06
7.271160000000000000e+06
1.522719000000000000e+07
inf
3.361734000000000000e+06
inf
5.762260000000000000e+06
4.116185000000000000e+06
5.625086000000000000e+06
inf
7.614092000000000000e+06
9.054407000000000000e+06
4.047599000000000000e+06
8.848648000000000000e+06
7.065401000000000000e+06
6.310950000000000000e+06
6.585296000000000000e+06
8.711475000000000000e+06
5.419327000000000000e+06
inf
5.968018000000000000e+06
inf
6.791056000000000000e+06
1.783347000000000000e+07
5.625086000000000000e+06
9.191580000000000000e+06
inf
6.791056000000000000e+06
9.397340000000000000e+06
5.968018000000000000e+06
inf
7.819852000000000000e+06
7.819852000000000000e+06
1.412980000000000000e+07
8.025611000000000000e+06
7.271160000000000000e+06
4.802050000000000000e+06
1.707902000000000000e+07
4.253358000000000000e+06
7.271160000000000000e+06
1.262090000000000000e+07
8.231370000000000000e+06
1.303242000000000000e+07
8.642889000000000000e+06
inf
1.701043000000000000e+07
inf
9.534512000000000000e+06
7.957024000000000000e+06
6.310950000000000000e+06
6.859642000000000000e+06
6.242364000000000000e+06
6.791056000000000000e+06
inf
6.722469000000000000e+06
5.419327000000000000e+06
1.035755000000000000e+07
6.516710000000000000e+06
8.505716000000000000e+06
5.625086000000000000e+06
6.105192000000000000e+06
8.437130000000000000e+06
1.865651000000000000e+07
inf
6.791056000000000000e+06
5.625086000000000000e+06
6.173778000000000000e+06
1.578488000000000000e+06
1.076907000000000000e+07
inf
4.116185000000000000e+06
7.751266000000000000e+06
inf
6.928228000000000000e+06
inf
5.144982000000000000e+06
9.534512000000000000e+06
6.791056000000000000e+06
6.036605000000000000e+06
7.065401000000000000e+06
1.647074000000000000e+06
6.859642000000000000e+06
5.350740000000000000e+06
8.505716000000000000e+06
1.262090000000000000e+07
8.094198000000000000e+06
7.271160000000000000e+06
6.310950000000000000e+06
inf
6.310950000000000000e+06
inf
inf
inf
5.487914000000000000e+06
inf
4.184772000000000000e+06
6.242364000000000000e+06
inf
6.996815000000000000e+06
1.166069000000000000e+07
7.888438000000000000e+06
7.888438000000000000e+06
5.625086000000000000e+06
1.784247000000000000e+06
7.065401000000000000e+06
6.448124000000000000e+06
4.733463000000000000e+06
inf
5.625086000000000000e+06
inf
8.094198000000000000e+06
inf
1.111200000000000000e+07
inf
6.653882000000000000e+06
inf
inf
4.184772000000000000e+06
7.476920000000000000e+06
6.242364000000000000e+06
6.448124000000000000e+06
6.722469000000000000e+06
8.780062000000000000e+06
8.574302000000000000e+06
6.859642000000000000e+06
6.722469000000000000e+06
inf
4.253358000000000000e+06
6.516710000000000000e+06
7.957024000000000000e+06
2.524080000000000000e+07
6.173778000000000000e+06
7.133988000000000000e+06
inf
2.058593000000000000e+06
9.671685000000000000e+06
5.693673000000000000e+06
inf
4.459118000000000000e+06
inf
1.934237000000000000e+07
9.122994000000000000e+06
inf
1.015179000000000000e+07
1.419839000000000000e+07
6.653882000000000000e+06
inf
6.791056000000000000e+06
1.509001000000000000e+07
6.996815000000000000e+06
6.448124000000000000e+06
3.841840000000000000e+06
1.241514000000000000e+07
6.036605000000000000e+06
3.498908000000000000e+06
1.124917000000000000e+07
7.614092000000000000e+06
7.614092000000000000e+06
5.625086000000000000e+06
5.556500000000000000e+06
6.516710000000000000e+06
5.899432000000000000e+06
inf
inf
1.990006000000000000e+06
8.231370000000000000e+06
2.127179000000000000e+06
8.231370000000000000e+06
3.087389000000000000e+06
7.065401000000000000e+06
1.262090000000000000e+07
inf
6.516710000000000000e+06
4.459118000000000000e+06
3.567494000000000000e+06
4.321944000000000000e+06
2.195766000000000000e+06
inf
8.711475000000000000e+06
6.653882000000000000e+06
5.762260000000000000e+06
6.448124000000000000e+06
7.408334000000000000e+06
1.186645000000000000e+07
3.841840000000000000e+06
inf
inf
inf
inf
7.682679000000000000e+06
5.213568000000000000e+06
8.574302000000000000e+06
1.399263000000000000e+07
4.390531000000000000e+06
6.516710000000000000e+06
7.271160000000000000e+06
7.614092000000000000e+06
4.664876000000000000e+06
4.596290000000000000e+06
5.899432000000000000e+06
1.921420000000000000e+06
6.242364000000000000e+06
2.675870000000000000e+06
3.087389000000000000e+06
6.173778000000000000e+06
5.899432000000000000e+06
5.144982000000000000e+06
6.996815000000000000e+06
3.430321000000000000e+06
4.390531000000000000e+06
8.094198000000000000e+06
3.430321000000000000e+06
1.522719000000000000e+07
3.018802000000000000e+06
2.538698000000000000e+06
1.090624000000000000e+07
5.830846000000000000e+06
7.339747000000000000e+06
8.917235000000000000e+06
4.184772000000000000e+06
5.693673000000000000e+06
6.310950000000000000e+06
5.350740000000000000e+06
5.487914000000000000e+06
5.350740000000000000e+06
4.253358000000000000e+06
6.310950000000000000e+06
inf
1.515860000000000000e+07
inf
4.733463000000000000e+06
7.202574000000000000e+06
4.939222000000000000e+06
5.487914000000000000e+06
inf
6.653882000000000000e+06
3.293148000000000000e+06
2.470111000000000000e+06
4.390531000000000000e+06
5.487914000000000000e+06
8.848648000000000000e+06
4.939222000000000000e+06
7.065401000000000000e+06
inf
2.881630000000000000e+06
9.671685000000000000e+06
4.870636000000000000e+06
5.693673000000000000e+06
4.870636000000000000e+06
4.596290000000000000e+06
4.596290000000000000e+06
4.733463000000000000e+06
5.282154000000000000e+06
inf
5.350740000000000000e+06
6.242364000000000000e+06
inf
inf
4.047599000000000000e+06
6.310950000000000000e+06
5.350740000000000000e+06
inf
3.979012000000000000e+06
5.076395000000000000e+06
5.076395000000000000e+06
3.498908000000000000e+06
3.018802000000000000e+06
5.693673000000000000e+06
1.235556000000000000e+06
