5.122020593765597152e-01 -2.987604923871220564e+01
5.133242701974535249e-01 -4.798893536771402779e+01
1.681166062523227867e+00 -4.396216960133226159e+00
5.663908371483899806e+00 -4.167721902023329505e+01
6.575180670974527519e-01 -9.932696573020825426e+00
4.672041084000483346e-01 -1.437831639993078880e+01
5.238040498832221559e+00 1.921522149544007974e+01
2.548134212660539410e-01 -4.509895138233162726e+01
-3.506681236036143963e-03 -7.159114685623681908e+03
2.409219834369704660e-01 -5.766171893359492628e+01
4.279162260107671756e-01 -5.695168120884435581e+01
1.174985540205840229e+00 -2.209729677828624617e+01
inf inf
3.695769487869106085e-01 -8.867608669620324235e+00
6.568206242061443989e-01 -3.150892720777067879e+01
1.325792580232435514e+00 -2.481572052863328892e+01
1.013675682470258632e+00 -1.095352569812254373e+01
1.900002032289934562e+01 1.699279036997955927e+01
4.645934872256922255e+00 -1.069072227374224937e+01
3.566836385655281494e-01 -3.143655453743621564e+01
inf inf
5.893395232527659511e-01 8.254002192279539241e-01
4.278681892815063281e-01 -4.436558154129686216e+01
4.144933493626975718e+01 -1.650599056431162381e+01
5.342472768391453020e-01 -3.558825921218038957e+01
9.850592365130830252e-01 -1.560809778996414110e+01
2.462243700449645578e-01 -3.390448598598621999e+01
1.393306312550006476e+00 -8.376560016452327062e+00
5.087609209664538668e-01 -1.228431201123332528e+01
3.380137365895720114e-01 -4.056868681160153756e+01
4.796937980566212123e-01 9.397150376139624939e+01
4.642423569411365802e-01 -2.898182504530601378e+01
4.867914698902532922e-01 -2.962537588228477148e+01
1.086903544789486364e+00 -5.383395087824634828e+00
4.818554508733562947e-01 -1.915630705962604097e+00
6.434696345934376449e-01 1.591719623271704087e+01
4.740981493172217731e-01 -6.752940539448235135e+00
5.818379507567786879e-01 -3.823615291038374409e+01
6.005187765370563202e-01 -4.145625400407244143e+01
4.239994819663477910e-01 -2.827559186038173067e+01
3.832081759951007083e-01 -9.024035143500618972e+00
5.619458431357527983e-01 -2.828198266700301389e+00
7.901436952695538585e-01 -7.434193867286495561e+01
5.589873127986280110e-01 -1.868215011230873301e+01
inf inf
4.147577054272825414e+00 1.798936343333856414e+01
7.595641856562601602e-01 -2.695038695491219727e+01
1.476908427804279667e+00 -1.445654399643753507e+01
1.188122815390407094e+00 -3.434668023631954892e+00
1.321979612329072351e+00 -1.876685933169142118e+01
inf inf
8.330971862428743435e+00 4.369934113141992427e+00
1.333211804049691418e+00 -1.663573319187113952e+01
5.837818277309456683e-01 -1.087391372778185428e+01
4.391548599749601767e-01 -3.397838201952885129e+01
4.032910300454356500e-01 -6.480955286764886125e+01
5.637661970918210752e-01 -4.129507175466520152e+01
inf inf
9.587887475583767305e-01 -3.350996514904390544e+00
8.968434945181755769e-01 -2.492924156627561771e+01
1.824653313361650042e+00 1.186350925036091830e+01
1.181326108370714945e+00 -1.101543926957629793e+01
4.984076753474113719e-01 2.866938348485853538e+01
5.321800168956520860e-01 -2.832142004753374209e+01
5.200995497548221991e-01 3.368771882583764921e+00
6.226884973591545469e-01 -2.353932029845831053e+01
inf inf
1.679243613011383585e-01 -4.911437497046244971e+01
1.746843139207510731e+01 1.175899024842706631e+01
2.372165925983717827e+01 6.410969887365283171e+00
5.512847703128758159e-01 -2.406360575049927419e+01
1.922021662841627787e+00 -2.884977116030120747e-01
1.097454819374052981e+00 -2.816482578810498794e+01
inf inf
2.858730180744081806e-01 9.194055051858232019e+00
8.377475337718817139e-01 -5.898695564526794044e+01
5.358581178302749271e-01 -3.929457625553467892e+01
2.226010830042147171e-01 -4.756861203910266767e+01
inf inf
4.501685756091448609e-01 -9.592411670093936138e+00
1.394497343338126250e+01 1.371969806933392455e+01
inf inf
1.874157893815953380e-01 -2.783327490737676513e+01
1.234365099718178094e+00 -5.655274037157266953e+00
2.775230301094356866e-01 1.689339994223577790e+01
1.822485512403765284e+01 3.912501428400077863e+00
4.872560116714719780e-01 -1.472565079744654781e+01
3.647476469353098105e-01 -8.181834321200250670e+00
6.417886291668576382e-01 -1.157385890305254605e+01
7.651840628334499739e-01 1.862175024835148562e+01
4.550242066301364297e+00 -1.817003523111379337e+01
1.825046990463551622e-01 -5.090869974392830954e+01
6.146911522054899768e-01 -1.623195644292101747e+01
1.078717133791792460e+00 -1.511310428640406656e+01
7.803303376717946049e-01 3.949131948527023206e-01
2.014834085675595021e-01 2.864122579296838822e+01
4.246782983707991233e-01 -4.303976032089408221e+01
5.547913115001383844e-01 -2.958739906657924834e+01
2.337331622596881786e+01 2.549704787391470262e+01
4.037545914852406770e-01 -4.948556411813741107e+01
1.688346783279459917e-01 -4.334183017541758431e+01
7.111473640246065431e-01 -4.163381337986211150e+01
8.061091153832512513e-01 -7.874872632805429262e+00
8.915920856636826430e-01 -1.758238261059176910e+00
inf inf
inf inf
3.970975130925836760e-01 -2.865179292119723797e+01
inf inf
8.837943100120490003e-01 -2.027160291432623396e+01
4.225005399451289279e-01 -3.999641501895483486e+01
inf inf
2.836496037486239130e-01 2.118895723548493137e+01
2.579568846079061473e+01 1.031690166071626003e+01
1.928421289574226805e+01 6.205676857881570641e+00
inf inf
inf inf
5.874768745671443693e-01 -2.736867664472991990e+01
6.478118468113096551e-01 -4.086493347336505622e+01
4.152958708486538697e+00 -6.806810303573501031e+00
7.529639250509533532e+00 -1.789073572534009671e+00
1.230849455360647493e-01 -3.150469343279409884e+01
7.699601461511759171e-01 -6.256168491638979923e+00
2.800261344399993391e+01 1.257962285041057626e+01
8.951595480673550653e-02 8.802815380820439373e+01
4.561958546680243698e-01 -5.707330536220981543e+01
inf inf
3.862336496458889101e-01 -4.053533292891210493e+01
8.070283955315536994e-01 -1.383731603337682081e+00
6.901309448510868638e-02 1.702888260795745339e+02
inf inf
1.994042304734535698e+00 1.312839762622605733e+01
inf inf
1.089543366133087510e+01 -1.021360088289809376e+01
4.073979603240712732e-01 -3.608475840720814887e+01
inf inf
inf inf
8.736393874609545307e+00 1.946906631301733803e+00
1.529590294779686888e+00 -1.386323856297712176e+01
1.426489692986779367e+01 5.874982034945725573e+00
5.621851864894161777e-01 -2.910698564184059833e+01
inf inf
1.018655396704443161e+00 2.334667210186577080e+01
3.106005196686754566e+00 1.410082882823582295e+01
6.585741748973220622e-01 4.380663472170592598e+00
6.928563219903297821e+00 -9.935748873855803964e+00
2.199949994101153106e+00 1.962365435236503686e+01
1.456281484269460158e+01 2.359530890986824758e+01
1.222950704543424999e-01 -4.093920045684685505e+01
3.145082305672137757e-01 4.138800456872131939e+00
8.453962975286657411e-01 -7.064846677673141073e+01
1.934046362560908605e+01 -7.431164782732344598e+00
inf inf
inf inf
inf inf
inf inf
inf inf
2.596873986763550413e-01 -3.414944269712037794e+01
3.635225002660003035e-01 -3.331642611231069395e+01
inf inf
inf inf
1.973957798108675021e+01 8.555088194845474447e+00
inf inf
2.971306986717772158e-01 -2.819469643130118541e+01
2.145122439869173281e+00 7.198589709481503895e+00
1.671947926217105262e+01 8.921720786914509205e+00
inf inf
9.549064555122029896e-01 4.197347700371864221e+00
6.111035227784545887e-01 -2.185033746189505166e+01
2.359828833470593024e-01 3.540128867669043444e+01
1.759063851189979211e+00 -9.511977301192178658e+00
7.316425216636985862e-01 -2.594306302326205937e+01
4.004978973096431916e-01 -1.235747296834663267e+01
3.373256811675419442e+01 1.866298911748328493e+01
2.254577978831102669e-01 -5.267784208734708784e+01
4.444380318912498851e+00 7.241245447623236853e-01
6.518496630202949227e+00 -4.395222259856440772e+00
1.876933660503827313e-03 1.680490204795323370e+04
9.690761702539424371e-01 1.368234917662906014e+01
9.101855210093870996e-01 -9.815084427324624272e+00
1.626687509834449374e-01 -5.482397453899999107e+01
1.730757753314557390e-01 -6.549235831934124974e+01
4.292338048704911757e-01 -3.513369331603627899e+01
inf inf
inf inf
3.248819233071659762e-01 -3.267509365483495909e+00
8.738670927615526107e-01 -3.308967620414582456e+01
5.859348395383642938e+00 7.110036066569622726e+00
1.315833515890878225e+01 3.396499843074525682e+00
2.057074196207198391e-01 5.216791074328934030e+01
2.205184176956522357e+00 -1.361096745445185618e+01
9.573018497316664321e-01 -7.436067012225937845e+01
inf inf
2.430043686479860521e-01 -7.551965832555707081e+00
7.056662751818111312e-01 4.110405114951870331e+01
inf inf
4.593864458225982439e-01 -1.908729151684038428e+01
inf inf
inf inf
inf inf
1.083484422046552353e+01 1.104644651467129712e+01
1.544823399857511159e-01 1.029890537694652011e+02
3.088117467109985359e-01 -3.188810024353401928e+01
1.409885146290998703e+00 5.726511382638627135e-01
inf inf
inf inf
2.458322334795704500e-01 6.317400327269342597e+01
inf inf
3.948648555477580202e-01 1.030142686307642030e+01
4.062162287745017530e-01 -3.147882739293235588e+00
1.635102074288815999e+01 8.354190427427131027e+00
2.246391567833408764e+00 1.371792280156456201e+01
5.906232103093381758e-01 -2.492098173983720244e+01
6.807794681078526144e-01 -3.898570245554231661e+01
7.703483613509163330e-01 -2.232720653779273690e+01
8.442960743651886091e-01 -1.572917487671783299e+01
2.439817130177213578e+00 -1.658082958292101949e+01
1.518166502332241308e+01 7.298299353782752519e+00
inf inf
9.543850539290017476e-01 -1.120098236713711692e+01
1.109025200872569350e+01 1.063015048456495570e+01
1.228841996243376089e+00 -1.897137277601714445e+01
inf inf
inf inf
2.362868143940188403e+01 1.906327085833500234e+01
1.197341721964783545e+01 5.874155750112872276e+00
2.588846110977295112e+00 -5.318660877784159524e+00
6.076380158817850097e-01 1.333183181369798653e+01
1.187794821163209447e+00 -8.427273493093460743e+00
4.411794050425800751e-01 -7.236496161917305869e+01
1.748492129484501556e-01 1.747207835397708209e+01
2.722282061352028770e-01 3.339628414128264922e+02
inf inf
inf inf
inf inf
inf inf
4.238098559272248655e-01 -1.931137568559125484e+01
inf inf
5.077125158491183621e-01 2.206549487599266612e+01
2.804985063481361673e-01 -4.207423946620404820e+01
8.978589881737727429e-01 1.509665594506569697e+01
5.828119899754621303e-01 -3.503592700984950881e+01
inf inf
1.064593214998940329e+00 -1.849741193935455641e+01
inf inf
3.660302136016950758e-01 -6.683143854311296650e+01
4.221242288911238871e-01 4.306273015401245630e+00
2.689190608930084991e+01 1.374013328288812552e+01
1.147774413664895121e+01 6.845087596392261275e+00
3.235558014722673126e-01 4.715810170187994999e+01
-6.058495930460411349e-02 -3.119756107156974849e+02
8.138928861575497331e-01 -2.131192178399497550e+01
1.130803751465809626e+01 1.245262618176552216e+01
inf inf
1.118229206257460717e+01 2.503718991180604814e+00
inf inf
2.529223426794411922e-01 5.776836272215118839e+01
2.688140579246977069e+01 2.481467586562628114e+00
1.141700834481544646e+01 4.054348048289896589e+00
8.894294525055347345e-01 -2.846604553979996766e+01
1.694944480992214286e-01 -2.463050960969863823e+01
2.171768119487698545e+00 -1.712401502903556860e+01
3.812150284619787755e+01 1.277872966653207776e+01
5.604814931615529350e-01 1.633857981773483559e+01
4.831657471968652251e-01 -4.877323361493857590e+01
3.498296515975342635e-01 -2.358321617286107141e+01
inf inf
9.084440145127176125e-01 -1.692982428050158106e+01
7.164166991220886072e-01 -3.201295265351435404e+01
8.303234082475592359e-01 -7.724933225565809636e+00
inf inf
7.723503165513943003e+00 6.412951588391673852e+01
inf inf
1.321583876510203304e+01 1.074253295687424270e+01
inf inf
2.740036744594108065e+00 -2.507287156396338901e+01
9.185139414632632615e-01 -1.256797230191908099e+01
inf inf
inf inf
inf inf
1.512009930245800327e+01 1.135683021714978658e+01
1.825683498133572868e+01 4.912726344481280094e+00
inf inf
3.915917196461687677e+00 1.536027533207813889e+01
5.562602830838592194e-01 -4.366536971185600180e+01
5.097131125764946952e-02 -1.107456351260506295e+02
inf inf
1.102851038660195293e+00 -3.429282109195053607e+01
5.850950650786957974e-01 -4.393524287492956404e+01
3.747236011589341054e-01 -5.217930004441259229e+01
4.357089599065598895e-01 -4.807209664591628950e+01
inf inf
6.849431741592064249e+00 7.901284021879716457e-01
4.771979048373976795e+00 2.189132801000965411e+00
1.132009193272708547e+00 -1.056966359122714749e+01
inf inf
9.060650059997363837e-01 2.093998799520862164e+01
1.003949407199772281e+01 -3.605816384740623270e-01
2.052803128766191421e+01 1.005157807233068290e+01
1.378786097743190808e+01 8.052905552879179751e+00
2.616287547726021123e-01 4.614583537370257460e+01
6.697970953891443813e+00 -1.024140867067212568e+01
inf inf
inf inf
2.961835488175773579e-01 -1.631527594576782647e+01
inf inf
inf inf
3.636839765016784964e-01 -5.064881295380502024e+01
3.338047107551604387e-01 -2.622541276814500222e+01
inf inf
6.658267406742850447e-01 -2.950942966596822004e+01
3.016370620568987526e+00 4.688933645853867738e+00
inf inf
1.703315196175642920e-01 -1.533799748402844365e+01
6.815792866524829074e-01 -2.362654479559974519e+01
6.182521723655878265e-01 3.198505893429559155e+00
9.217300214945873815e-01 -4.213472750635752107e+01
3.700861661268294300e-01 1.148147414822244627e+01
1.016605362760072184e+00 -2.920796600457631786e+00
inf inf
1.166176472361809768e+00 -1.728076216475585269e+01
inf inf
inf inf
1.063287764362988774e+01 5.155523896444377030e+00
7.544469855412736514e+00 1.090987802215760816e+01
7.489538104893378456e-01 2.317325082225302069e+01
inf inf
inf inf
inf inf
8.712991584533148481e-01 -9.170236846016424082e+00
inf inf
8.093008269280123068e-01 -1.684836674478674823e+01
inf inf
1.601550855748824720e+00 6.593616386395937390e+00
1.276093051885623497e+00 1.931770089607123708e+01
inf inf
1.326026601732712917e+00 -3.821317241073399984e+00
3.137337608505603170e-01 -2.005335675412176499e+00
3.042138054329802110e-01 -7.872325994994004361e+01
4.061456441927310118e-02 -9.198698333005742711e+01
2.747548120504231584e+00 3.599006486850509390e+00
5.808584496359332494e-01 -3.567989753454085644e+01
inf inf
inf inf
2.058427935660203190e+01 2.238264589827851370e-01
inf inf
4.771338465284651886e-01 1.586902970588500938e+00
7.753625275833455177e+00 1.659951173285777415e+01
inf inf
3.990752818699030424e-01 -6.644079886437914695e+00
3.828115578689590959e-01 -6.763099427236828376e+01
3.233692565061585533e-01 -2.743941200485983600e+01
1.349369511129205224e+00 1.005068073191932676e+01
inf inf
4.723674265761009239e-01 -1.521671210165321142e+01
8.200618945750643984e-01 -1.239387527890223062e+01
7.343393008434228042e-01 -1.694358284570940754e+01
1.112535929518154987e+01 2.146922210687061749e+01
1.257537989903818154e+00 -1.810481429444012846e+01
1.412661921330063386e+01 2.182309832211029033e+01
3.253600498194000878e-01 -3.975409596828953340e+01
1.109711888018083847e+00 -1.167323410426004671e+01
1.030991648924928583e+01 3.271626644387641392e+01
3.644695800958134946e+00 1.321920829757376659e+01
4.997763720094098305e-01 -4.307308509696196275e+00
1.453816765907185227e+00 -5.779258061533931290e+00
4.893496007843560758e-01 -4.635367974028106630e+01
1.261007278117367747e+01 3.717175420682664821e+00
1.739838893910584261e+01 -1.224393851943103684e+00
8.943298991339997395e-01 -1.685155129850184608e+01
inf inf
4.223806581951369821e-01 2.773246402299337277e+00
2.667122899634498623e+01 -1.405831001832611626e+01
3.765852695031420838e-01 -2.808022837346902634e+01
5.116677733062102718e-01 -2.088326155096509851e+01
1.979404126845923040e+00 -2.323515958845347562e+00
2.866541919258418147e+01 1.282104482247439670e+01
4.405388219532542504e-02 1.606903803077941006e+02
1.562601611293515713e+00 8.264530438409554591e+00
7.099856594496266604e-01 -2.966297772324746163e+01
2.415363634008015570e+00 -1.007419884206208094e+00
2.272894957898203838e-01 -2.428282075249443750e+01
3.907425199040533981e-01 -6.339083542469663257e+01
1.074844365062206597e+00 -8.282205723173621692e+00
1.813127439363306642e-02 -1.810177289439534150e+02
