1.146848000000000002e-11
inf
1.177916000000000007e-11
1.159125999999999922e-11
inf
1.081594000000000006e-11
inf
1.495427999999999957e-11
1.021488999999999991e-11
8.820611999999999453e-12
6.778324000000000027e-12
8.283254000000000563e-12
9.596901000000000609e-12
inf
9.920790999999999848e-14
4.378281999999999741e-12
inf
5.784766999999999680e-12
inf
1.524895999999999968e-11
1.019319999999999982e-11
2.082289999999999925e-11
1.618021000000000099e-11
1.534044000000000082e-11
8.628397000000000559e-12
1.828205000000000125e-11
inf
1.059092000000000027e-11
1.695442999999999847e-11
1.588222999999999906e-11
4.618878000000000264e-12
4.324429999999999982e-12
1.355943999999999942e-11
8.891740000000000642e-12
1.662744000000000049e-11
inf
1.790376000000000004e-11
4.101311000000000113e-11
1.562586999999999913e-11
7.511660999999999288e-12
1.796933000000000134e-11
1.329728999999999978e-11
1.379812999999999989e-11
1.162048000000000018e-11
1.080413999999999964e-11
6.671960000000000179e-12
4.632948999999999791e-12
3.264288999999999845e-12
1.072031000000000080e-11
1.032231999999999958e-11
4.970239999999999630e-12
1.466042000000000106e-11
1.341923000000000037e-11
inf
1.564609999999999974e-11
4.543092000000000126e-12
inf
1.049150000000000068e-11
1.252050000000000022e-11
1.029937000000000077e-11
1.100397000000000001e-11
1.481575999999999866e-11
inf
1.936956000000000133e-11
1.224561000000000037e-11
9.139740000000000393e-12
inf
1.734090999999999906e-12
inf
8.419589000000000304e-12
1.461303999999999889e-11
1.260223000000000011e-11
1.112591000000000060e-11
1.252652999999999954e-11
1.106602999999999945e-11
9.691944000000000288e-12
1.011791000000000005e-11
1.177321999999999939e-11
1.672717000000000131e-11
1.332047000000000049e-11
6.938114999999999866e-12
9.019506000000000726e-12
8.157220000000000254e-12
4.150402000000000110e-12
1.528173000000000137e-11
2.010181000000000156e-11
2.698181000000000133e-11
8.391429999999999515e-12
1.126892999999999972e-11
1.393511000000000039e-11
1.150345000000000022e-11
3.198737000000000045e-12
9.096859000000000709e-12
6.592802000000000285e-12
7.069655999999999699e-12
5.384187000000000189e-12
1.282741000000000017e-11
1.388304999999999949e-11
9.786316000000000363e-12
1.117810999999999992e-11
9.497092999999999991e-12
9.992672000000000418e-12
8.928946999999999718e-12
1.123231000000000023e-11
1.680883000000000119e-11
9.003402000000000535e-12
1.640186999999999986e-11
3.556484000000000096e-12
4.461555999999999937e-12
1.002693999999999928e-11
1.218428999999999998e-11
2.332155999999999903e-11
2.129514999999999858e-11
7.187240000000000382e-12
4.232619000000000021e-12
1.728745000000000062e-11
7.433039000000000232e-12
inf
1.806980999999999891e-11
4.011233999999999950e-12
9.956636000000000389e-12
3.183186000000000003e-12
1.076876000000000025e-11
1.790249999999999970e-11
1.300839999999999938e-11
1.170324000000000012e-11
inf
1.839819000000000120e-11
8.393071000000000073e-12
1.494757999999999960e-11
1.499990000000000033e-11
1.331213999999999986e-11
6.957390999999999874e-12
inf
3.526077000000000143e-12
1.066513000000000022e-11
1.328786000000000070e-11
1.136037999999999970e-11
8.376574999999999777e-12
9.093680999999999852e-12
9.027247000000000622e-12
9.395946000000000281e-12
inf
inf
1.055262000000000033e-11
1.195531000000000028e-11
1.189330999999999994e-11
9.687072000000000589e-12
1.055374999999999994e-11
1.249674000000000073e-11
3.160952000000000121e-12
9.935747999999999600e-12
1.225317000000000079e-11
3.750736999999999712e-12
1.112727000000000051e-11
6.543658999999999835e-12
1.597365000000000111e-11
1.393938999999999923e-11
7.291599999999999344e-12
6.118793000000000139e-12
1.939890000000000047e-11
7.635262999999999633e-12
1.217608000000000076e-11
1.150186999999999934e-11
1.575348999999999894e-11
1.100467999999999951e-11
inf
6.844996999999999899e-12
1.018917999999999920e-11
1.098876999999999984e-11
4.520280000000000203e-12
9.850124000000000731e-12
9.887651000000000355e-12
4.459260000000000125e-12
inf
9.253398999999999555e-12
9.832209000000000398e-12
1.695857999999999982e-11
1.924931999999999981e-11
inf
8.576465999999999818e-12
1.287878000000000018e-11
inf
1.394650000000000000e-11
1.362160999999999935e-11
1.117051000000000063e-11
5.281009999999999931e-12
6.150130000000000170e-12
4.226385000000000070e-12
1.186229000000000034e-11
8.053916999999999962e-12
2.504179999999999938e-12
7.611431000000000589e-12
1.316641999999999955e-11
9.371309000000000211e-12
1.286025000000000026e-11
6.912699999999999817e-12
9.338408000000000451e-12
9.332033000000000692e-12
inf
6.677412000000000265e-12
1.453652999999999925e-11
7.235029000000000351e-12
inf
1.060837000000000037e-11
inf
2.527869000000000040e-12
5.387927999999999698e-12
8.181099000000000580e-12
1.049966999999999943e-11
8.071662000000000105e-13
1.099846000000000037e-11
1.026688000000000078e-11
2.848232999999999987e-12
7.541601000000000673e-12
3.833544999999999898e-12
1.020053999999999927e-11
4.619137999999999699e-13
8.841190999999999582e-12
8.102084999999999802e-12
8.450565999999999315e-12
1.683762000000000030e-12
4.700024999999999655e-12
1.155632999999999949e-11
2.107854000000000037e-11
6.705645999999999920e-12
6.638278000000000323e-12
3.718813000000000100e-12
inf
inf
7.108606999999999822e-12
6.720149999999999795e-12
1.422623999999999977e-11
7.266023000000000290e-12
1.263741000000000037e-11
8.182087999999999578e-12
1.097907999999999930e-11
9.111751000000000804e-12
8.959555000000000591e-12
2.183362999999999892e-11
1.336036000000000064e-11
4.709371000000000331e-12
1.101725000000000013e-11
8.318174999999999541e-13
9.353144999999999926e-12
1.390763999999999990e-11
9.566031999999999320e-12
1.247084999999999951e-11
1.096243999999999989e-11
1.242481999999999956e-11
9.742567999999999407e-12
1.207817000000000042e-11
4.248109000000000069e-11
9.235702999999999628e-12
inf
1.720311999999999910e-12
7.637661999999999934e-12
2.771221999999999922e-12
1.421660999999999994e-11
1.447165999999999975e-11
8.790791999999999485e-12
1.026984999999999950e-11
6.857565000000000174e-12
9.725669999999999695e-12
1.119328000000000055e-11
inf
9.299476999999999755e-12
1.298276999999999962e-11
2.796048999999999812e-12
1.043692000000000073e-11
2.204275999999999927e-11
9.955066999999999388e-12
inf
5.299935999999999844e-12
7.214514999999999779e-12
1.484047999999999979e-11
1.703872000000000033e-12
inf
inf
1.441888999999999936e-11
4.002840000000000340e-12
4.941757999999999793e-12
9.760957999999999291e-12
2.124799999999999993e-11
1.870432000000000001e-11
9.130437999999999268e-12
1.721480000000000052e-12
1.946574000000000143e-12
7.334025999999999712e-12
2.837559000000000107e-12
inf
9.726704999999999397e-12
9.438318000000000173e-12
1.235046000000000027e-11
1.275036999999999992e-11
1.345547999999999953e-11
7.439578999999999919e-12
9.452390999999999239e-12
5.724204999999999841e-12
1.001556000000000059e-11
1.067705000000000043e-11
1.841437999999999933e-12
inf
1.744983999999999989e-11
9.577036000000000673e-12
1.498852999999999934e-11
9.060484000000000473e-12
9.071782000000000290e-12
7.570934000000000625e-12
9.175897999999999763e-12
inf
1.324727999999999967e-11
2.239675999999999877e-11
1.242994999999999956e-11
1.267814000000000074e-11
1.334457000000000076e-11
1.499378999999999846e-11
1.028471999999999982e-11
1.145086000000000034e-11
4.751853999999999676e-12
6.630447000000000172e-12
1.317540999999999990e-11
inf
inf
1.150705000000000073e-11
4.367994999999999807e-13
1.718665999999999858e-11
inf
8.922526999999999832e-12
1.301221999999999926e-11
9.989317999999999744e-12
6.864376000000000396e-12
7.292850999999999335e-12
4.498931999999999636e-12
2.337606000000000127e-11
4.541847000000000367e-12
3.356062000000000084e-12
1.568188000000000063e-11
2.837379000000000001e-12
1.314907999999999995e-11
1.300258999999999943e-11
1.353312999999999971e-11
3.165756999999999917e-12
1.309468999999999981e-11
1.168761999999999983e-11
1.179246999999999973e-11
1.222530000000000042e-11
1.070074999999999921e-11
1.170614999999999975e-11
1.384980999999999953e-11
1.361960000000000065e-11
1.289623000000000027e-11
7.270113000000000124e-12
8.340008000000000181e-12
8.399305999999999794e-12
1.216177999999999990e-11
9.508280000000000355e-12
8.358035999999999506e-12
8.393976000000000664e-12
7.116781000000000066e-12
1.719052000000000055e-11
5.633370000000000259e-12
inf
1.536580999999999913e-11
1.814184999999999989e-11
7.034529000000000146e-12
1.616382000000000049e-11
8.230653999999999757e-12
1.636279000000000040e-11
inf
2.068141999999999893e-11
1.910114999999999884e-11
1.274046000000000002e-11
inf
1.289346000000000068e-11
1.642104999999999858e-11
1.073711000000000048e-11
1.708928000000000047e-11
1.087815000000000045e-11
1.354137000000000009e-11
inf
inf
9.177542000000000437e-12
1.493979999999999981e-11
