inf
inf
inf
5.578312999999999598e-12
1.604375999999999989e-12
inf
inf
1.133934999999999934e-11
9.553042000000000200e-12
6.496503999999999921e-12
8.018048999999999978e-12
1.174929000000000031e-11
9.869150999999999979e-12
inf
1.480510000000000040e-11
2.859141999999999814e-12
2.510606000000000137e-11
2.553887000000000021e-11
9.276286999999999730e-12
1.345772999999999945e-11
inf
7.340123000000000550e-12
inf
inf
inf
1.133990000000000018e-11
5.140281000000000158e-12
inf
inf
6.941551999999999985e-12
1.124034000000000095e-12
4.972481000000000004e-12
inf
1.195435000000000025e-11
6.716396000000000051e-12
1.287520999999999922e-11
8.024902999999999980e-12
7.749588000000000360e-12
5.870374000000000044e-12
1.518668000000000088e-11
9.249360999999999851e-12
1.073343999999999995e-11
9.637390000000000802e-12
1.239281000000000038e-11
inf
9.911941999999999408e-12
inf
inf
1.103582000000000053e-11
1.110928999999999981e-11
inf
inf
1.138565000000000006e-12
inf
8.630264999999999678e-12
1.312635999999999982e-11
inf
2.768022000000000098e-12
inf
1.113278999999999946e-11
inf
4.503430999999999696e-12
inf
3.541196000000000010e-12
8.930669000000000182e-12
inf
1.196969999999999978e-11
4.318020000000000214e-12
1.154095999999999973e-11
6.915282999999999706e-12
1.612423999999999996e-11
inf
1.192959999999999957e-11
6.353371000000000192e-12
1.054098999999999950e-11
inf
inf
inf
3.137804999999999876e-13
3.622909999999999958e-12
inf
5.144892000000000248e-12
1.183092999999999995e-11
1.619924999999999966e-11
9.897995000000000376e-12
1.419334000000000059e-12
1.295104000000000052e-11
7.140415000000000327e-12
inf
2.117087999999999874e-12
1.305205000000000031e-11
inf
inf
1.127011000000000074e-11
1.200139000000000002e-11
1.374415000000000056e-11
1.395446999999999961e-11
1.150513000000000068e-11
inf
inf
inf
inf
3.597240000000000129e-12
6.076057000000000148e-12
inf
inf
inf
1.388503000000000026e-11
4.226251000000000265e-12
inf
inf
inf
1.121073999999999995e-11
inf
inf
1.230242000000000000e-11
1.193870999999999972e-11
inf
inf
inf
5.981499999999999908e-12
inf
5.969122000000000261e-12
9.303410999999999201e-12
inf
inf
3.096249000000000088e-12
1.067604999999999993e-11
7.043188000000000058e-12
7.595601999999999203e-12
inf
inf
1.353921999999999974e-11
inf
inf
1.100760999999999938e-11
1.009621999999999997e-11
3.649947000000000098e-12
inf
1.710839000000000077e-11
7.418346000000000306e-12
8.036093000000000461e-12
6.412665999999999688e-12
inf
1.119806000000000045e-11
4.504501999999999985e-12
inf
1.156180000000000027e-11
7.791877000000000808e-12
inf
9.892790000000000703e-12
1.221157999999999995e-11
6.692291999999999894e-12
9.141709999999999020e-13
inf
inf
9.577937000000000570e-12
inf
inf
3.192007000000000133e-12
2.557187999999999988e-12
inf
inf
8.554654999999999357e-12
9.567087999999999836e-12
6.279199000000000374e-12
1.589989999999999852e-11
1.962557999999999886e-11
9.181581000000000719e-12
1.446397000000000021e-11
6.313303999999999652e-12
inf
inf
2.593415000000000012e-12
1.171277000000000039e-11
inf
inf
1.789754000000000009e-12
inf
inf
9.635741999999999030e-13
inf
inf
inf
1.026412000000000050e-11
6.505600000000000068e-12
inf
1.700394999999999844e-11
inf
9.853732999999999974e-12
inf
2.046870999999999912e-12
1.135030000000000021e-11
8.681427000000000789e-12
2.932849999999999968e-13
inf
inf
2.274896999999999813e-12
inf
inf
inf
inf
7.183037999999999710e-12
inf
inf
inf
inf
inf
inf
inf
inf
4.503394999999999917e-12
inf
inf
1.003402999999999981e-11
inf
inf
5.800635999999999922e-12
inf
3.604029000000000172e-12
inf
inf
inf
inf
inf
inf
inf
inf
7.401066999999999770e-13
inf
inf
inf
inf
inf
inf
inf
inf
3.687227000000000117e-12
6.682785999999999753e-12
inf
inf
inf
6.065541999999999965e-12
inf
inf
4.516737000000000285e-12
inf
6.329859999999999849e-12
1.156358000000000029e-11
inf
inf
inf
inf
inf
inf
inf
inf
inf
inf
inf
inf
1.642881999999999906e-11
6.578387999999999858e-12
inf
6.172049999999999737e-12
2.319771999999999862e-12
6.503403999999999821e-12
inf
inf
inf
inf
inf
inf
5.238036999999999645e-12
inf
inf
inf
inf
inf
inf
inf
inf
inf
inf
5.440295999999999864e-12
9.137305000000000313e-12
1.324162999999999999e-11
4.021350999999999795e-12
inf
inf
5.342870000000000235e-12
8.479501999999999506e-12
6.537774000000000209e-12
4.124019000000000262e-12
inf
inf
inf
inf
inf
inf
inf
inf
inf
5.212280999999999851e-12
inf
inf
inf
inf
inf
inf
7.584558000000000608e-12
inf
inf
inf
9.849864999999999853e-12
1.250815000000000058e-11
2.484306000000000057e-12
9.100978999999999282e-12
inf
inf
1.067138000000000052e-11
inf
inf
inf
1.699818999999999949e-12
inf
inf
inf
inf
4.337752000000000115e-12
inf
inf
inf
inf
inf
5.696826000000000186e-12
2.381247000000000062e-11
1.456656999999999859e-11
inf
inf
inf
inf
1.240354999999999959e-11
inf
1.681487000000000144e-11
inf
inf
2.203932999999999996e-12
6.545515999999999874e-12
inf
1.409444000000000068e-11
inf
inf
inf
3.535395000000000002e-12
inf
inf
inf
1.189422999999999949e-11
6.686929000000000294e-12
inf
inf
inf
inf
1.710208000000000098e-12
inf
inf
inf
inf
inf
inf
inf
inf
inf
1.689556999999999967e-11
inf
inf
inf
inf
inf
inf
inf
inf
inf
