-8.346108735386142996e+01
inf
-8.452746362977278238e+01
-8.698108778164922228e+01
inf
-8.784318217841929766e+01
inf
-8.521054403201831917e+01
-7.552405769842188477e+01
-8.502264392808334037e+01
inf
-9.256592560226896182e+01
-8.527319187967646030e+01
inf
inf
inf
inf
inf
inf
-8.581400899833930396e+01
-8.475996221137307884e+01
-8.423020422741669222e+01
-8.787180334990291897e+01
-8.650746508481802266e+01
-8.309479908144605531e+01
-8.596045994806881652e+01
inf
-8.258996954175883332e+01
-8.040455972949287400e+01
-8.386355742873281827e+01
inf
inf
-8.474218474692314373e+01
-8.453356762513077172e+01
inf
inf
-8.665655001173038841e+01
-8.839308328168274898e+01
-8.550333623410688233e+01
inf
-8.585424587721726652e+01
-8.436018765738653258e+01
-8.538914914494556285e+01
-8.653460740967774711e+01
-8.399799816389656826e+01
inf
-8.530693554385936750e+01
inf
-8.436146642983882771e+01
-8.467788258704915449e+01
-9.993062109853754293e+01
-8.491324555337396873e+01
-8.462191527275902558e+01
inf
-8.399360230941049110e+01
-8.588714945736897732e+01
inf
-8.559819579478468654e+01
-7.904791574339380134e+01
-8.747938584839053533e+01
-8.590045441754702438e+01
-8.574356526094739195e+01
inf
-7.638507832493601768e+01
-8.560345106802935788e+01
-8.589583816355711576e+01
inf
inf
inf
-1.012380109938505797e+02
-8.649294027688790720e+01
-8.563058778498132995e+01
-8.480375372456431649e+01
-8.418939552797237980e+01
-8.609955541264541523e+01
-7.218354979390400672e+01
-8.394158381668512448e+01
-8.718885463444448192e+01
-8.267122109886369685e+01
-8.248718889447239633e+01
-8.437967422906886839e+01
inf
-8.173742986717094539e+01
-7.658837492494417631e+01
-8.559008202005885835e+01
-8.561547522496897500e+01
-8.388245558835355098e+01
-8.493852497287534220e+01
-8.519873710793663690e+01
-8.478186214404506416e+01
-8.443406950082307105e+01
-8.229065573208382034e+01
-8.619583012992788440e+01
inf
-8.347000189193514075e+01
inf
-8.343359499536214230e+01
-8.535766927573304486e+01
-8.755734613804487765e+01
-8.587319372361264413e+01
-8.366076331715611047e+01
-8.985921655694575350e+01
-8.407212936561951722e+01
-8.397090483246421400e+01
-8.319252122024869323e+01
-7.917107848090309119e+01
-8.509707386900770132e+01
inf
inf
-8.679938695687232553e+01
-8.339308721400703917e+01
-8.243148614470608493e+01
-8.565320681587944307e+01
-8.509702218246575001e+01
-7.711206655528829401e+01
-8.441341148605098965e+01
inf
inf
-8.498198266424094527e+01
inf
-8.460159000957074227e+01
inf
-8.696011293587845614e+01
-8.661169015870322596e+01
-8.364838324710088102e+01
-8.307406375929076603e+01
inf
-8.449592996616361518e+01
-8.494881717623414374e+01
-8.358954331548481775e+01
-8.568157960354999148e+01
-7.384232273443745953e+01
-8.481519464174800760e+01
inf
-9.885062886729431852e+01
-8.381939035060199217e+01
-8.503425110087194128e+01
-8.404374773989751191e+01
-8.498358584970003449e+01
-8.410822935043528048e+01
-8.437682489745527903e+01
-8.578189708208219599e+01
inf
inf
-8.314874059069519774e+01
-8.489394249819869742e+01
-8.325768769015350301e+01
-8.679708259805460102e+01
-8.326832302088565996e+01
-8.460351843984348363e+01
inf
-8.544268719799275402e+01
-8.452555877613443158e+01
-1.025616149601602274e+02
-8.490892022790976057e+01
inf
-8.355069541353988427e+01
-8.744573687755064384e+01
-8.831107524209151904e+01
-1.050195422931591338e+02
-8.796686711822768245e+01
-8.497198704977400041e+01
-8.458170639369195953e+01
-8.526068512727259474e+01
-8.287637712501160081e+01
inf
inf
-8.754933253844097862e+01
-8.283566758602614755e+01
-7.792180682036172357e+01
inf
-8.550260060111432381e+01
-8.170153781740569343e+01
-7.921820654456509203e+01
inf
-8.315461834513962458e+01
inf
-8.521395330259852585e+01
-8.683650837671703471e+01
inf
-7.965755194298425579e+01
-8.710690848547262988e+01
inf
-8.410230271324248008e+01
-8.669774690921876470e+01
-8.104309845952757030e+01
inf
-8.581990894451783447e+01
inf
-8.466221635273502955e+01
-8.633981980637678078e+01
inf
-8.418640722956780564e+01
-8.242560471799710342e+01
-8.004940113548117608e+01
-8.472722367354269579e+01
-8.403577154703378937e+01
-8.471141786387279637e+01
-8.583930433966806106e+01
inf
-8.534101767354385970e+01
-8.625288820655717359e+01
-8.627714630397385065e+01
inf
-9.085038634431201388e+01
inf
-8.450295820226234866e+01
-8.547058883663571294e+01
inf
-9.055048270182706460e+01
inf
-1.042950108255529358e+02
-8.498205316563480949e+01
-7.338797845353450100e+01
-8.755831070368478208e+01
inf
-8.461175955613765609e+01
inf
inf
-8.608507642208952859e+01
-8.472548984606972056e+01
inf
-8.435887598217661321e+01
-8.579640989327650402e+01
-8.421184135713504304e+01
-8.451644196468647863e+01
-8.510586492988169027e+01
-8.530280471498144834e+01
inf
inf
-8.551421370215453521e+01
-8.162230106671660224e+01
-8.823744528650671270e+01
-8.752091328361073863e+01
-8.563361092086032045e+01
-8.534412790051972308e+01
-8.505053777141407068e+01
-8.548329467351983624e+01
-8.804474906746716556e+01
-8.689399166556475507e+01
-8.283107413425869936e+01
inf
-8.688875081094396080e+01
-8.105038994933511276e+01
-8.302299596643968016e+01
-7.365377092879198528e+01
-8.581318380985003103e+01
-8.700070948552811956e+01
-8.723986178979352246e+01
-8.574054138010383497e+01
-8.882773084055092738e+01
-8.813990165980966651e+01
-8.408773546638678908e+01
-8.831348762001253760e+01
inf
inf
-8.832240097289285075e+01
-9.298777928286183680e+01
-8.657508086933233926e+01
-8.551416738176904175e+01
-7.779887051812752929e+01
-8.621364867095681461e+01
-8.464829925328434967e+01
-8.751604000399403560e+01
-8.325867160328175487e+01
inf
-8.564083560744980161e+01
-8.834664583421697159e+01
inf
-8.090966269613809914e+01
-8.759048808453351853e+01
-8.563570103498915387e+01
inf
inf
-8.688428613294418312e+01
-8.631799883517338401e+01
inf
inf
inf
-8.516863483411850666e+01
inf
-8.753570868656198911e+01
-8.889641615585313161e+01
-8.575888326826317609e+01
-8.579249580297044986e+01
-8.688167346660097223e+01
inf
inf
-7.892448378156042565e+01
inf
inf
inf
-8.615354906680042291e+01
-8.439950196584773323e+01
-7.389423174676745987e+01
-8.622977471991183052e+01
-7.249994137350834933e+01
-8.556051200423090108e+01
-8.916870337837005422e+01
-8.884328392133490127e+01
-8.956342063594583180e+01
-1.052925939549944587e+02
inf
-8.554523233052357511e+01
-8.712298507332347697e+01
-8.777292952130444803e+01
-8.616749537540550818e+01
-9.042980412109233157e+01
-8.573681158048684381e+01
-7.828318822241008945e+01
inf
-8.879439594814652992e+01
-8.572437988888090388e+01
-8.209369104638824410e+01
-8.608432170892916702e+01
-9.123477743201584644e+01
-7.693391025405080086e+01
-8.471724167051387155e+01
-8.591718657249248281e+01
inf
inf
-7.700993548845183057e+01
inf
inf
-8.509247135894266023e+01
inf
-8.653136734182770340e+01
inf
-8.761166748384492564e+01
-8.603949610122350578e+01
-8.665526173459976178e+01
-8.823415744666382921e+01
inf
inf
-9.474282829077472456e+01
inf
inf
-8.144299888527426390e+01
-1.046984531288618570e+02
-8.801336637578741318e+01
-8.249609533794949812e+01
-8.418972863301971188e+01
inf
-8.717758040201422887e+01
-8.635626959909851053e+01
inf
-8.928547790533798434e+01
-9.294285562071992501e+01
-8.916584636103716832e+01
-8.803258622341914474e+01
-8.567208805822717466e+01
-8.445819320963563825e+01
-8.733557637393084860e+01
-8.879881125325529467e+01
-8.705273654891819035e+01
-1.002761699968683047e+02
-1.062444756949533655e+02
-8.980065770941047276e+01
-8.334341477724332492e+01
-8.526328252585302891e+01
-8.581706737469401958e+01
inf
inf
-8.826760907357098063e+01
-8.339356203121843691e+01
inf
-8.127670014910940210e+01
-8.535587706188442780e+01
-8.992468416373381501e+01
inf
-8.840882365522239184e+01
-8.965311598038574914e+01
-9.024087088658308176e+01
inf
-8.540103741291187589e+01
-8.181118238620690875e+01
-8.545784592991591921e+01
-8.670535304334812565e+01
-8.552186424003826914e+01
-8.568048317303407657e+01
inf
inf
inf
-8.324868566814630810e+01
