5.625086000000000000e+06
6.928228000000000000e+06
1.378687000000000000e+07
5.007808000000000000e+06
6.928228000000000000e+06
1.673609000000000000e+07
4.733463000000000000e+06
1.000000000000000000e+08
5.213568000000000000e+06
8.574302000000000000e+06
7.751266000000000000e+06
8.299957000000000000e+06
inf
4.390531000000000000e+06
2.139996000000000000e+07
6.585296000000000000e+06
5.693673000000000000e+06
3.018802000000000000e+06
3.216803000000000000e+07
4.390531000000000000e+06
inf
5.076395000000000000e+06
5.625086000000000000e+06
2.332938000000000000e+06
7.614092000000000000e+06
7.271160000000000000e+06
1.783347000000000000e+07
6.242364000000000000e+06
8.231370000000000000e+06
5.693673000000000000e+06
5.282154000000000000e+06
3.430321000000000000e+06
8.162784000000000000e+06
6.585296000000000000e+06
6.379537000000000000e+06
5.076395000000000000e+06
1.001462000000000000e+07
5.968018000000000000e+06
5.282154000000000000e+06
6.379537000000000000e+06
5.830846000000000000e+06
9.465926000000000000e+06
4.596290000000000000e+06
6.516710000000000000e+06
inf
8.574302000000000000e+06
6.791056000000000000e+06
5.762260000000000000e+06
8.094198000000000000e+06
7.682679000000000000e+06
inf
4.459118000000000000e+06
9.328753000000000000e+06
1.262090000000000000e+07
5.213568000000000000e+06
5.693673000000000000e+06
1.241514000000000000e+07
inf
7.614092000000000000e+06
7.408334000000000000e+06
4.596290000000000000e+06
6.585296000000000000e+06
8.917235000000000000e+06
3.567494000000000000e+06
5.625086000000000000e+06
4.870636000000000000e+06
inf
5.899432000000000000e+06
3.087389000000000000e+06
2.813043000000000000e+06
7.065401000000000000e+06
2.091986000000000000e+07
5.556500000000000000e+06
inf
7.133988000000000000e+06
8.299957000000000000e+06
4.939222000000000000e+06
4.390531000000000000e+06
inf
6.242364000000000000e+06
3.293148000000000000e+06
inf
4.253358000000000000e+06
8.094198000000000000e+06
5.487914000000000000e+06
2.675870000000000000e+06
6.791056000000000000e+06
1.186645000000000000e+07
4.870636000000000000e+06
1.454132000000000000e+07
8.368543000000000000e+06
6.722469000000000000e+06
6.310950000000000000e+06
4.459118000000000000e+06
6.585296000000000000e+06
7.339747000000000000e+06
5.899432000000000000e+06
6.722469000000000000e+06
2.607284000000000000e+06
2.270310000000000000e+07
6.516710000000000000e+06
9.122994000000000000e+06
4.047599000000000000e+06
8.368543000000000000e+06
inf
inf
1.056331000000000000e+07
inf
9.465926000000000000e+06
9.465926000000000000e+06
inf
3.011044000000000000e+07
3.018802000000000000e+06
3.773253000000000000e+06
inf
inf
7.682679000000000000e+06
5.487914000000000000e+06
8.162784000000000000e+06
7.202574000000000000e+06
8.642889000000000000e+06
1.186645000000000000e+07
2.470111000000000000e+06
7.408334000000000000e+06
4.733463000000000000e+06
inf
4.939222000000000000e+06
1.371828000000000000e+07
1.152352000000000000e+07
inf
1.104341000000000000e+07
inf
5.899432000000000000e+06
5.282154000000000000e+06
inf
inf
5.968018000000000000e+06
5.899432000000000000e+06
3.636080000000000000e+06
1.406122000000000000e+07
inf
3.017902000000000000e+07
1.008320000000000000e+07
1.440415000000000000e+07
4.939222000000000000e+06
1.419839000000000000e+07
4.939222000000000000e+06
8.162784000000000000e+06
7.957024000000000000e+06
5.830846000000000000e+06
4.596290000000000000e+06
inf
inf
inf
inf
inf
9.808858000000000000e+06
8.505716000000000000e+06
inf
inf
3.567494000000000000e+06
inf
1.111200000000000000e+07
1.001462000000000000e+07
4.321944000000000000e+06
inf
6.859642000000000000e+06
2.764133000000000000e+07
1.858792000000000000e+07
2.338897000000000000e+07
4.390531000000000000e+06
3.841840000000000000e+06
1.921420000000000000e+06
6.722469000000000000e+06
5.487914000000000000e+06
5.968018000000000000e+06
2.201724000000000000e+07
5.899432000000000000e+06
6.585296000000000000e+06
3.347117000000000000e+07
1.008320000000000000e+07
8.299957000000000000e+06
inf
inf
1.337535000000000000e+07
8.711475000000000000e+06
3.567494000000000000e+06
5.762260000000000000e+06
9.465926000000000000e+06
7.133988000000000000e+06
7.819852000000000000e+06
inf
1.563870000000000000e+07
6.310950000000000000e+06
inf
6.310950000000000000e+06
inf
inf
inf
5.007808000000000000e+06
1.509001000000000000e+07
4.766856000000000000e+07
1.000000000000000000e+08
inf
inf
7.957024000000000000e+06
inf
6.379537000000000000e+06
3.979012000000000000e+06
5.213568000000000000e+06
1.172928000000000000e+07
6.448124000000000000e+06
1.097483000000000000e+07
1.179786000000000000e+07
1.159211000000000000e+07
5.144982000000000000e+06
3.498908000000000000e+06
inf
5.968018000000000000e+06
5.830846000000000000e+06
7.339747000000000000e+06
inf
inf
2.401525000000000000e+06
3.910426000000000000e+06
6.242364000000000000e+06
8.162784000000000000e+06
6.585296000000000000e+06
6.791056000000000000e+06
7.682679000000000000e+06
7.065401000000000000e+06
inf
inf
inf
inf
8.299957000000000000e+06
inf
7.819852000000000000e+06
1.186645000000000000e+07
4.012406000000000000e+07
8.437130000000000000e+06
inf
1.179786000000000000e+07
inf
2.229159000000000000e+07
7.133988000000000000e+06
3.018802000000000000e+06
4.870636000000000000e+06
6.516710000000000000e+06
1.166069000000000000e+07
9.603099000000000000e+06
5.350740000000000000e+06
inf
5.693673000000000000e+06
inf
6.105192000000000000e+06
3.361734000000000000e+06
4.390531000000000000e+06
7.065401000000000000e+06
5.968018000000000000e+06
8.780062000000000000e+06
2.195766000000000000e+06
7.545506000000000000e+06
7.339747000000000000e+06
1.090624000000000000e+07
inf
5.625086000000000000e+06
9.603099000000000000e+06
1.193504000000000000e+07
inf
4.939222000000000000e+06
inf
4.390531000000000000e+06
inf
5.625086000000000000e+06
5.350740000000000000e+06
inf
inf
inf
3.704667000000000000e+06
3.910426000000000000e+06
inf
1.035755000000000000e+07
8.025611000000000000e+06
2.037117000000000000e+07
inf
9.603099000000000000e+06
5.076395000000000000e+06
6.928228000000000000e+06
8.437130000000000000e+06
inf
4.116185000000000000e+06
1.344394000000000000e+07
1.913661000000000000e+07
inf
6.242364000000000000e+06
6.379537000000000000e+06
2.950216000000000000e+06
4.116185000000000000e+06
1.509001000000000000e+07
5.762260000000000000e+06
inf
inf
1.186645000000000000e+07
inf
inf
7.065401000000000000e+06
5.625086000000000000e+06
inf
6.585296000000000000e+06
1.035755000000000000e+07
inf
5.007808000000000000e+06
9.054407000000000000e+06
1.371828000000000000e+07
4.012406000000000000e+07
5.487914000000000000e+06
7.751266000000000000e+06
inf
5.625086000000000000e+06
inf
inf
5.968018000000000000e+06
6.653882000000000000e+06
3.979012000000000000e+06
inf
inf
inf
5.144982000000000000e+06
inf
4.802050000000000000e+06
inf
1.557012000000000000e+07
4.939222000000000000e+06
inf
6.310950000000000000e+06
5.076395000000000000e+06
6.105192000000000000e+06
8.094198000000000000e+06
6.996815000000000000e+06
5.144982000000000000e+06
inf
inf
3.293148000000000000e+06
inf
8.368543000000000000e+06
5.144982000000000000e+06
inf
1.028896000000000000e+07
8.162784000000000000e+06
1.474708000000000000e+07
3.636080000000000000e+06
inf
1.680467000000000000e+07
5.762260000000000000e+06
9.260167000000000000e+06
5.487914000000000000e+06
1.659891000000000000e+07
3.293148000000000000e+06
1.049472000000000000e+07
8.299957000000000000e+06
4.459118000000000000e+06
6.859642000000000000e+06
4.596290000000000000e+06
7.614092000000000000e+06
1.941096000000000000e+07
4.733463000000000000e+06
2.675870000000000000e+06
5.419327000000000000e+06
inf
5.076395000000000000e+06
4.939222000000000000e+06
7.819852000000000000e+06
6.310950000000000000e+06
7.408334000000000000e+06
2.195766000000000000e+06
7.751266000000000000e+06
1.035755000000000000e+07
4.527704000000000000e+06
4.184772000000000000e+06
4.047599000000000000e+06
5.144982000000000000e+06
5.625086000000000000e+06
7.888438000000000000e+06
