1.163976000000000007e-11
9.541713000000000259e-12
1.078230000000000021e-11
1.343788000000000009e-11
5.741510000000000241e-12
5.134122999999999973e-11
1.363804999999999963e-11
1.244392000000000056e-11
1.365252000000000007e-11
1.371583999999999985e-11
1.138513999999999969e-11
1.286590999999999925e-11
5.143301000000000280e-12
1.055128000000000066e-11
inf
6.778179000000000334e-12
1.895008000000000078e-11
inf
7.985898000000000189e-12
2.295343000000000148e-11
1.646900999999999951e-11
2.417626000000000022e-11
8.130678000000000709e-12
inf
1.459704999999999989e-11
1.924804000000000085e-11
1.106372999999999975e-11
7.638962000000000747e-12
6.819813999999999682e-12
1.048520000000000060e-11
1.150272000000000049e-11
3.948008000000000316e-12
5.072274000000000042e-12
2.040571999999999840e-11
1.169661999999999949e-11
1.071017000000000060e-11
1.650579999999999859e-11
1.633142999999999840e-11
4.425088000000000137e-12
6.760385000000000380e-12
1.164570000000000075e-11
1.198023999999999985e-11
8.300138000000000271e-12
2.121961999999999920e-11
2.742649000000000060e-12
1.205128000000000032e-11
1.366751999999999950e-11
2.001942000000000034e-11
inf
6.065965999999999964e-12
4.744844999999999862e-12
9.299288999999999474e-12
1.449156999999999981e-11
5.919662000000000187e-12
1.096164000000000013e-11
1.244427000000000065e-11
1.393494000000000080e-11
9.025251000000000314e-12
1.422173999999999994e-11
1.965645999999999842e-11
9.069656999999999832e-12
3.209833000000000304e-11
1.061156999999999938e-11
1.355413000000000053e-11
1.373361000000000049e-11
8.822007000000000175e-12
3.988418000000000141e-12
1.100181999999999966e-11
1.152903000000000020e-11
4.711999000000000347e-12
2.053742000000000116e-11
1.555097000000000154e-11
9.260311000000000728e-12
7.748009000000000050e-12
9.548620000000000161e-12
1.102092000000000066e-11
1.157358000000000045e-11
1.238328000000000012e-11
1.333649999999999997e-11
1.231593000000000041e-11
5.605772999999999968e-11
1.533345000000000147e-11
1.236733999999999928e-11
1.156967999999999963e-11
4.862119000000000116e-12
1.220965000000000059e-11
4.598258000000000216e-11
1.519924000000000057e-11
inf
4.323585999999999870e-12
8.559218000000000012e-12
1.112273000000000021e-11
8.412705000000000755e-12
8.005168000000000772e-12
3.383108999999999938e-12
1.270438000000000044e-11
2.122303000000000070e-12
6.506673999999999665e-12
9.335848999999999876e-12
3.289170999999999980e-12
1.168218999999999952e-11
9.801362999999999461e-12
1.525232000000000059e-11
2.223933999999999922e-11
1.115168000000000040e-11
9.014759000000000483e-12
1.231670999999999993e-11
1.359129999999999925e-11
3.397976999999999911e-12
1.199434999999999927e-11
3.447335999999999842e-12
1.440615000000000077e-11
1.036431999999999960e-11
1.111200999999999962e-11
1.489795000000000075e-11
1.413445000000000062e-11
1.253418000000000021e-11
8.540107000000000740e-12
8.612400000000000744e-12
1.023641000000000040e-11
inf
3.048170999999999937e-11
6.778145999999999864e-12
9.936304000000000673e-12
1.207707000000000036e-11
1.373171999999999998e-11
1.310867999999999943e-11
9.865032000000000368e-12
1.609987999999999985e-11
1.613043999999999887e-11
8.772015000000000766e-12
1.401351000000000054e-11
9.253297000000000451e-12
1.055775999999999964e-11
1.150649000000000058e-11
1.722051999999999941e-11
8.274455999999999574e-12
9.741672999999999743e-12
1.009062000000000007e-11
1.344031000000000051e-11
inf
1.262057000000000021e-11
1.070577000000000033e-11
9.419822000000000491e-12
8.895625999999999844e-12
8.199629000000000502e-12
8.430213000000000401e-12
1.209471000000000027e-11
6.439811999999999742e-12
8.113230000000000155e-12
8.951050000000000719e-12
1.395794999999999910e-12
8.325841000000000167e-12
4.976963999999999714e-12
2.842594999999999966e-12
1.191689000000000053e-11
1.029134999999999976e-11
1.468040999999999884e-11
1.074103999999999923e-11
1.834629999999999827e-12
8.546712999999999753e-12
1.250628999999999961e-11
1.317439000000000078e-11
1.522413999999999898e-11
7.067290999999999638e-12
9.821171999999999382e-12
1.112256000000000062e-11
1.857376000000000021e-12
9.666379000000000084e-13
7.087388999999999983e-12
1.054358000000000019e-11
6.994376999999999813e-12
1.400426000000000035e-11
1.666306999999999879e-11
2.126998000000000183e-12
2.397645999999999940e-11
1.645818999999999936e-11
1.072746000000000042e-11
7.861486000000000779e-12
9.396022999999999494e-12
1.288691999999999938e-11
3.097708000000000032e-11
7.300306000000000539e-12
3.851299000000000188e-12
1.280827000000000031e-11
2.858042999999999922e-12
9.580481000000000564e-12
8.869717000000000585e-12
7.161981999999999683e-12
6.900697000000000156e-12
1.083463999999999956e-11
2.757923000000000142e-12
1.226505999999999984e-11
1.869582000000000141e-12
5.238192999999999832e-13
1.105342999999999928e-11
5.012813999999999808e-12
1.289330000000000041e-11
5.420900999999999824e-12
8.834968999999999288e-12
7.780212000000000776e-12
1.320222999999999917e-12
4.782775000000000287e-12
7.852269000000000254e-12
8.890984999999999399e-12
1.735164000000000017e-11
6.184842999999999842e-12
inf
1.193505000000000012e-11
9.493430000000000272e-12
3.624619000000000189e-11
5.274572000000000156e-12
1.190534000000000064e-11
1.369638000000000015e-13
1.062763999999999933e-11
1.523760999999999933e-12
1.160891000000000006e-11
1.403455000000000021e-11
1.147693000000000045e-11
8.854696000000000340e-12
1.547116000000000009e-11
2.820538000000000073e-12
7.548836999999999856e-12
1.118099000000000000e-11
1.349716999999999993e-11
1.092568999999999966e-11
7.523922999999999827e-12
1.377810999999999934e-11
8.366934000000000061e-12
9.574856999999999739e-12
7.767414999999999977e-12
inf
8.152437999999999194e-12
5.955464999999999807e-12
2.635450999999999814e-12
8.799302000000000627e-12
4.658888999999999981e-12
7.760231000000000116e-12
8.073963999999999947e-12
2.761550999999999852e-12
8.940319000000000247e-12
8.736455999999999826e-12
7.822240000000000807e-12
1.526116000000000159e-11
1.622349000000000078e-12
4.081581000000000236e-12
1.007494000000000069e-11
1.364542999999999954e-11
1.706675999999999947e-11
1.251066999999999964e-11
8.394230000000000271e-12
inf
8.668480999999999604e-12
6.516375999999999859e-12
1.058956000000000037e-11
8.067777000000000470e-12
9.461970000000000323e-12
1.257756000000000038e-11
1.362469999999999949e-11
1.029134999999999936e-12
7.984272000000000211e-12
inf
1.096644999999999958e-11
1.057042000000000051e-11
1.072467999999999990e-11
9.291052999999999791e-12
1.006319000000000006e-11
1.263818999999999989e-11
1.180928000000000035e-11
4.163795000000000031e-12
1.245308000000000049e-11
8.952886000000000753e-12
inf
5.902430999999999692e-12
1.542804000000000138e-11
2.475670000000000093e-12
1.219707999999999996e-11
1.991414000000000182e-12
8.173506999999999455e-12
6.525863000000000342e-12
9.582473000000000179e-12
1.185238000000000043e-11
8.451601999999999594e-12
4.905009999999999917e-12
1.333012999999999987e-11
9.430239999999999609e-12
7.204814999999999931e-12
7.114087999999999686e-12
1.154456000000000024e-11
5.977084000000000101e-12
4.501866000000000197e-12
1.396434000000000066e-11
1.464230000000000032e-11
8.280352000000000380e-11
1.081732000000000020e-11
3.622182000000000166e-12
1.000912000000000047e-11
2.310238999999999886e-12
5.465185999999999771e-12
inf
8.829424000000000446e-12
1.372860999999999960e-11
1.222572000000000054e-11
3.050685000000000142e-12
1.418796999999999937e-11
inf
1.112395999999999938e-11
5.423048000000000057e-12
9.046049999999999810e-12
2.120391000000000027e-11
9.305555999999999895e-12
3.391325000000000193e-12
1.422932000000000060e-11
inf
1.680978000000000029e-11
3.188361000000000050e-11
1.258878999999999972e-11
1.332811000000000025e-11
1.307892999999999948e-11
1.088513999999999980e-11
1.124276999999999936e-11
1.540271000000000031e-11
9.911899999999999397e-12
1.729553999999999842e-11
9.950605999999999454e-12
1.206437000000000062e-11
1.195931999999999998e-11
7.476256000000000006e-12
1.331591999999999926e-11
8.630196000000000237e-12
5.308138999999999865e-12
1.522791000000000069e-11
1.752246999999999895e-11
1.266592999999999953e-11
8.005179000000000659e-12
4.681185999999999881e-12
inf
1.070221999999999961e-11
1.502849999999999882e-11
1.583631999999999891e-11
1.201141999999999972e-11
1.540069000000000069e-11
5.349661999999999990e-12
1.152409999999999933e-11
7.092385000000000177e-12
1.039663000000000070e-11
1.745793000000000092e-11
1.129766999999999986e-11
4.536691999999999669e-12
1.156566999999999993e-11
1.069052999999999968e-11
2.192022000000000128e-12
6.352450000000000059e-12
1.394834000000000072e-11
1.307679000000000006e-11
1.287175000000000036e-11
1.292591000000000020e-11
9.293287000000000163e-12
1.294027000000000015e-11
1.261790000000000019e-11
1.187794999999999949e-11
1.494891000000000158e-11
1.337149999999999972e-11
1.086738999999999940e-11
5.120318000000000195e-12
1.083685000000000062e-11
1.395826999999999925e-11
1.184125999999999997e-11
inf
1.440269999999999961e-11
7.551175000000000487e-12
1.107981000000000063e-11
1.491947999999999895e-11
inf
1.636053000000000117e-11
1.308763000000000045e-11
2.421926000000000075e-11
1.360693000000000047e-11
4.480750000000000269e-12
1.237550999999999964e-11
1.376519999999999955e-11
6.006078999999999615e-12
6.593472000000000120e-12
1.611139000000000088e-11
