1.143758999999999953e-11
8.350915999999999432e-12
1.671772000000000038e-11
8.580900000000000322e-12
1.291954999999999941e-11
1.345146000000000052e-11
7.898865999999999555e-12
inf
1.066328999999999949e-11
1.526653999999999888e-11
1.851640999999999986e-11
1.455857000000000104e-11
1.528132000000000056e-11
2.526907999999999919e-11
1.603969999999999839e-11
inf
inf
8.907295999999999531e-12
1.402197999999999959e-11
1.491243000000000051e-11
1.445436000000000062e-11
1.591613999999999967e-11
1.673862999999999933e-11
1.488217000000000019e-11
inf
5.752489999999999857e-12
1.667799999999999982e-11
1.645134999999999937e-11
1.015833000000000080e-11
1.093264999999999946e-11
inf
1.735699999999999884e-11
1.185878999999999939e-11
1.454623000000000071e-11
1.107749000000000069e-11
1.398630999999999920e-11
1.411243000000000068e-11
inf
1.461175000000000062e-11
1.425584000000000037e-11
1.467908000000000009e-11
3.808052999999999829e-12
1.532227000000000030e-11
1.067316000000000054e-11
8.890536999999999279e-12
inf
4.254908000000000150e-12
1.657375000000000054e-11
1.240117999999999987e-11
5.757140999999999611e-12
1.324996000000000062e-11
inf
1.399048000000000078e-11
1.171755000000000029e-11
1.128740000000000055e-11
1.657638000000000010e-11
1.244331999999999993e-11
inf
1.046831999999999997e-11
1.220246999999999980e-11
1.073128999999999960e-11
1.040600000000000069e-11
1.277711000000000068e-11
1.337107999999999961e-11
5.303295999999999943e-12
inf
2.635688000000000108e-12
1.365081000000000007e-11
inf
7.782621999999999349e-12
1.322834000000000056e-11
1.718135999999999900e-11
1.348777999999999971e-11
1.302399999999999943e-11
8.513164000000000741e-12
1.152156000000000003e-11
9.353116999999999919e-12
5.880563000000000254e-12
4.110533999999999739e-12
inf
2.528848000000000131e-12
1.298231000000000065e-11
8.784690999999999570e-12
1.009938000000000013e-11
1.453994999999999925e-11
1.958456000000000071e-11
2.555337999999999951e-12
1.268461999999999972e-11
1.674915000000000038e-12
2.851617999999999977e-12
inf
inf
4.887398000000000012e-12
1.212087000000000064e-11
8.621755000000000152e-12
1.937782999999999963e-12
1.147529999999999978e-11
2.490439999999999958e-11
1.422967000000000070e-11
1.913819000000000006e-11
5.593628999999999843e-14
inf
9.292257000000000115e-12
7.209162000000000296e-12
6.823306000000000047e-12
inf
2.178181999999999856e-12
4.936896000000000212e-12
7.202393000000000085e-12
2.063089999999999845e-12
3.322435000000000070e-12
8.262653999999999620e-12
inf
inf
7.376621999999999665e-12
inf
inf
1.067150999999999963e-11
4.021401000000000385e-12
inf
inf
1.063360000000000025e-11
1.182839000000000065e-11
1.787224999999999990e-12
1.090954000000000038e-11
inf
7.362248000000000115e-13
1.154416999999999967e-11
1.103875000000000040e-11
inf
1.016508999999999986e-11
1.256381999999999967e-11
8.789688000000000341e-12
5.722396000000000046e-12
1.377312000000000059e-12
1.252566000000000097e-12
6.978733000000000208e-12
4.779184000000000126e-12
1.003828000000000032e-12
inf
inf
6.827044000000000248e-12
1.170940999999999948e-11
9.099646999999999384e-12
1.199668000000000013e-11
1.007726000000000062e-11
1.282181999999999958e-11
1.265580000000000026e-11
6.533794000000000462e-13
inf
1.195111000000000076e-11
inf
1.219424999999999966e-11
9.723086999999999805e-12
6.254825000000000058e-13
7.208175000000000232e-13
5.892920999999999665e-12
7.771430999999999907e-12
inf
inf
inf
4.848971000000000261e-12
3.442175999999999892e-12
3.328593000000000173e-12
2.159599999999999966e-11
inf
8.435965999999999761e-12
9.748820999999999825e-12
2.004793999999999868e-12
inf
inf
1.231518000000000044e-11
1.574895000000000026e-12
1.335184999999999950e-11
inf
inf
4.151417000000000384e-12
inf
1.350543000000000054e-11
7.176487999999999904e-12
inf
3.554912000000000191e-12
inf
2.174093999999999965e-12
8.213491999999999511e-12
inf
inf
inf
inf
1.328876999999999932e-11
inf
5.743244000000000362e-12
8.508803999999999334e-12
1.331694999999999931e-11
inf
8.096934000000000605e-12
3.241771000000000001e-12
1.699141999999999910e-12
inf
6.219952000000000314e-12
6.575696999999999824e-12
inf
inf
inf
2.852265999999999955e-11
1.266341999999999876e-13
inf
inf
inf
inf
inf
8.449449000000000744e-12
6.477210000000000024e-12
8.623171000000000072e-12
8.103343000000000603e-12
1.737731000000000080e-12
5.853032999999999865e-12
1.681038000000000092e-11
8.182635000000000302e-12
inf
inf
4.619771000000000389e-12
inf
1.281651000000000069e-11
9.202402000000000394e-13
inf
inf
inf
inf
1.602432999999999984e-12
inf
7.951626999999999597e-13
inf
inf
7.664570000000000328e-13
inf
6.538787999999999906e-12
1.618056999999999878e-11
1.865976000000000045e-11
1.376430999999999954e-11
3.060792999999999881e-11
3.026255000000000013e-12
1.532237999999999918e-11
inf
inf
inf
inf
5.969722999999999846e-12
inf
2.713756000000000054e-12
inf
inf
inf
inf
2.683030000000000130e-12
inf
inf
7.113977000000000233e-12
8.480217999999999237e-12
inf
2.154234000000000088e-12
1.782130000000000001e-12
2.291277000000000194e-12
1.389585999999999972e-11
1.378358000000000012e-11
1.701680000000000076e-11
inf
inf
inf
1.648096999999999899e-12
inf
inf
inf
1.120185000000000078e-11
inf
inf
inf
inf
5.574470999999999946e-12
inf
4.341722000000000147e-12
inf
3.979625999999999889e-13
inf
1.110902000000000066e-11
inf
5.177800000000000010e-12
1.135252999999999989e-11
1.121088999999999930e-11
4.132619999999999813e-12
1.009628999999999999e-11
1.261598999999999944e-11
7.684992000000000703e-12
inf
2.278691999999999799e-12
inf
inf
inf
2.000613000000000010e-12
4.651705000000000120e-13
8.812729999999999548e-13
inf
inf
inf
2.106571000000000153e-12
inf
inf
2.505882000000000166e-12
1.091614000000000078e-11
6.389103999999999793e-12
5.734919000000000193e-12
1.233870000000000032e-11
7.646258000000000638e-12
1.030392999999999970e-11
1.107579999999999931e-11
2.572122999999999864e-11
9.169805000000000831e-13
1.342331000000000008e-11
1.153128000000000012e-11
9.705367000000000563e-12
inf
4.540104999999999666e-12
1.432775999999999993e-13
1.323110999999999975e-12
inf
1.088072999999999942e-12
inf
9.034786000000000030e-13
1.036793999999999954e-12
1.280623999999999976e-11
7.042935000000000221e-12
7.932282000000000147e-13
9.564117999999999496e-12
1.001758000000000021e-11
1.172406000000000043e-11
1.496840000000000153e-11
1.278962000000000059e-11
inf
1.364183999999999996e-11
1.307651999999999930e-11
8.837969999999999751e-12
1.738031999999999960e-11
1.136559999999999996e-11
inf
1.135287999999999999e-11
1.281136999999999976e-11
inf
1.086318999999999988e-11
1.263326999999999995e-11
9.587153999999999480e-12
1.248541000000000021e-11
7.714100000000000017e-12
8.727009999999999586e-12
1.142690999999999942e-11
2.871035000000000196e-12
1.173926999999999992e-11
1.582605999999999891e-11
1.317039999999999970e-11
1.149239000000000047e-11
inf
2.637412000000000112e-12
1.343816000000000017e-11
3.536803999999999921e-12
1.220691000000000054e-11
inf
2.103952000000000081e-12
1.155643000000000067e-11
1.626993000000000033e-12
4.839969000000000255e-12
inf
1.179844999999999927e-11
1.344661999999999991e-11
1.286622000000000048e-11
3.109072000000000144e-12
4.596739000000000291e-12
inf
7.120169999999999942e-12
1.677573999999999896e-11
inf
inf
inf
5.546560999999999917e-12
inf
1.134133000000000010e-11
