1.106525999999999924e-11
inf
1.061364999999999971e-11
1.182750999999999996e-11
inf
1.230630000000000058e-11
inf
1.503830000000000146e-11
1.014707000000000030e-11
1.054815999999999935e-11
6.632827000000000006e-12
9.014384999999999459e-12
9.368083999999999687e-12
inf
8.457876999999999787e-12
7.356825000000000209e-12
inf
8.870672999999999920e-12
inf
1.531329999999999858e-11
1.027644999999999990e-11
2.058522999999999952e-11
1.563654999999999924e-11
1.540293000000000129e-11
9.160218999999999341e-12
1.825303999999999873e-11
inf
1.195524999999999957e-11
1.593955999999999999e-11
1.495539999999999987e-11
5.041514000000000282e-12
4.714193000000000247e-12
1.244062999999999967e-11
8.817972999999999549e-12
1.964290999999999915e-11
inf
1.739267000000000085e-11
4.065538999999999970e-11
1.520950000000000057e-11
6.797161000000000263e-12
1.732973999999999841e-11
1.355615999999999946e-11
1.352638999999999928e-11
1.187599000000000057e-11
1.050800999999999937e-11
6.740797000000000403e-12
5.465808999999999939e-12
6.772655999999999652e-12
1.038638999999999933e-11
1.041839000000000081e-11
6.859226999999999930e-12
1.443202000000000013e-11
1.346919000000000069e-11
inf
1.469444999999999985e-11
1.329293999999999930e-11
inf
1.092845999999999926e-11
1.343685000000000004e-11
7.757645000000000111e-12
1.185407999999999951e-11
1.497699000000000039e-11
inf
1.953659000000000046e-11
1.278597999999999961e-11
8.881096999999999270e-12
inf
4.618383999999999640e-13
inf
6.264851000000000080e-12
1.477352999999999996e-11
1.260649000000000034e-11
1.121041999999999940e-11
1.309550000000000049e-11
1.113320999999999957e-11
1.254622999999999954e-11
1.089389999999999986e-11
1.206601999999999992e-11
1.766996000000000158e-11
1.185924999999999998e-11
6.785958000000000356e-12
6.644815999999999663e-12
8.380699999999999620e-12
4.167603000000000251e-12
1.525903999999999917e-11
1.981044999999999865e-11
2.628856999999999892e-11
9.709619999999999980e-12
1.221579000000000040e-11
1.398922999999999976e-11
1.040249999999999975e-11
4.768986000000000375e-12
8.542583999999999216e-12
7.945494000000000596e-12
7.798330999999999318e-12
5.534289000000000068e-12
1.315833999999999945e-11
1.392621999999999960e-11
1.041683000000000015e-11
1.219145000000000052e-11
1.036548000000000038e-11
1.021755999999999993e-11
9.675469999999999767e-12
1.001662999999999950e-11
1.654495999999999900e-11
9.159992000000000779e-12
1.621246999999999907e-11
2.276269000000000183e-12
6.740799999999999712e-12
1.019682999999999988e-11
1.505354999999999981e-11
2.397226000000000150e-11
2.052184999999999904e-11
7.082381999999999901e-12
6.875051000000000045e-12
1.695552000000000084e-11
6.642241000000000353e-12
inf
1.860388999999999900e-11
3.444838000000000149e-12
8.885389000000000198e-12
4.174693999999999740e-12
9.976488999999999860e-12
1.734644999999999946e-11
1.289230999999999921e-11
1.083269999999999927e-11
inf
1.822889000000000029e-11
8.093903999999999557e-12
1.569194000000000149e-11
1.426804000000000066e-11
1.329923000000000007e-11
7.035220999999999755e-12
inf
2.265804999999999957e-12
1.043449999999999961e-11
1.284057999999999980e-11
1.293328000000000081e-11
1.121626000000000052e-11
9.260506000000000204e-12
8.658542999999999692e-12
8.411543000000000441e-12
inf
inf
1.043203999999999964e-11
1.177726000000000025e-11
1.222204000000000070e-11
8.848819000000000486e-12
9.847902999999999786e-12
1.161807999999999930e-11
3.025599999999999952e-12
9.002249000000000570e-12
1.215606999999999952e-11
8.551933000000000008e-12
1.045517999999999988e-11
6.336437999999999662e-12
1.684370999999999952e-11
1.439758999999999984e-11
5.469558999999999797e-12
5.683622000000000316e-12
1.760487999999999879e-11
7.430364000000000549e-12
1.395851999999999978e-11
1.050804999999999984e-11
1.632582000000000081e-11
9.998633000000000296e-12
inf
5.274960000000000376e-12
9.382258999999999473e-12
1.301092999999999937e-11
8.258046999999999416e-12
8.533141999999999669e-12
9.879306999999999719e-12
5.336149000000000268e-12
inf
8.263783999999999233e-12
1.277430999999999992e-11
1.570635999999999892e-11
1.874461000000000004e-11
inf
1.006201999999999997e-11
1.337044000000000013e-11
inf
1.285598000000000072e-11
1.270621999999999955e-11
1.059923000000000067e-11
5.700572999999999927e-12
7.613541999999999427e-12
6.598713000000000380e-12
1.163613000000000002e-11
8.573870000000000503e-12
4.830922999999999892e-12
7.604647000000000605e-12
1.322350999999999926e-11
4.684325000000000035e-12
7.786671000000000557e-12
8.062244000000000477e-12
9.760622999999999778e-12
9.070971000000000648e-12
inf
5.876685999999999785e-12
1.486020000000000003e-11
7.022289999999999959e-12
inf
8.378628000000000677e-12
inf
1.698934999999999970e-12
8.853924999999999555e-12
8.356008000000000113e-12
1.045239000000000006e-11
4.898653999999999944e-14
5.173070999999999657e-12
1.106300999999999933e-11
2.003628000000000073e-12
7.429010999999999837e-12
6.199833999999999732e-12
1.040345000000000047e-11
5.683090000000000172e-12
1.002460000000000072e-11
7.389581999999999239e-12
8.637291999999999382e-12
1.396956000000000051e-12
7.646208999999999817e-12
1.093552999999999955e-11
2.021586000000000026e-11
7.500384999999999246e-12
6.815487000000000361e-12
6.330860000000000350e-12
inf
inf
6.707811000000000043e-12
6.255856000000000077e-12
1.300714999999999997e-11
6.969244999999999956e-12
1.352900000000000021e-11
9.070836000000000266e-12
1.103946999999999921e-11
9.898908999999999700e-12
8.238500000000000489e-12
2.058322999999999852e-11
1.110802000000000016e-11
5.139641999999999639e-12
1.002805999999999958e-11
2.024160999999999901e-12
8.955214999999999420e-12
1.326512000000000033e-11
8.985504000000000322e-12
1.170120999999999957e-11
1.103948999999999944e-11
1.205371000000000075e-11
9.338016000000000345e-12
1.114946999999999934e-11
4.740138000000000092e-11
9.294029000000000363e-12
inf
2.507011000000000009e-12
7.162530999999999947e-12
3.861384000000000139e-12
1.531315999999999854e-11
1.473811999999999940e-11
8.505283999999999769e-12
9.960057999999999927e-12
7.343110999999999971e-12
1.007284000000000012e-11
1.139459999999999994e-11
inf
9.313219000000000001e-12
1.301579999999999953e-11
2.200504000000000051e-12
1.132270999999999993e-11
2.131091999999999983e-11
9.607802000000000666e-12
inf
6.348740999999999635e-12
7.382968000000000454e-12
1.438355999999999975e-11
1.820490999999999821e-12
inf
inf
1.358536000000000018e-11
3.768501999999999890e-12
5.731434999999999599e-12
1.040795999999999961e-11
2.124239999999999842e-11
1.893513000000000113e-11
9.960036000000000152e-12
4.291629000000000191e-13
2.058241000000000095e-12
8.443677000000000110e-12
7.276951999999999748e-13
inf
6.171015999999999804e-12
8.774189999999999391e-12
1.276505000000000042e-11
1.297554999999999998e-11
1.282643999999999921e-11
8.277998999999999491e-12
1.064503000000000033e-11
3.568513999999999995e-12
1.027392999999999922e-11
9.785440000000000358e-12
2.356865000000000176e-12
inf
1.745005000000000156e-11
9.097657999999999886e-12
1.354071999999999968e-11
9.425903000000000170e-12
6.711293000000000290e-12
8.183421000000000053e-12
8.528932999999999803e-12
inf
1.164908999999999959e-11
2.184467000000000006e-11
1.229403999999999958e-11
1.177070000000000032e-11
1.379897999999999943e-11
1.569599999999999936e-11
8.516527000000000148e-12
1.148358999999999994e-11
7.819584000000000782e-12
6.803896000000000234e-12
1.224620000000000006e-11
inf
inf
1.064829999999999937e-11
3.793761000000000358e-12
1.624871000000000054e-11
inf
8.419668000000000672e-12
1.246856000000000074e-11
9.128425999999999417e-12
6.317139999999999879e-12
8.148100999999999755e-12
3.822060000000000377e-12
9.198242999999999906e-12
4.945558000000000241e-12
3.221648000000000168e-12
1.490471999999999912e-11
2.261615999999999923e-12
1.278733999999999951e-11
1.303183000000000062e-11
1.500622999999999997e-11
2.986360999999999981e-12
1.288827999999999928e-11
1.106707000000000042e-11
1.295256000000000070e-11
1.222373999999999977e-11
1.156489000000000041e-11
1.149216999999999949e-11
1.777013000000000114e-11
1.259675000000000002e-11
1.244048000000000032e-11
6.650732000000000221e-12
8.078076000000000364e-12
9.288406000000000115e-12
1.243359999999999985e-11
1.128286000000000025e-11
8.099794000000000454e-12
9.287976999999999653e-12
1.210534000000000060e-11
1.648671999999999945e-11
5.961995000000000184e-12
inf
1.497596000000000034e-11
1.736812000000000092e-11
6.706788999999999767e-12
1.569687000000000075e-11
8.844671000000000290e-12
1.767531000000000095e-11
inf
2.003952000000000022e-11
1.966352999999999871e-11
1.123097000000000056e-11
inf
1.225299999999999959e-11
1.731127999999999851e-11
1.224784999999999935e-11
1.620088999999999964e-11
1.130122000000000059e-11
1.292991000000000059e-11
inf
inf
1.431970999999999937e-11
1.645166000000000060e-11
