2.613175000000000000e+09
4.759106000000000000e+09
1.050761000000000000e+09
7.833942000000000000e+08
1.223291000000000000e+09
1.584465000000000000e+09
1.140538000000000000e+08
1.206742000000000000e+10
1.311650000000000000e+10
5.185294000000000000e+09
2.503178000000000000e+09
2.976722000000000000e+08
inf
2.819684000000000000e+09
1.129321000000000000e+09
1.708744000000000000e+09
1.382673000000000000e+09
4.798097000000000000e+07
2.051046000000000000e+08
2.496551000000000000e+09
inf
2.351578000000000000e+09
3.212107000000000000e+09
4.188376000000000000e+09
2.043616000000000000e+09
1.150179000000000000e+09
2.526169000000000000e+09
6.669576000000000000e+08
1.596730000000000000e+09
3.685583000000000000e+09
1.264173000000000000e+09
2.058915000000000000e+09
2.011237000000000000e+09
7.953826000000000000e+08
1.006846000000000000e+09
1.542127000000000000e+09
1.344375000000000000e+09
1.397012000000000000e+09
2.177071000000000000e+09
2.119743000000000000e+09
2.393249000000000000e+09
1.692533000000000000e+09
3.583540000000000000e+09
1.073384000000000000e+08
inf
5.934976000000000000e+08
2.301562000000000000e+09
7.879766000000000000e+08
1.624632000000000000e+09
6.016114000000000000e+08
inf
8.792498000000000000e+07
8.305083000000000000e+08
2.619397000000000000e+09
4.518056000000000000e+09
4.787583000000000000e+09
4.651783000000000000e+08
inf
1.545512000000000000e+09
9.299634000000000000e+08
4.911004000000000000e+08
9.093373000000000000e+08
2.224204000000000000e+09
1.803026000000000000e+09
8.985679000000000000e+08
1.540822000000000000e+09
inf
1.115014000000000000e+10
6.815271000000000000e+07
4.036060000000000000e+07
1.696448000000000000e+09
5.142875000000000000e+08
1.357368000000000000e+09
inf
1.446927000000000000e+09
1.589042000000000000e+09
1.404442000000000000e+09
1.851060000000000000e+09
inf
1.679613000000000000e+09
5.512182000000000000e+07
inf
9.283938000000000000e+09
7.713110000000000000e+08
8.939739000000000000e+09
4.547580000000000000e+07
1.824456000000000000e+09
2.642466000000000000e+09
3.434381000000000000e+09
1.177257000000000000e+09
1.655372000000000000e+08
7.830225000000000000e+09
1.513486000000000000e+09
8.958849000000000000e+08
1.815923000000000000e+09
7.458621000000000000e+09
3.912792000000000000e+09
1.144794000000000000e+09
4.743588000000000000e+07
3.808933000000000000e+09
8.441023000000000000e+09
1.927827000000000000e+09
2.678929000000000000e+09
1.000436000000000000e+09
inf
inf
3.754767000000000000e+09
inf
2.524237000000000000e+09
2.519420000000000000e+09
inf
2.467503000000000000e+09
6.588288000000000000e+07
3.844023000000000000e+07
inf
inf
9.046019000000000000e+08
2.011237000000000000e+09
3.968544000000000000e+08
1.288970000000000000e+08
6.681053000000000000e+09
1.699943000000000000e+09
5.957674000000000000e+07
3.681473000000000000e+09
2.928518000000000000e+09
inf
4.645236000000000000e+09
1.993019000000000000e+09
1.442421000000000000e+10
inf
4.426259000000000000e+08
inf
4.356909000000000000e+08
3.366078000000000000e+09
inf
inf
7.264941000000000000e+07
7.923274000000000000e+08
1.028006000000000000e+08
2.148025000000000000e+09
inf
8.725263000000000000e+08
4.807633000000000000e+08
2.339908000000000000e+09
2.475949000000000000e+09
4.714199000000000000e+08
6.898219000000000000e+07
9.636321000000000000e+09
1.940865000000000000e+09
4.052105000000000000e+09
6.154824000000000000e+07
inf
inf
inf
inf
inf
6.359229000000000000e+09
3.490682000000000000e+09
inf
inf
4.666367000000000000e+07
inf
4.733086000000000000e+09
3.659024000000000000e+09
4.505316000000000000e+07
inf
1.068622000000000000e+09
2.080984000000000000e+09
4.593514000000000000e+09
9.637728000000000000e+08
1.830527000000000000e+09
2.802624000000000000e+09
3.351530000000000000e+07
4.783246000000000000e+09
5.395471000000000000e+07
1.106231000000000000e+09
2.052512000000000000e+09
2.091534000000000000e+09
1.595186000000000000e+09
1.994224000000000000e+10
4.421219000000000000e+09
2.786357000000000000e+09
inf
inf
6.605834000000000000e+09
1.668996000000000000e+09
3.034983000000000000e+07
1.145084000000000000e+08
2.507933000000000000e+09
3.854754000000000000e+08
4.533572000000000000e+09
inf
1.604882000000000000e+09
8.022582000000000000e+08
inf
1.726623000000000000e+09
inf
inf
inf
1.075986000000000000e+08
2.781221000000000000e+09
4.234047000000000000e+09
8.435629000000000000e+08
inf
inf
5.423895000000000000e+09
inf
1.674500000000000000e+09
3.720902000000000000e+09
4.939563000000000000e+07
6.760426000000000000e+08
1.585607000000000000e+09
2.913010000000000000e+09
6.985797000000000000e+08
1.186995000000000000e+09
1.192786000000000000e+09
6.188502000000000000e+07
inf
1.244275000000000000e+09
1.161705000000000000e+08
1.845884000000000000e+09
inf
inf
4.185142000000000000e+07
5.663348000000000000e+07
1.663109000000000000e+09
7.778553000000000000e+08
1.510499000000000000e+09
5.189371000000000000e+09
7.648760000000000000e+09
1.917188000000000000e+09
inf
inf
inf
inf
2.785181000000000000e+09
inf
5.804502000000000000e+08
5.627348000000000000e+09
2.167421000000000000e+09
2.842756000000000000e+09
inf
1.372324000000000000e+09
inf
2.929818000000000000e+09
1.710349000000000000e+09
3.342833000000000000e+07
1.078553000000000000e+08
2.252476000000000000e+09
4.571247000000000000e+09
1.312041000000000000e+08
1.005902000000000000e+08
inf
1.223322000000000000e+08
inf
3.708568000000000000e+08
3.533220000000000000e+07
9.724373000000000000e+07
1.801550000000000000e+09
7.924226000000000000e+09
6.650761000000000000e+08
2.591889000000000000e+07
1.663948000000000000e+09
4.571247000000000000e+09
4.207062000000000000e+09
inf
1.581807000000000000e+09
1.563819000000000000e+09
1.308790000000000000e+09
inf
8.818237000000000000e+07
inf
1.094984000000000000e+08
inf
3.235726000000000000e+09
1.646105000000000000e+09
inf
inf
inf
9.425385000000000000e+07
7.758405000000000000e+07
inf
1.833508000000000000e+08
2.952093000000000000e+09
8.251100000000000000e+11
inf
1.334050000000000000e+09
2.910441000000000000e+09
4.839355000000000000e+09
3.292209000000000000e+09
inf
1.735749000000000000e+08
1.329750000000000000e+09
1.104011000000000000e+09
inf
2.074036000000000000e+09
1.090764000000000000e+08
8.206261000000000000e+07
1.197745000000000000e+08
2.124262000000000000e+09
1.791350000000000000e+08
inf
inf
3.019616000000000000e+09
inf
inf
3.499936000000000000e+09
1.679186000000000000e+09
inf
1.577271000000000000e+09
4.570495000000000000e+08
inf
1.120693000000000000e+10
1.411349000000000000e+09
1.570143000000000000e+09
9.269597000000000000e+08
8.949132000000000000e+08
1.392297000000000000e+09
inf
1.972767000000000000e+09
inf
inf
8.640970000000000000e+07
1.123805000000000000e+08
7.415157000000000000e+08
inf
inf
inf
1.467555000000000000e+09
inf
1.238671000000000000e+09
inf
4.668232000000000000e+08
7.024454000000000000e+08
inf
8.045929000000000000e+08
3.935537000000000000e+09
1.190635000000000000e+09
1.269400000000000000e+11
3.225606000000000000e+08
2.615246000000000000e+09
inf
inf
3.842060000000000000e+07
inf
1.154580000000000000e+09
1.508441000000000000e+08
inf
1.166439000000000000e+09
1.954079000000000000e+09
2.768826000000000000e+09
1.445778000000000000e+09
inf
2.751513000000000000e+09
1.506019000000000000e+09
1.947737000000000000e+09
8.358004000000000000e+07
1.454900000000000000e+09
5.456473000000000000e+07
3.669194000000000000e+09
1.314654000000000000e+09
7.642627000000000000e+07
1.772988000000000000e+08
1.642419000000000000e+09
1.426600000000000000e+09
2.063420000000000000e+09
1.005446000000000000e+08
5.324680000000000000e+07
1.437161000000000000e+09
inf
1.749041000000000000e+09
1.097586000000000000e+08
2.020471000000000000e+09
1.751361000000000000e+09
3.884013000000000000e+08
3.984454000000000000e+07
3.349000000000000000e+09
5.558870000000000000e+08
2.378695000000000000e+09
9.204964000000000000e+08
4.867906000000000000e+09
4.825205000000000000e+09
6.414849000000000000e+08
1.375183000000000000e+11
