2.302518000000000000e+08
inf
4.116704000000000000e+10
1.806662000000000000e+08
inf
1.639585000000000000e+08
inf
1.216992000000000000e+08
1.314375000000000000e+08
inf
inf
1.610575000000000000e+08
2.171034000000000000e+08
1.797828000000000000e+08
inf
inf
inf
5.324866000000000000e+07
inf
inf
1.825741000000000000e+08
1.382517000000000000e+08
inf
inf
inf
inf
inf
7.286202000000000000e+08
1.807163000000000000e+08
1.850672000000000000e+08
2.695391000000000000e+08
6.830401000000000000e+08
4.714149000000000000e+08
1.779872000000000000e+08
3.845646000000000000e+08
5.996656000000000000e+08
2.740131000000000000e+08
1.380489000000000000e+08
2.168871000000000000e+08
1.488862000000000000e+08
inf
3.191031000000000000e+08
6.883815000000000000e+07
3.365039000000000000e+08
inf
inf
5.276135000000000000e+08
2.226271000000000000e+07
inf
inf
inf
4.316547000000000000e+08
2.103168000000000000e+08
1.308006000000000000e+08
9.902656000000000000e+07
inf
inf
7.223150000000000000e+07
inf
1.194113000000000000e+09
inf
inf
5.360068000000000000e+07
inf
inf
inf
inf
inf
2.049099000000000000e+08
5.079999000000000000e+08
2.040316000000000000e+08
inf
inf
6.026282000000000000e+08
2.675424000000000000e+08
inf
5.823872000000000000e+08
5.011890000000000000e+07
inf
inf
2.235972000000000000e+08
6.323814000000000000e+07
3.259727000000000000e+08
3.272473000000000000e+07
8.520647000000000000e+07
inf
inf
inf
inf
inf
1.813732000000000000e+08
inf
inf
inf
2.311264000000000000e+08
8.800858000000000000e+07
inf
1.274768000000000000e+09
2.396818000000000000e+08
2.497527000000000000e+08
inf
inf
inf
2.928477000000000000e+07
inf
1.285287000000000000e+08
4.960683000000000000e+07
6.143919000000000000e+07
inf
inf
inf
inf
inf
5.169887000000000000e+07
inf
inf
2.723026000000000000e+08
inf
inf
4.562590000000000000e+08
inf
4.178301000000000000e+08
1.067368000000000000e+09
2.202919000000000000e+10
7.385806000000000000e+07
inf
6.577469000000000000e+07
4.582071000000000000e+10
4.296664000000000000e+07
3.719027000000000000e+07
inf
inf
inf
1.653041000000000000e+08
inf
inf
inf
1.122760000000000000e+08
inf
3.795968000000000000e+07
inf
1.429846000000000000e+08
1.819839000000000000e+08
5.862163000000000000e+08
inf
inf
inf
5.227561000000000000e+10
inf
6.847452000000000000e+07
inf
3.971161000000000000e+07
inf
inf
inf
inf
inf
5.730703000000000000e+07
inf
inf
inf
inf
1.586093000000000000e+08
inf
inf
2.499801000000000000e+08
7.327450000000000000e+07
1.627643000000000000e+08
1.554243000000000000e+08
inf
inf
inf
4.771871000000000000e+07
6.285037000000000000e+07
inf
1.061665000000000000e+08
inf
inf
inf
9.829468000000000000e+08
4.156450000000000000e+08
inf
inf
inf
1.372464000000000000e+08
inf
2.195310000000000000e+08
1.889832000000000000e+08
7.727725000000000000e+08
inf
inf
4.980135000000000000e+08
5.314164000000000000e+07
2.062324000000000000e+08
5.185582000000000000e+08
1.137412000000000000e+08
inf
inf
inf
inf
inf
inf
inf
inf
inf
inf
inf
inf
inf
inf
inf
inf
inf
inf
inf
4.212809000000000000e+08
inf
1.921862000000000000e+08
1.261100000000000000e+09
inf
inf
inf
4.323985000000000000e+08
inf
inf
inf
6.400115000000000000e+07
8.051581000000000000e+07
inf
inf
inf
6.983901000000000000e+07
inf
5.825070000000000000e+07
1.539710000000000000e+08
inf
inf
inf
inf
1.503407000000000000e+08
9.649114000000000000e+09
3.594811000000000000e+08
2.092486000000000000e+08
inf
inf
inf
inf
inf
7.917928000000000000e+07
inf
5.839873000000000000e+07
7.344782000000000000e+07
9.726772000000000000e+07
inf
inf
3.635059000000000000e+08
inf
inf
2.745842000000000000e+08
5.985213000000000000e+08
inf
inf
inf
2.027122000000000000e+08
inf
inf
2.774060000000000000e+08
inf
3.858218000000000000e+07
inf
7.184475000000000000e+08
2.095710000000000000e+07
inf
inf
inf
inf
inf
inf
inf
inf
inf
inf
inf
inf
inf
1.187873000000000000e+08
inf
inf
inf
inf
inf
inf
3.308396000000000000e+08
inf
inf
inf
inf
inf
inf
inf
inf
inf
2.317719000000000000e+08
inf
inf
inf
5.086673000000000000e+07
inf
1.864858000000000000e+08
inf
inf
1.224276000000000000e+08
4.653381000000000000e+07
5.559592000000000000e+09
2.841724000000000000e+08
4.085552000000000000e+08
inf
inf
3.920904000000000000e+08
5.845749000000000000e+07
inf
inf
9.749917000000000000e+07
9.349638000000000000e+07
inf
inf
inf
4.217425000000000000e+07
3.958369000000000000e+09
inf
4.522880000000000000e+08
inf
inf
1.595158000000000000e+08
inf
3.339873000000000000e+07
inf
inf
inf
4.545705000000000000e+08
inf
inf
1.088176000000000000e+09
1.762742000000000000e+08
2.002821000000000000e+08
1.889534000000000000e+08
1.732711000000000000e+08
inf
inf
inf
inf
inf
inf
inf
5.142711000000000000e+07
1.053529000000000000e+08
inf
inf
inf
inf
inf
inf
inf
inf
inf
inf
inf
6.818717000000000000e+07
5.428233000000000000e+07
inf
inf
inf
inf
inf
3.926575000000000000e+07
inf
4.257831000000000000e+07
inf
1.174712000000000000e+08
inf
inf
inf
inf
5.074613000000000000e+07
