4.870636000000000000e+06
inf
4.733463000000000000e+06
9.191580000000000000e+06
4.733463000000000000e+06
4.939222000000000000e+06
6.105192000000000000e+06
inf
4.870636000000000000e+06
5.830846000000000000e+06
8.985821000000000000e+06
5.282154000000000000e+06
4.253358000000000000e+06
inf
4.802050000000000000e+06
4.939222000000000000e+06
4.596290000000000000e+06
inf
4.733463000000000000e+06
7.957024000000000000e+06
6.036605000000000000e+06
6.516710000000000000e+06
1.241514000000000000e+07
4.733463000000000000e+06
inf
5.007808000000000000e+06
6.791056000000000000e+06
8.505716000000000000e+06
6.996815000000000000e+06
9.191580000000000000e+06
4.047599000000000000e+06
8.642889000000000000e+06
4.802050000000000000e+06
5.213568000000000000e+06
4.939222000000000000e+06
5.007808000000000000e+06
6.448124000000000000e+06
inf
3.087389000000000000e+06
6.722469000000000000e+06
5.625086000000000000e+06
5.693673000000000000e+06
1.035755000000000000e+07
5.693673000000000000e+06
5.076395000000000000e+06
8.780062000000000000e+06
5.282154000000000000e+06
1.145493000000000000e+07
8.711475000000000000e+06
4.939222000000000000e+06
6.105192000000000000e+06
4.664876000000000000e+06
6.928228000000000000e+06
5.144982000000000000e+06
6.379537000000000000e+06
8.437130000000000000e+06
6.310950000000000000e+06
3.979012000000000000e+06
5.693673000000000000e+06
9.465926000000000000e+06
5.144982000000000000e+06
5.350740000000000000e+06
6.516710000000000000e+06
6.242364000000000000e+06
6.791056000000000000e+06
6.173778000000000000e+06
5.350740000000000000e+06
6.173778000000000000e+06
4.939222000000000000e+06
4.527704000000000000e+06
8.574302000000000000e+06
4.733463000000000000e+06
6.859642000000000000e+06
6.173778000000000000e+06
6.791056000000000000e+06
4.939222000000000000e+06
6.928228000000000000e+06
4.664876000000000000e+06
2.195766000000000000e+06
5.487914000000000000e+06
6.928228000000000000e+06
7.682679000000000000e+06
1.330677000000000000e+07
8.711475000000000000e+06
5.830846000000000000e+06
6.516710000000000000e+06
6.516710000000000000e+06
5.625086000000000000e+06
9.946031000000000000e+06
3.155975000000000000e+06
9.877444000000000000e+06
3.979012000000000000e+06
1.015179000000000000e+07
6.173778000000000000e+06
4.802050000000000000e+06
5.350740000000000000e+06
inf
6.105192000000000000e+06
7.133988000000000000e+06
8.025611000000000000e+06
7.408334000000000000e+06
3.127641000000000000e+07
inf
1.076907000000000000e+07
1.159211000000000000e+07
8.162784000000000000e+06
1.104341000000000000e+07
1.268949000000000000e+07
7.476920000000000000e+06
1.234656000000000000e+07
6.653882000000000000e+06
1.022038000000000000e+07
1.179786000000000000e+07
6.791056000000000000e+06
7.888438000000000000e+06
6.379537000000000000e+06
6.173778000000000000e+06
9.603099000000000000e+06
1.234656000000000000e+07
6.585296000000000000e+06
9.191580000000000000e+06
1.104341000000000000e+07
7.408334000000000000e+06
inf
7.957024000000000000e+06
inf
9.054407000000000000e+06
inf
6.996815000000000000e+06
1.172928000000000000e+07
9.465926000000000000e+06
5.899432000000000000e+06
9.054407000000000000e+06
5.213568000000000000e+06
5.213568000000000000e+06
1.337535000000000000e+07
2.401525000000000000e+06
7.888438000000000000e+06
1.241514000000000000e+07
1.378687000000000000e+07
inf
5.968018000000000000e+06
1.563870000000000000e+07
6.379537000000000000e+06
6.653882000000000000e+06
inf
inf
3.636080000000000000e+06
7.614092000000000000e+06
4.184772000000000000e+06
9.946031000000000000e+06
1.090624000000000000e+07
7.065401000000000000e+06
2.448635000000000000e+07
inf
1.728478000000000000e+07
9.603099000000000000e+06
1.063190000000000000e+07
5.693673000000000000e+06
8.780062000000000000e+06
5.625086000000000000e+06
5.830846000000000000e+06
6.310950000000000000e+06
1.145493000000000000e+07
1.255232000000000000e+07
inf
7.065401000000000000e+06
2.058593000000000000e+06
8.574302000000000000e+06
5.762260000000000000e+06
6.996815000000000000e+06
1.282666000000000000e+07
inf
2.510363000000000000e+07
6.036605000000000000e+06
9.122994000000000000e+06
inf
5.625086000000000000e+06
1.460991000000000000e+07
6.310950000000000000e+06
6.173778000000000000e+06
1.412980000000000000e+07
1.906802000000000000e+07
6.036605000000000000e+06
inf
2.607284000000000000e+06
5.762260000000000000e+06
6.722469000000000000e+06
2.537798000000000000e+07
5.556500000000000000e+06
inf
inf
inf
9.054407000000000000e+06
inf
6.722469000000000000e+06
5.350740000000000000e+06
8.368543000000000000e+06
8.917235000000000000e+06
7.476920000000000000e+06
1.310101000000000000e+07
inf
1.008320000000000000e+07
1.817640000000000000e+07
inf
inf
inf
1.186645000000000000e+07
inf
2.813043000000000000e+06
inf
3.636080000000000000e+06
inf
inf
9.740272000000000000e+06
1.090624000000000000e+07
1.186645000000000000e+07
5.144982000000000000e+06
1.200362000000000000e+07
1.728478000000000000e+07
inf
9.946031000000000000e+06
8.574302000000000000e+06
1.138635000000000000e+07
6.996815000000000000e+06
6.653882000000000000e+06
7.339747000000000000e+06
1.282666000000000000e+07
7.682679000000000000e+06
1.255232000000000000e+07
1.728478000000000000e+07
9.122994000000000000e+06
inf
8.780062000000000000e+06
5.350740000000000000e+06
8.299957000000000000e+06
6.105192000000000000e+06
7.133988000000000000e+06
7.614092000000000000e+06
7.133988000000000000e+06
6.448124000000000000e+06
6.722469000000000000e+06
1.083765000000000000e+07
7.957024000000000000e+06
3.910426000000000000e+06
1.817640000000000000e+07
6.105192000000000000e+06
5.282154000000000000e+06
6.722469000000000000e+06
3.107065000000000000e+07
inf
6.859642000000000000e+06
6.516710000000000000e+06
5.693673000000000000e+06
inf
1.138635000000000000e+07
4.253358000000000000e+06
6.585296000000000000e+06
6.310950000000000000e+06
6.996815000000000000e+06
inf
6.036605000000000000e+06
6.996815000000000000e+06
9.603099000000000000e+06
7.202574000000000000e+06
6.516710000000000000e+06
7.408334000000000000e+06
5.144982000000000000e+06
inf
5.282154000000000000e+06
7.202574000000000000e+06
1.687326000000000000e+07
1.220938000000000000e+07
2.753457000000000116e+05
3.841840000000000000e+06
2.236017000000000000e+07
inf
inf
8.780062000000000000e+06
inf
4.184772000000000000e+06
1.488425000000000000e+07
8.299957000000000000e+06
inf
2.085127000000000000e+07
6.379537000000000000e+06
6.173778000000000000e+06
7.476920000000000000e+06
inf
3.636080000000000000e+06
2.448635000000000000e+07
6.859642000000000000e+06
5.968018000000000000e+06
8.437130000000000000e+06
2.675870000000000000e+06
4.596290000000000000e+06
8.505716000000000000e+06
inf
6.859642000000000000e+06
7.408334000000000000e+06
3.498908000000000000e+06
1.124917000000000000e+07
8.711475000000000000e+06
inf
7.271160000000000000e+06
1.035755000000000000e+07
inf
inf
4.101568000000000000e+07
inf
1.419839000000000000e+07
1.008320000000000000e+07
inf
7.408334000000000000e+06
4.939222000000000000e+06
5.144982000000000000e+06
8.025611000000000000e+06
6.585296000000000000e+06
5.144982000000000000e+06
6.448124000000000000e+06
3.361734000000000000e+06
6.242364000000000000e+06
5.762260000000000000e+06
5.556500000000000000e+06
5.830846000000000000e+06
7.339747000000000000e+06
7.202574000000000000e+06
5.830846000000000000e+06
9.328753000000000000e+06
inf
1.145493000000000000e+07
6.791056000000000000e+06
1.296383000000000000e+07
9.603099000000000000e+06
6.928228000000000000e+06
inf
inf
inf
2.607284000000000000e+06
4.596290000000000000e+06
8.094198000000000000e+06
4.116185000000000000e+06
5.487914000000000000e+06
6.242364000000000000e+06
2.058593000000000000e+06
5.968018000000000000e+06
5.487914000000000000e+06
7.065401000000000000e+06
inf
7.957024000000000000e+06
3.018802000000000000e+06
3.224562000000000000e+06
6.036605000000000000e+06
inf
4.870636000000000000e+06
7.133988000000000000e+06
5.899432000000000000e+06
7.133988000000000000e+06
9.397340000000000000e+06
6.242364000000000000e+06
3.636080000000000000e+06
8.094198000000000000e+06
5.213568000000000000e+06
4.664876000000000000e+06
4.390531000000000000e+06
inf
4.802050000000000000e+06
5.350740000000000000e+06
5.762260000000000000e+06
8.094198000000000000e+06
4.459118000000000000e+06
9.740272000000000000e+06
4.733463000000000000e+06
7.408334000000000000e+06
inf
4.527704000000000000e+06
6.653882000000000000e+06
3.430321000000000000e+06
5.144982000000000000e+06
inf
5.487914000000000000e+06
2.127179000000000000e+06
6.310950000000000000e+06
6.379537000000000000e+06
