inf
inf
-8.278342169134725737e+01
inf
inf
-8.869058931919154531e+01
inf
inf
inf
inf
-8.613221806745897879e+01
inf
inf
-8.276887960982045911e+01
inf
inf
inf
inf
inf
inf
-8.709168788724144861e+01
-7.672126774237274560e+01
inf
inf
inf
-8.821618500328386858e+01
-7.850673950410583757e+01
inf
-9.561788736268488265e+01
-9.284177618434405588e+01
-7.980886015922537524e+01
-9.209912017792274241e+01
-8.749557405187634629e+01
inf
-9.355410015157366388e+01
inf
inf
-9.019178060197756963e+01
-8.822913268103704354e+01
-9.152360584331444215e+01
inf
-8.932019505731545905e+01
inf
-9.225569087938275459e+01
-1.013313452684119511e+02
inf
-9.091570626670116440e+01
inf
inf
-8.733255090801708320e+01
-8.947287186467849551e+01
inf
-8.275296052754522691e+01
-9.310678624559525929e+01
inf
-8.730185224780422004e+01
-9.144725795302313998e+01
-8.845678094538588709e+01
-8.640120975147998195e+01
inf
-8.291212217744744351e+01
-9.340221942973083458e+01
-8.315232895462131069e+01
-9.013576225507506479e+01
-9.270808946368703118e+01
-9.262653217656227866e+01
-9.065704244648318877e+01
-8.686791709822172436e+01
-8.740446657330750213e+01
inf
-9.015087086365110736e+01
inf
inf
-9.037691494709311257e+01
-9.932313206940202122e+01
-8.784828738300575424e+01
inf
inf
inf
-9.160232324960455230e+01
-9.014301730661458123e+01
inf
-8.858771962657432653e+01
-8.736674521564862061e+01
-9.111803405108798870e+01
-8.831526987294654418e+01
inf
-9.687516529868163673e+01
inf
inf
inf
-8.904653298439293962e+01
inf
-8.800232080159446468e+01
-9.218603806251296362e+01
-9.282734127696463133e+01
inf
inf
-8.474528594287589556e+01
-9.142291020292665849e+01
inf
-9.255453486599243718e+01
-8.967949381808084297e+01
inf
inf
inf
-8.807040576427795031e+01
-8.767346988465688185e+01
inf
inf
inf
inf
inf
inf
inf
inf
inf
-9.134572967941170418e+01
-9.095925382759484989e+01
-9.267742431815926807e+01
-9.053121629352889954e+01
-8.549050907185345238e+01
-9.205305311647755673e+01
-9.257474944506074621e+01
inf
-8.481746948377585227e+01
-9.000804306126185850e+01
-8.999333252412540674e+01
-9.035326649514108510e+01
-8.833067297609424884e+01
-8.002250472321951236e+01
-9.151564184853347683e+01
inf
-9.102868937990149334e+01
inf
-8.880401292147782044e+01
-7.461421002195066876e+01
inf
inf
-8.773792234821422653e+01
inf
-9.016869718237042264e+01
-9.223449929543541259e+01
-9.033830766068192020e+01
inf
inf
-9.162021901374389188e+01
inf
inf
inf
inf
inf
inf
-9.076543735080402087e+01
inf
inf
inf
-8.000610510898454208e+01
-8.796342450489296994e+01
-8.469363641659214181e+01
inf
inf
-8.712755215440377299e+01
inf
inf
inf
-8.863520693953492469e+01
inf
inf
inf
inf
inf
-9.028547393611187033e+01
inf
-8.085792806938837884e+01
inf
-7.882305734543396625e+01
-8.620156866328707679e+01
inf
inf
inf
inf
inf
-9.185097053261578992e+01
inf
-8.178463790655078469e+01
inf
inf
-9.034833124316116937e+01
inf
-9.244180146766242956e+01
-9.297493223952157848e+01
inf
-9.272149369424921872e+01
-9.171618365050730404e+01
-9.287400879307747914e+01
inf
-8.521639496590549356e+01
-9.191971285603547415e+01
inf
-9.225286516683343052e+01
inf
inf
inf
-9.180408002712182736e+01
-9.263210338500196883e+01
inf
inf
inf
inf
-9.257997168273024613e+01
-9.049013683466343139e+01
-9.153713183314170010e+01
-8.606124458495278873e+01
inf
inf
-8.966256478974172239e+01
inf
-9.340928152178899779e+01
-8.881093768309291647e+01
-8.234814140364167656e+01
-8.793223706180452837e+01
-9.348710439983091192e+01
-9.241493743565342811e+01
inf
inf
inf
inf
inf
-9.298413869484537031e+01
inf
inf
-7.566724693182430883e+01
inf
-8.540793768943007080e+01
-9.342603250417617744e+01
inf
-7.968844526370718029e+01
-8.698310576786983006e+01
inf
inf
-8.509311398596085496e+01
inf
inf
inf
-9.230586882723852682e+01
-8.945181264578883429e+01
inf
-9.405656475002858485e+01
inf
inf
-8.640312823025178091e+01
-8.727802608897295045e+01
-8.394391377565075629e+01
inf
inf
inf
-9.302763910304982176e+01
inf
inf
inf
inf
inf
inf
inf
inf
-9.232285816420620961e+01
inf
inf
-7.428815373436833625e+01
inf
inf
inf
inf
inf
inf
inf
inf
inf
-8.665317763971009413e+01
inf
inf
inf
inf
inf
inf
-9.204054214559187130e+01
-9.123184877057461506e+01
inf
inf
inf
-9.511936510192137462e+01
inf
-8.629774731884198502e+01
inf
inf
inf
inf
-9.505248939889709447e+01
inf
inf
inf
inf
-8.417380265428369057e+01
-9.201710385100892609e+01
inf
inf
inf
-9.186223351570252760e+01
-8.207755287192672711e+01
inf
inf
inf
-8.543809109661044943e+01
inf
inf
inf
-9.383299731326791004e+01
inf
-9.064602302718519411e+01
inf
inf
-9.063227096444468600e+01
inf
inf
inf
inf
inf
inf
inf
inf
-8.826426469344455938e+01
-9.385241822806096934e+01
inf
-9.133088133451850865e+01
-8.825046198120378449e+01
-9.087798285156003431e+01
inf
inf
inf
inf
inf
inf
-9.110761176088492164e+01
inf
-9.195773839631152669e+01
-9.621502973238479228e+01
inf
inf
-9.066547735848054401e+01
inf
inf
-7.854252733941385145e+01
inf
-8.046253845763094148e+01
-8.847601459007150027e+01
inf
inf
inf
inf
inf
inf
inf
inf
inf
inf
inf
inf
-7.851905920229368974e+01
inf
-9.113606989906068634e+01
inf
inf
inf
inf
-8.597244352090756081e+01
-8.764466888167812897e+01
-9.100839028477375336e+01
inf
inf
inf
inf
inf
-9.701775191349193506e+01
