1.580956055769269675e+00
1.506807088415240248e+00
5.005875390497508404e-01
1.097449855266958263e+00
9.477158633350503125e-01
1.011209417695208224e+00
5.986244509758450461e-01
1.722267614785606138e-01
8.839596548506915008e-01
inf
9.562496022360901238e-01
6.878666499670448298e-01
1.143534033439481679e+00
7.402916291155685613e-01
9.498014154854292901e-01
8.999692357644601959e-01
4.187611188413861707e-01
2.206083231926770249e+00
6.460189596112713151e-01
7.979638104319157765e-01
4.814098677722079000e-01
1.646322770858476447e+00
5.414495764021227675e-01
9.628153953110206720e-01
5.850862829620815386e-01
1.287938078753990911e+00
9.444290465867763995e-01
4.347737799207911369e-01
1.949524475502789400e+00
7.075820901630625048e-01
5.002300998284888722e-01
5.835043378931280555e-01
6.803615463807762831e-01
2.379308807116447433e+00
7.296401363325050182e-01
9.804301625435390966e-01
5.418952203665868828e-01
3.644192966147985491e-01
7.643310618338943208e-01
5.450591105044935158e-01
6.785193273156120419e-01
3.600660425189522451e-01
8.549323139080509115e-01
8.084793559044249900e-01
7.352080957490205737e-01
4.285553455250425414e-01
1.324481583877682001e+00
9.669030551245576532e-01
5.751706697508757182e-01
1.264386012243739144e+00
3.135808827836815138e-01
1.077267769977142242e+00
5.950332578597595790e-01
6.267728246520999358e-01
9.406503833895044631e-01
2.060195386821062069e-01
4.521914165526297325e-01
6.058758609197605338e-01
5.839854037624016003e-01
1.206647467358696879e+01
5.905210952186202844e-01
1.097111037047038939e+00
7.340449131989837950e-01
7.391217262041450686e-01
1.296418334778993930e+00
6.676623034801353329e-01
9.159303740732334109e-01
1.005428926849834648e+00
6.846431166218294173e-01
6.245846469830431680e-01
4.596403771198120936e-01
inf
1.383301266900829773e+00
4.104214303753914717e-01
6.562845916447074268e-01
4.910110240735219844e-01
6.774425294109021056e-01
6.758435034234240302e-01
1.415356130648236954e+00
5.591963707343869938e-01
7.161576913152410961e-01
5.587651475453990768e-01
inf
inf
9.150292856172825839e-01
2.416166909157559051e+00
4.598048859662605681e-01
2.953916142574074044e+01
5.207018606955827744e-01
7.071911891423950935e-01
1.005370683717815350e+00
1.984943020131830771e+00
1.412357449394422426e+00
6.442685854850604965e-01
1.048193666519851908e+00
6.622718736102551906e-01
6.161494733823439374e-01
7.519062336898815202e-01
3.286351923278189591e-01
4.585163966778651456e-01
5.049540938608417795e-01
4.550948926867970368e-01
2.825099079448125661e+00
8.029484984830662642e-01
1.093310672682788143e+00
5.341301227991659406e-01
2.673860776622034408e+01
8.196333357086825755e-01
4.220595562145584845e-01
6.351340742775442028e-01
4.219290691976309571e-01
3.967062928451079995e-01
2.508964487338954896e+01
1.017643883708037267e+00
6.695314039908464299e-01
inf
1.206842077823856885e+00
1.200490356260603075e+00
1.578714255216647100e+00
9.780644553278469155e-01
5.970122642806511282e-01
5.666727727772323808e-01
3.596328592245597866e-01
8.030509839942151507e-01
1.242487854672291503e+00
1.638358302569912495e-01
1.805551723381033469e+01
9.763773646046955967e-01
9.923599240653888653e-01
9.050001263001455909e-01
8.136796555500692696e-01
5.116191522737564279e-01
6.706647649372291520e-01
1.264560321617210326e+00
1.527239927189300850e-01
5.741855767775899677e-01
8.948529406361517280e-01
9.528881614749165063e-01
2.915359973219543432e-01
4.600868611294496313e-01
9.037725402868184155e-01
8.323248781952349296e-01
inf
1.178016347722820600e-01
4.765418059926250782e-01
1.187446274816299940e+00
5.853385765291453380e-01
1.168422331805480940e+00
2.618751503125824609e+00
1.621189179301857797e+00
7.374854582139817039e-01
1.353624851054245237e+00
1.269703078168479493e+00
1.428122997185332421e+00
2.072855707628670885e+00
7.282172398163733185e-01
4.887725837015930441e-01
1.001540077727323563e+00
8.579273549661137199e-01
inf
1.122436858940826454e+00
1.153235295123953064e+00
inf
6.824592791861688879e-01
4.589295588956262550e-01
8.794578527666905288e-01
6.526012735746108406e-01
inf
5.052387291670795699e-01
5.832969867428385857e-01
1.012216491850530087e+00
1.425126696059510145e+00
3.058563271964014163e+01
9.330245933133307634e-01
8.807079799921694319e-01
5.333326399145956742e-01
inf
1.103274588491461650e+00
7.202379307297470667e-01
1.034943774008077355e+00
4.590930876893724588e-01
inf
inf
1.318547364765585206e+00
1.119217525821478487e+00
8.847981599412266807e-01
1.177469058292381465e+00
2.099094938640951646e+00
5.324228709918539248e-01
1.444068874673456238e+00
7.326878202214314184e-01
7.896204817701699685e-01
9.709848346218824533e-01
9.829378373935278024e-01
6.808167108572049653e-01
1.241874621695742809e+00
2.819939241978329791e-01
3.516510300024133784e-01
3.220637135471402956e+01
inf
5.902601211847651186e-01
9.187099435443305540e-01
6.665895657937627172e-01
1.652345754743891115e+00
1.107411530955169532e+00
1.679258001947556922e+00
8.829752619150497139e-01
1.758864742792864533e+00
1.003528464652651220e+00
6.986449895712842917e-01
1.201174013024183695e+00
9.385532106142273623e-01
6.277453169477853478e-01
1.142384011597161075e+00
9.439475606949160325e-01
7.983614318139699018e-01
4.410015948209757286e-01
4.791739475357989497e-01
1.050002423785610484e+00
5.571924429733525752e-01
1.259055085573638433e+00
7.297433218812988676e-01
3.719508196217688134e+00
1.226522096115065130e+00
1.818177546333523154e+01
1.205850544504242228e+00
5.907745088459150917e-01
5.076425184306305738e-01
9.215166744760331374e-01
1.344996747078732291e+00
8.945853862484386410e-01
7.784230996319557727e-01
5.883878005008894574e-01
3.098942045328910155e-01
4.326145838102150032e-01
9.179740639724727203e-01
4.442199478876214247e-01
1.297965978003368548e+00
6.477432923371079232e-01
8.304323964271989045e-01
6.471226389615287733e-01
4.556405020268899375e-01
4.403875217992542224e-01
8.995865951879981059e-01
7.198895919978633984e-01
inf
9.714003769676340383e-01
4.954400222424988343e-01
8.634775334264597202e-01
1.653754930522191857e-01
7.504754967521319875e-01
4.749803020228899331e-01
5.211078825293699035e-01
8.631133738438107050e-01
1.150190411385605183e+00
1.279118164463896035e+00
1.023813035453615905e+00
8.115323600794489556e-01
6.599974513034009282e-01
8.399834300331688874e-01
3.208072313799251174e-01
1.992952710852227582e+00
8.644510057748470144e-01
1.134292976502478290e+00
1.288703079891858616e+00
inf
3.749319019292010058e-01
4.856705768914564292e-01
1.427300452953090382e+00
6.620949040937353924e-01
9.766963017555120308e-01
-2.030733602516268943e-01
6.123285279113457324e-01
5.347646229193523482e+01
6.779206551220691157e-01
8.414927111946273186e-01
1.363954466528385590e+00
4.850225940462374652e+00
6.339910528116678989e-01
1.295533767211451970e+00
2.284005962214562313e+00
7.710444228442768777e-01
5.775786592402930575e-01
9.373999685987417507e-01
2.556256580466996198e+01
7.536444271610790446e-01
7.674533697357198703e-01
6.083229125097390444e+00
1.219675447937176971e+00
3.440042219960024994e+01
9.970022937083975467e-01
1.083429781338747233e+00
1.134897108989648684e+00
5.149448911150626973e-01
inf
7.784851229672549167e-01
7.086061052293801676e-01
5.351625383172169403e-01
6.310865966247988235e-01
3.242989491467330510e+00
5.236176574922926097e-01
4.925957692930532095e-01
5.039167780792793705e-01
5.821354842831487630e-01
2.570825245895665745e+00
inf
1.666427711999872718e+00
1.015846747067176814e+00
inf
9.814604779486567621e-01
5.642013598772267491e-01
8.990604468944211058e-01
inf
2.858690525825123285e-01
1.626632532017658672e+00
1.267553962599983430e+00
4.714605127465393286e-01
3.664128638186951448e-01
8.202482487755771157e-01
7.492977534190907729e-01
1.425705907206537004e+00
4.974489902745738990e-01
7.479587214127654260e-01
1.327720798066132746e+00
6.924380357929049712e-01
1.454741228578324108e+00
6.318476775518570010e-01
3.310958246480998901e-01
1.180531442971841649e+00
8.849870300977025206e-01
4.995380426131747487e-01
4.474387209768538876e-01
1.226102493550975003e+00
4.676390072454255642e-01
1.838703980140649463e+01
7.911251426831745759e-01
inf
2.523305430521881387e+00
1.004336168086830794e+00
9.068884078423143924e-01
4.818658722938101158e-01
7.975621288315239976e-01
1.161413274894077974e+00
4.720485443678862914e-01
5.718253298555245889e-01
6.201368878051948252e-01
5.884775453269092127e-01
6.456262384927280440e-01
6.870933883849729140e-01
4.985152876146170531e-01
7.340122914447517743e-01
9.001242240989444365e-01
7.039050724317656993e-01
inf
3.600122796278577564e-01
6.341293802502134813e-01
5.001763369373943835e-01
inf
6.666087468252211989e-01
6.004715703045202524e-01
1.281693042927752879e+00
8.376475444211307630e-01
7.622712710688316351e-01
7.276917915604409481e-01
4.565551712131427631e-01
4.036620068880031331e-01
2.120290580434676997e+01
1.042407715380851752e+00
1.251899860802071274e+00
1.556262227860901737e+00
7.327747648968733207e-01
9.360417555609583662e-01
1.337487163251539268e+00
9.366316072801811332e-01
1.444454735423083447e+00
6.495237680820306059e-01
5.236945216256542190e-01
4.678015559864694417e-01
4.618579563699361512e-01
1.253927589843017998e+00
8.459187692054975782e-01
5.367873256900116408e-01
7.126454624454502396e-01
1.182194732415082106e+00
