-8.676934417690519297e+01
inf
-8.740558680951023973e+01
inf
-8.335504295595912083e+01
-8.578145019970388319e+01
-8.406854156158628655e+01
inf
-8.589747229623471014e+01
-9.127229583038761973e+01
-8.668985660495417278e+01
-8.918470728382912682e+01
-8.794878573663010002e+01
inf
-8.489535844177954971e+01
inf
-8.756728837281562505e+01
inf
-8.560855460630178015e+01
-7.300695466619721685e+01
-8.534260086872639306e+01
-8.639503823995082143e+01
-8.832719695102655066e+01
-8.756220119688471470e+01
inf
-8.602876639856208385e+01
-8.631178803327230753e+01
-8.810817693157447650e+01
-8.339202595508928084e+01
-8.587218692704024647e+01
-8.697539332937098777e+01
inf
-8.559216383031177600e+01
-8.516640017711333144e+01
-8.735183415243812988e+01
-8.734667444794114033e+01
-1.073396200358341162e+02
inf
inf
inf
-8.783604167711774835e+01
inf
-8.880724188958083687e+01
-8.545443609612441094e+01
-8.539384468226334945e+01
-8.056215915997314880e+01
-8.793429330783571629e+01
-1.046208917744541793e+02
-1.060935726902651624e+02
-8.695076235767889727e+01
-8.679279962677271953e+01
inf
-8.505828141823680255e+01
-8.624408078698532165e+01
-8.557357585935881161e+01
-7.979513650365841215e+01
-8.646221043830399822e+01
-8.543845912669027598e+01
-8.627606909319504780e+01
-1.098769010879014729e+02
-8.666299372977580617e+01
-8.645890541944888241e+01
-8.562861524574518057e+01
inf
-8.696855911503989489e+01
-8.712790110210296746e+01
-8.642956945876201758e+01
-8.844635127555744702e+01
-8.636780878447953569e+01
-8.682787440571325988e+01
inf
inf
-8.547318929688654521e+01
-8.509522842722530811e+01
-8.712154402863882297e+01
-7.027430950888583538e+01
-8.307233740445327896e+01
inf
inf
-8.677376759919120275e+01
-8.512339284381053517e+01
-8.381533410995392330e+01
-8.436640069987424795e+01
-8.703255283942138476e+01
-8.572013664035942782e+01
inf
-8.518574210603956942e+01
-8.418615481066042605e+01
inf
-8.616701152479657821e+01
inf
-7.151708609023035024e+01
-8.574941639091116485e+01
-8.469330850598021243e+01
-8.640590029893617441e+01
-8.754415442751718501e+01
inf
-8.555283766890319441e+01
-8.749272899586227936e+01
-8.519014358405274834e+01
-8.518126820406071431e+01
-8.529293300390733634e+01
inf
-1.040583122626750594e+02
inf
-9.353388209193647640e+01
inf
inf
inf
-9.461221959329991193e+01
-8.590832787530020198e+01
-8.658181375389493439e+01
-9.498036158525664518e+01
-8.622599866718222472e+01
-8.745554235644642915e+01
-8.615755052352747612e+01
-8.467774161827365731e+01
inf
inf
-8.787699763584690515e+01
-8.611699120066008106e+01
-7.508227366355889387e+01
-8.812012598597964086e+01
inf
-8.464816285974463028e+01
inf
-8.550333585055672359e+01
inf
-8.619087407937607281e+01
inf
-8.661443612678884563e+01
-8.455194560782084068e+01
inf
-8.346112302481009237e+01
-8.515190408907648134e+01
-7.723505047602250784e+01
inf
-8.489005507603191347e+01
-7.415567746336327559e+01
inf
inf
-8.676704835890309653e+01
-7.075270422977195039e+01
-8.649575991252100948e+01
-8.513014183922724953e+01
inf
inf
inf
-8.550937105772560187e+01
-1.063551112675451407e+02
inf
-8.781023121375136498e+01
inf
-8.704061383113746331e+01
inf
inf
-8.679103854923836536e+01
-8.815124918964353640e+01
-8.597324068821201593e+01
inf
-8.084052137432239249e+01
-8.747667731475904418e+01
-8.674130008097652933e+01
-9.010925308171056258e+01
-7.989395616503527719e+01
inf
-8.754718399793353001e+01
inf
-8.529781889163749042e+01
-8.572215567282299276e+01
-8.760029819619286684e+01
inf
inf
inf
-8.545095416135747257e+01
-8.493105363339697078e+01
inf
-8.613331991716367497e+01
-8.737124190434138882e+01
-8.590625582172187080e+01
-8.616793527137372166e+01
inf
-7.324260045222681015e+01
-8.556652295280061082e+01
inf
-7.067826199545811505e+01
-8.614702044700361228e+01
-8.622792326826511555e+01
-1.091682724937218438e+02
-8.622202922073189768e+01
inf
inf
inf
-8.582446280410837858e+01
inf
-1.006379981006754463e+02
-8.397623318114777646e+01
-8.593193917237033475e+01
-8.717825982067680002e+01
-8.759066598503420664e+01
-8.304003545895577076e+01
inf
-7.716593252676949533e+01
inf
inf
inf
inf
-8.491591016292989025e+01
inf
-1.036818302897013950e+02
inf
inf
inf
inf
-8.617102847959780831e+01
-8.773201057742657838e+01
-8.787133566278478725e+01
-8.028507256451079854e+01
inf
inf
inf
-8.580267392339149524e+01
-8.536668584047748709e+01
-1.003268328653366837e+02
-8.684216784366422814e+01
-8.516275203212482836e+01
inf
-8.533192146304132564e+01
-8.461939313454672629e+01
-8.421733199477347398e+01
-7.956879299764095492e+01
-8.641625536792012952e+01
inf
-8.992927282646647313e+01
-8.326134564273732508e+01
inf
-8.837729609518299867e+01
-8.206796398301214879e+01
-8.634844631607997201e+01
-8.645293498362104856e+01
-8.494290386164544771e+01
-8.517624897412271423e+01
inf
-8.763375818207403256e+01
-8.336986708507888011e+01
inf
-8.695749918110507792e+01
-8.643466495336772937e+01
-8.698395655446118724e+01
-8.692268671651902423e+01
inf
inf
-9.131842424010628179e+01
-9.018546772640941356e+01
inf
-8.999354432613304766e+01
-8.776048801629059426e+01
-8.533666013778339732e+01
-8.906462436284971318e+01
-8.635685880956613403e+01
inf
-8.565174869517170464e+01
-8.662328981692353125e+01
-8.726801997698579783e+01
-8.727483985806112798e+01
-8.592281336943976555e+01
-8.739122588251910884e+01
-8.981852896073995396e+01
inf
-8.473166784942475260e+01
-8.520729912324144095e+01
-8.645587395895761063e+01
-7.639863314452578891e+01
-7.373310682867641219e+01
-7.187105470115656658e+01
-8.060191815085454436e+01
inf
inf
inf
inf
inf
inf
-8.783311697832490950e+01
inf
-8.416335736380989374e+01
-8.665528104835735235e+01
-8.583093678788046077e+01
-8.893709254728040037e+01
inf
-8.413975734892142100e+01
inf
-8.838914188714915099e+01
-8.483239692265492238e+01
-8.313969842596758042e+01
inf
-7.923635649837015649e+01
-8.718138362515045969e+01
inf
inf
-8.120578992657807760e+01
-8.736105980024291284e+01
-9.076253766814521384e+01
-8.726440038716256709e+01
inf
-8.583130271554361457e+01
inf
inf
inf
inf
inf
-8.678004808802219827e+01
-8.662392793179607509e+01
inf
-8.536029536817834185e+01
-8.656854879357945265e+01
-8.856954484707880226e+01
-8.423004970896754173e+01
inf
-8.242710344231358022e+01
-8.810072774415186814e+01
inf
-8.919242624517571016e+01
inf
-8.807058256931436802e+01
inf
-8.715163616945831393e+01
-8.236965691288494895e+01
-8.690704080275828858e+01
inf
inf
-8.881131387284069945e+01
-8.661972773664385272e+01
-8.793213070999459546e+01
-9.718885445988618699e+01
-8.626375041573865587e+01
inf
inf
inf
inf
-8.786730185996690068e+01
inf
-8.206366078292433031e+01
-8.688730825389477275e+01
-8.699716954870793018e+01
inf
-8.753430315868261857e+01
-8.850723735344439547e+01
inf
inf
inf
inf
inf
-8.528700795487506525e+01
inf
inf
-8.695258035216403414e+01
-8.629551521872063802e+01
-8.732659342168963690e+01
-1.042433187572333964e+02
-8.724715471097198360e+01
inf
-8.109385052389659165e+01
-8.722525120799849674e+01
-8.768828550902465224e+01
-8.226084341101253017e+01
inf
-8.682177366083850245e+01
-8.327735887012944715e+01
-8.544629206235619279e+01
-8.603172837123634054e+01
-1.015745714960185495e+02
-8.115334272461721810e+01
-8.778305131470307288e+01
inf
inf
-8.082802399459909282e+01
-8.570460374407200277e+01
-9.271150687707050508e+01
-9.037328727345897050e+01
inf
-8.506411056980228125e+01
-1.083211977649204414e+02
-8.443505601199974819e+01
-8.583947394341079473e+01
