1.630046000000000000e+10
1.579351000000000000e+10
4.285070000000000000e+09
8.021491000000000000e+09
1.061706000000000000e+09
1.984873000000000000e+09
5.393535000000000000e+09
4.796038000000000000e+08
1.538855000000000000e+09
9.356596000000000000e+07
6.945489000000000000e+08
1.492919000000000000e+09
4.126054000000000000e+11
1.271756000000000000e+09
inf
1.757170000000000000e+09
4.552887000000000000e+09
inf
4.578543000000000000e+09
2.324538000000000000e+09
2.525028000000000000e+09
2.574761000000000000e+09
9.540010000000000000e+09
inf
7.318943000000000000e+09
4.857753000000000000e+09
9.737001000000000000e+09
6.056593000000000000e+10
8.182557000000000000e+08
6.993312000000000000e+09
6.129700000000000000e+09
2.898569000000000000e+07
9.251242000000000000e+08
7.684422000000000000e+08
2.018864000000000000e+10
7.501917000000000000e+10
6.993312000000000000e+09
5.923850000000000000e+08
1.047887000000000000e+10
2.341024000000000000e+09
6.213937000000000000e+08
9.417527000000000000e+09
9.337605000000000000e+08
9.611191000000000000e+08
1.098450000000000000e+10
1.539572000000000000e+09
3.188604000000000000e+08
3.535987000000000000e+08
inf
1.260826000000000000e+09
1.107666000000000000e+10
2.200562000000000000e+10
5.637649000000000000e+09
3.000767000000000000e+09
3.757363000000000000e+09
9.751384000000000000e+09
2.969720000000000000e+09
4.059454000000000000e+10
7.934719000000000000e+09
2.123412000000000000e+09
3.255270000000000000e+09
6.294515000000000000e+08
9.404112000000000000e+09
7.090963000000000000e+09
1.346768000000000000e+09
5.294055000000000000e+09
2.948498000000000000e+09
2.586868000000000000e+09
7.557741000000000000e+08
4.415844000000000000e+09
3.052097000000000000e+09
2.941928000000000000e+09
6.681869000000000000e+09
1.836352000000000000e+09
2.464810000000000000e+09
1.517629000000000000e+10
1.068234000000000000e+10
6.006994000000000000e+09
1.818647000000000000e+10
5.341171000000000000e+09
9.512346000000000000e+08
2.255637000000000000e+09
5.154548000000000000e+08
1.100281000000000000e+10
1.987861000000000000e+09
2.886614000000000000e+09
1.465739000000000000e+09
8.814001000000000000e+09
inf
1.626181000000000000e+09
4.377776000000000000e+09
1.460550000000000000e+10
4.913944000000000000e+07
1.129894000000000000e+09
2.292551000000000000e+09
4.877493000000000000e+09
1.519214000000000000e+08
5.304104000000000000e+08
8.584768000000000000e+09
1.976553000000000000e+10
2.870299000000000000e+11
4.521703000000000000e+09
1.853886000000000000e+09
1.289644000000000000e+09
2.213845000000000000e+09
3.209376000000000000e+09
7.527579000000000000e+09
4.478756000000000000e+09
3.731875000000000000e+09
1.883505000000000000e+09
3.532202000000000000e+09
5.510590000000000000e+09
7.113887000000000000e+09
3.266545000000000000e+09
4.469659000000000000e+09
3.862895000000000000e+09
3.461818000000000000e+09
1.419641000000000000e+09
1.672160000000000000e+09
9.931437000000000000e+07
inf
1.255282000000000000e+09
6.095740000000000000e+09
2.243945000000000000e+09
9.745985000000000000e+08
1.579351000000000000e+10
3.794073000000000000e+10
2.882833000000000000e+10
5.580462000000000000e+09
6.702220000000000000e+09
1.789075000000000000e+10
2.006592000000000000e+09
1.205100000000000000e+09
1.004823000000000000e+10
3.279526000000000000e+09
2.345182000000000000e+09
3.686034000000000000e+09
8.377775000000000000e+09
4.482596000000000000e+08
1.294004000000000000e+09
inf
1.303651000000000000e+09
3.081480000000000000e+08
9.005779000000000000e+08
1.986067000000000000e+09
1.372492000000000000e+10
7.079965000000000000e+07
3.887919000000000000e+09
1.859159000000000000e+08
9.194549000000000000e+09
1.640476000000000000e+09
8.011756000000000000e+09
1.567724000000000000e+09
2.659825000000000000e+09
3.981717000000000000e+09
8.825784000000000000e+09
2.574761000000000000e+09
2.930176000000000000e+09
8.802249000000000000e+09
1.988460000000000000e+10
2.525511000000000000e+09
6.023437000000000000e+09
4.594076000000000000e+09
2.943240000000000000e+09
2.356903000000000000e+09
9.853264000000000000e+09
4.367639000000000000e+08
5.710801000000000000e+09
1.004823000000000000e+10
2.037558000000000000e+10
3.480067000000000000e+09
5.575749000000000000e+09
5.821593000000000000e+09
1.778951000000000000e+09
4.323305000000000000e+09
8.784241000000000000e+08
4.092800000000000000e+09
2.237860000000000000e+10
2.908232000000000000e+10
7.214958000000000000e+09
4.157233000000000000e+09
4.144185000000000000e+09
1.098450000000000000e+10
4.100426000000000000e+09
7.335207000000000000e+09
5.862954000000000000e+08
3.913270000000000000e+09
2.551870000000000000e+09
1.089837000000000000e+10
1.317439000000000000e+09
9.430981000000000000e+10
1.050597000000000000e+10
2.234073000000000000e+09
2.482770000000000000e+09
6.370747000000000000e+10
6.608295000000000000e+09
1.388659000000000000e+09
2.188163000000000000e+09
1.068234000000000000e+10
1.028300000000000000e+10
1.075193000000000000e+10
3.239297000000000000e+09
5.589913000000000000e+09
2.890564000000000000e+09
8.837599000000000000e+09
1.044564000000000000e+08
6.581695000000000000e+08
inf
3.247263000000000000e+09
1.366809000000000000e+10
8.669319000000000000e+08
1.289392000000000000e+10
1.166376000000000000e+10
2.558793000000000000e+10
1.911524000000000000e+09
4.286810000000000000e+09
2.193251000000000000e+10
1.160226000000000000e+10
1.870166000000000000e+10
1.784240000000000000e+11
2.291655000000000000e+09
5.958201000000000000e+09
3.173888000000000000e+10
1.218023000000000000e+10
4.183578000000000000e+09
6.798854000000000000e+09
1.189707000000000000e+09
1.113269000000000000e+10
5.575749000000000000e+09
1.428009000000000000e+09
7.199222000000000000e+09
inf
4.537242000000000000e+09
1.937683000000000000e+09
2.945866000000000000e+09
4.527906000000000000e+09
1.167820000000000000e+09
1.396591000000000000e+09
2.383280000000000000e+10
5.214602000000000000e+09
1.312463000000000000e+10
1.595574000000000000e+10
2.292252000000000000e+10
2.270962000000000000e+09
2.432399000000000000e+07
1.718294000000000000e+09
3.317430000000000000e+10
3.158702000000000000e+09
4.926632000000000000e+09
4.842165000000000000e+09
4.790774000000000000e+09
inf
7.384437000000000000e+09
5.286107000000000000e+09
6.509496000000000000e+08
1.000256000000000000e+11
6.777912000000000000e+09
5.594650000000000000e+10
5.889105000000000000e+09
3.390697000000000000e+09
1.018307000000000000e+09
inf
1.007891000000000000e+10
3.894800000000000000e+09
1.533849000000000000e+08
1.279397000000000000e+10
1.358372000000000000e+10
9.794787000000000000e+09
1.296991000000000000e+10
2.612460000000000000e+09
1.398662000000000000e+10
1.490223000000000000e+10
inf
3.158709000000000000e+07
6.216278000000000000e+09
9.324416000000000000e+09
5.125533000000000000e+09
1.269555000000000000e+10
1.202493000000000000e+10
4.154617000000000000e+09
2.076002000000000000e+10
2.041338000000000000e+09
2.784684000000000000e+08
1.103961000000000000e+10
3.718841000000000000e+08
9.333644000000000000e+08
1.401335000000000000e+09
3.927238000000000000e+09
8.080400000000000000e+09
1.456121000000000000e+10
2.347266000000000000e+08
1.057793000000000000e+09
1.680246000000000000e+09
2.797444000000000000e+08
1.180982000000000000e+10
3.474572000000000000e+10
8.241806000000000000e+09
4.941988000000000000e+07
3.329141000000000000e+09
inf
1.232371000000000000e+08
7.803412000000000000e+09
4.818749000000000000e+09
2.837543000000000000e+07
4.649075000000000000e+09
inf
6.073309000000000000e+09
5.752728000000000000e+08
3.570409000000000000e+09
6.712868000000000000e+08
5.478578000000000000e+09
1.476887000000000000e+10
2.558793000000000000e+10
inf
4.202220000000000000e+09
1.442676000000000000e+09
2.445069000000000000e+11
3.605509000000000000e+09
7.630905000000000000e+09
8.190678000000000000e+09
1.012529000000000000e+10
5.726592000000000000e+08
1.051224000000000000e+10
2.935388000000000000e+09
6.293314000000000000e+09
1.982489000000000000e+10
3.271401000000000000e+09
5.576985000000000000e+07
8.190678000000000000e+09
1.886735000000000000e+09
1.830243000000000000e+09
1.161272000000000000e+09
5.964122000000000000e+08
1.235403000000000000e+09
5.936235000000000000e+08
7.238691000000000000e+09
inf
2.118047000000000000e+08
4.682047000000000000e+09
1.650422000000000000e+11
8.463701000000000000e+09
3.052097000000000000e+09
2.068327000000000000e+08
3.487420000000000000e+09
2.674914000000000000e+09
3.549294000000000000e+10
6.006994000000000000e+09
5.376897000000000000e+08
4.742591000000000000e+09
1.978033000000000000e+11
5.580462000000000000e+09
6.601687000000000000e+12
9.567662000000000000e+09
1.078002000000000000e+09
1.915198000000000000e+09
4.771384000000000000e+08
6.993312000000000000e+09
2.652345000000000000e+09
7.562070000000000000e+09
1.071702000000000000e+10
2.261820000000000000e+10
6.549293000000000000e+09
6.702220000000000000e+09
3.178472000000000000e+09
7.335208000000000000e+10
1.286879000000000000e+10
6.421874000000000000e+09
7.632008000000000000e+09
inf
4.901029000000000000e+09
3.396674000000000000e+07
1.381106000000000000e+10
2.968384000000000000e+09
inf
1.650422000000000000e+10
7.346125000000000000e+08
4.371978000000000000e+09
3.537881000000000000e+09
4.371978000000000000e+09
1.463789000000000000e+10
4.926632000000000000e+09
4.334660000000000000e+09
2.237102000000000000e+09
4.521703000000000000e+10
