5.213568000000000000e+06
inf
1.076907000000000000e+07
1.159211000000000000e+07
inf
5.968018000000000000e+06
inf
4.596290000000000000e+06
6.036605000000000000e+06
inf
inf
4.733463000000000000e+06
3.979012000000000000e+06
4.527704000000000000e+06
inf
inf
inf
2.401525000000000000e+06
inf
inf
5.693673000000000000e+06
7.202574000000000000e+06
inf
inf
inf
inf
inf
6.653882000000000000e+06
5.625086000000000000e+06
4.664876000000000000e+06
5.762260000000000000e+06
4.664876000000000000e+06
6.448124000000000000e+06
4.527704000000000000e+06
7.202574000000000000e+06
6.173778000000000000e+06
5.007808000000000000e+06
3.841840000000000000e+06
6.310950000000000000e+06
5.282154000000000000e+06
inf
7.202574000000000000e+06
4.596290000000000000e+06
5.968018000000000000e+06
inf
inf
6.585296000000000000e+06
1.441315000000000000e+06
inf
inf
inf
4.596290000000000000e+06
6.242364000000000000e+06
4.321944000000000000e+06
4.390531000000000000e+06
inf
inf
4.253358000000000000e+06
inf
6.585296000000000000e+06
inf
inf
3.087389000000000000e+06
inf
inf
inf
inf
inf
5.419327000000000000e+06
4.664876000000000000e+06
4.870636000000000000e+06
inf
inf
1.728478000000000000e+07
7.271160000000000000e+06
inf
5.144982000000000000e+06
1.509901000000000000e+06
inf
inf
1.166069000000000000e+07
3.910426000000000000e+06
4.939222000000000000e+06
1.784247000000000000e+06
4.184772000000000000e+06
inf
inf
inf
inf
inf
6.448124000000000000e+06
inf
inf
inf
5.625086000000000000e+06
3.773253000000000000e+06
inf
6.448124000000000000e+06
7.682679000000000000e+06
5.693673000000000000e+06
inf
inf
inf
1.715660000000000000e+06
inf
6.105192000000000000e+06
3.293148000000000000e+06
5.213568000000000000e+06
inf
inf
inf
inf
inf
4.733463000000000000e+06
inf
inf
8.368543000000000000e+06
inf
inf
8.231370000000000000e+06
inf
7.339747000000000000e+06
5.487914000000000000e+06
6.928228000000000000e+06
6.928228000000000000e+06
inf
2.881630000000000000e+06
7.545506000000000000e+06
4.802050000000000000e+06
4.253358000000000000e+06
inf
inf
inf
6.928228000000000000e+06
inf
inf
inf
8.094198000000000000e+06
inf
3.704667000000000000e+06
inf
4.596290000000000000e+06
7.545506000000000000e+06
5.419327000000000000e+06
inf
inf
inf
1.817640000000000000e+07
inf
5.213568000000000000e+06
inf
2.950216000000000000e+06
inf
inf
inf
inf
inf
5.899432000000000000e+06
inf
inf
inf
inf
7.682679000000000000e+06
inf
inf
9.191580000000000000e+06
5.213568000000000000e+06
5.625086000000000000e+06
8.368543000000000000e+06
inf
inf
inf
2.813043000000000000e+06
6.105192000000000000e+06
inf
4.184772000000000000e+06
inf
inf
inf
1.570729000000000000e+07
7.202574000000000000e+06
inf
inf
inf
1.899944000000000000e+07
inf
5.556500000000000000e+06
6.448124000000000000e+06
7.408334000000000000e+06
inf
inf
7.202574000000000000e+06
4.321944000000000000e+06
4.596290000000000000e+06
6.310950000000000000e+06
6.722469000000000000e+06
inf
inf
inf
inf
inf
inf
inf
inf
inf
inf
inf
inf
inf
inf
inf
inf
inf
inf
inf
1.166069000000000000e+07
inf
6.310950000000000000e+06
1.090624000000000000e+07
inf
inf
inf
1.454132000000000000e+07
inf
inf
inf
5.762260000000000000e+06
6.105192000000000000e+06
inf
inf
inf
5.419327000000000000e+06
inf
6.036605000000000000e+06
6.996815000000000000e+06
inf
inf
inf
inf
8.642889000000000000e+06
7.065401000000000000e+06
6.791056000000000000e+06
6.653882000000000000e+06
inf
inf
inf
inf
inf
5.144982000000000000e+06
inf
5.282154000000000000e+06
4.116185000000000000e+06
4.116185000000000000e+06
inf
inf
5.282154000000000000e+06
inf
inf
8.094198000000000000e+06
5.968018000000000000e+06
inf
inf
inf
8.780062000000000000e+06
inf
inf
6.105192000000000000e+06
inf
2.607284000000000000e+06
inf
1.022038000000000000e+07
1.509901000000000000e+06
inf
inf
inf
inf
inf
inf
inf
inf
inf
inf
inf
inf
inf
4.527704000000000000e+06
inf
inf
inf
inf
inf
inf
1.207221000000000000e+07
inf
inf
inf
inf
inf
inf
inf
inf
inf
8.368543000000000000e+06
inf
inf
inf
2.127179000000000000e+06
inf
1.015179000000000000e+07
inf
inf
7.682679000000000000e+06
2.675870000000000000e+06
5.282154000000000000e+06
4.184772000000000000e+06
1.063190000000000000e+07
inf
inf
5.968018000000000000e+06
5.144982000000000000e+06
inf
inf
3.224562000000000000e+06
4.321944000000000000e+06
inf
inf
inf
3.498908000000000000e+06
6.859642000000000000e+06
inf
7.065401000000000000e+06
inf
inf
4.184772000000000000e+06
inf
2.401525000000000000e+06
inf
inf
inf
7.957024000000000000e+06
inf
inf
9.534512000000000000e+06
6.036605000000000000e+06
5.899432000000000000e+06
4.047599000000000000e+06
8.094198000000000000e+06
inf
inf
inf
inf
inf
inf
inf
4.870636000000000000e+06
5.968018000000000000e+06
inf
inf
inf
inf
inf
inf
inf
inf
inf
inf
inf
4.116185000000000000e+06
3.979012000000000000e+06
inf
inf
inf
inf
inf
2.675870000000000000e+06
inf
3.636080000000000000e+06
inf
7.065401000000000000e+06
inf
inf
inf
inf
3.636080000000000000e+06
