inf
inf
inf
inf
4.459118000000000000e+06
inf
5.556500000000000000e+06
inf
inf
5.213568000000000000e+06
inf
inf
inf
4.184772000000000000e+06
inf
inf
inf
inf
4.664876000000000000e+06
inf
4.253358000000000000e+06
inf
inf
inf
inf
9.191580000000000000e+06
8.574302000000000000e+06
inf
6.722469000000000000e+06
inf
inf
inf
3.636080000000000000e+06
5.213568000000000000e+06
6.173778000000000000e+06
6.036605000000000000e+06
3.979012000000000000e+06
3.361734000000000000e+06
4.390531000000000000e+06
inf
5.556500000000000000e+06
inf
3.773253000000000000e+06
1.056331000000000000e+07
4.321944000000000000e+06
4.870636000000000000e+06
1.372728000000000000e+06
inf
inf
inf
inf
inf
4.184772000000000000e+06
inf
inf
inf
5.282154000000000000e+06
1.063190000000000000e+07
4.870636000000000000e+06
inf
4.527704000000000000e+06
inf
4.459118000000000000e+06
3.773253000000000000e+06
inf
4.116185000000000000e+06
5.556500000000000000e+06
inf
6.379537000000000000e+06
4.390531000000000000e+06
4.527704000000000000e+06
inf
1.028896000000000000e+07
1.330677000000000000e+07
inf
inf
7.476920000000000000e+06
inf
inf
inf
inf
4.116185000000000000e+06
5.487914000000000000e+06
2.401525000000000000e+06
4.733463000000000000e+06
7.751266000000000000e+06
inf
inf
inf
9.946031000000000000e+06
6.928228000000000000e+06
4.664876000000000000e+06
5.693673000000000000e+06
6.242364000000000000e+06
inf
inf
3.498908000000000000e+06
inf
inf
inf
inf
6.653882000000000000e+06
inf
inf
inf
2.950216000000000000e+06
4.733463000000000000e+06
6.653882000000000000e+06
inf
9.671685000000000000e+06
6.653882000000000000e+06
inf
inf
inf
5.007808000000000000e+06
inf
7.339747000000000000e+06
4.939222000000000000e+06
8.642889000000000000e+06
inf
1.145493000000000000e+07
6.653882000000000000e+06
4.939222000000000000e+06
inf
inf
inf
inf
inf
2.401525000000000000e+06
2.950216000000000000e+06
inf
4.664876000000000000e+06
5.762260000000000000e+06
inf
1.371828000000000000e+07
1.015179000000000000e+07
inf
inf
4.321944000000000000e+06
inf
5.213568000000000000e+06
7.202574000000000000e+06
8.368543000000000000e+06
inf
5.693673000000000000e+06
inf
6.310950000000000000e+06
3.361734000000000000e+06
inf
inf
inf
inf
6.585296000000000000e+06
inf
7.751266000000000000e+06
inf
inf
4.733463000000000000e+06
5.625086000000000000e+06
inf
6.859642000000000000e+06
inf
4.527704000000000000e+06
inf
inf
inf
5.830846000000000000e+06
inf
1.721619000000000000e+07
inf
7.202574000000000000e+06
4.802050000000000000e+06
inf
inf
inf
inf
inf
3.361734000000000000e+06
inf
inf
6.173778000000000000e+06
inf
inf
inf
2.881630000000000000e+06
4.390531000000000000e+06
6.105192000000000000e+06
inf
inf
3.636080000000000000e+06
inf
inf
7.545506000000000000e+06
inf
6.105192000000000000e+06
inf
4.870636000000000000e+06
inf
6.105192000000000000e+06
5.076395000000000000e+06
inf
4.527704000000000000e+06
5.213568000000000000e+06
7.202574000000000000e+06
inf
inf
6.036605000000000000e+06
6.242364000000000000e+06
9.122994000000000000e+06
8.505716000000000000e+06
8.985821000000000000e+06
inf
inf
8.162784000000000000e+06
6.859642000000000000e+06
inf
inf
6.448124000000000000e+06
4.939222000000000000e+06
8.368543000000000000e+06
1.001462000000000000e+07
inf
inf
4.733463000000000000e+06
inf
9.877444000000000000e+06
7.545506000000000000e+06
inf
6.310950000000000000e+06
6.105192000000000000e+06
7.408334000000000000e+06
inf
2.290886000000000000e+07
1.076907000000000000e+07
6.379537000000000000e+06
3.773253000000000000e+06
inf
5.968018000000000000e+06
7.271160000000000000e+06
inf
inf
8.025611000000000000e+06
6.105192000000000000e+06
1.200362000000000000e+07
5.007808000000000000e+06
inf
inf
inf
inf
3.567494000000000000e+06
inf
6.791056000000000000e+06
inf
inf
6.722469000000000000e+06
inf
inf
inf
7.614092000000000000e+06
5.487914000000000000e+06
5.693673000000000000e+06
5.350740000000000000e+06
inf
6.859642000000000000e+06
inf
1.419839000000000000e+07
inf
inf
inf
inf
inf
1.550153000000000000e+07
inf
2.813043000000000000e+06
5.625086000000000000e+06
6.242364000000000000e+06
5.762260000000000000e+06
7.202574000000000000e+06
3.498908000000000000e+06
6.379537000000000000e+06
inf
inf
5.693673000000000000e+06
5.213568000000000000e+06
7.408334000000000000e+06
1.502143000000000000e+07
inf
inf
inf
inf
1.159211000000000000e+07
inf
inf
7.202574000000000000e+06
inf
inf
inf
2.195766000000000000e+06
1.845075000000000000e+07
1.138635000000000000e+07
inf
inf
inf
inf
inf
1.852833000000000000e+06
inf
inf
inf
1.488425000000000000e+07
4.664876000000000000e+06
inf
5.830846000000000000e+06
inf
8.094198000000000000e+06
6.722469000000000000e+06
4.939222000000000000e+06
inf
7.133988000000000000e+06
4.733463000000000000e+06
1.852833000000000000e+06
7.271160000000000000e+06
inf
inf
3.430321000000000000e+06
5.076395000000000000e+06
inf
inf
inf
5.350740000000000000e+06
inf
inf
inf
inf
inf
inf
inf
6.242364000000000000e+06
4.527704000000000000e+06
3.087389000000000000e+06
inf
inf
5.282154000000000000e+06
4.527704000000000000e+06
7.065401000000000000e+06
4.664876000000000000e+06
inf
2.195766000000000000e+06
6.791056000000000000e+06
4.253358000000000000e+06
inf
inf
6.379537000000000000e+06
5.830846000000000000e+06
inf
5.007808000000000000e+06
inf
3.773253000000000000e+06
inf
inf
inf
inf
inf
inf
inf
3.155975000000000000e+06
inf
inf
inf
inf
inf
inf
inf
inf
7.408334000000000000e+06
inf
inf
inf
inf
5.144982000000000000e+06
inf
inf
inf
3.636080000000000000e+06
