5.076395000000000000e+06
5.693673000000000000e+06
5.968018000000000000e+06
7.476920000000000000e+06
3.773253000000000000e+06
4.184772000000000000e+06
6.722469000000000000e+06
5.350740000000000000e+06
4.664876000000000000e+06
4.116185000000000000e+06
4.802050000000000000e+06
5.419327000000000000e+06
8.299957000000000000e+06
4.527704000000000000e+06
inf
1.042614000000000000e+07
4.802050000000000000e+06
inf
5.076395000000000000e+06
6.036605000000000000e+06
6.996815000000000000e+06
6.310950000000000000e+06
1.015179000000000000e+07
inf
5.076395000000000000e+06
6.310950000000000000e+06
5.968018000000000000e+06
6.996815000000000000e+06
7.339747000000000000e+06
1.118059000000000000e+07
4.733463000000000000e+06
2.264352000000000000e+06
8.711475000000000000e+06
5.968018000000000000e+06
5.830846000000000000e+06
5.556500000000000000e+06
6.105192000000000000e+06
5.830846000000000000e+06
1.022038000000000000e+07
1.015179000000000000e+07
5.487914000000000000e+06
5.625086000000000000e+06
4.596290000000000000e+06
6.722469000000000000e+06
1.337535000000000000e+07
4.802050000000000000e+06
4.802050000000000000e+06
7.957024000000000000e+06
inf
1.001462000000000000e+07
7.408334000000000000e+06
5.076395000000000000e+06
4.939222000000000000e+06
1.337535000000000000e+07
5.693673000000000000e+06
5.144982000000000000e+06
6.379537000000000000e+06
4.802050000000000000e+06
5.076395000000000000e+06
6.036605000000000000e+06
9.808858000000000000e+06
8.025611000000000000e+06
5.899432000000000000e+06
4.321944000000000000e+06
5.144982000000000000e+06
4.596290000000000000e+06
9.465926000000000000e+06
6.173778000000000000e+06
5.487914000000000000e+06
1.049472000000000000e+07
1.810781000000000000e+07
5.007808000000000000e+06
5.144982000000000000e+06
8.642889000000000000e+06
5.693673000000000000e+06
5.556500000000000000e+06
8.299957000000000000e+06
5.007808000000000000e+06
8.848648000000000000e+06
5.282154000000000000e+06
3.910426000000000000e+06
7.476920000000000000e+06
4.321944000000000000e+06
5.899432000000000000e+06
8.574302000000000000e+06
4.459118000000000000e+06
1.166069000000000000e+07
3.155975000000000000e+06
inf
5.350740000000000000e+06
6.379537000000000000e+06
6.105192000000000000e+06
2.744457000000000000e+06
6.996815000000000000e+06
2.222300000000000000e+07
5.350740000000000000e+06
5.144982000000000000e+06
1.207221000000000000e+07
7.339747000000000000e+06
1.440415000000000000e+07
5.968018000000000000e+06
6.379537000000000000e+06
6.791056000000000000e+06
5.762260000000000000e+06
7.065401000000000000e+06
6.996815000000000000e+06
1.227797000000000000e+07
7.682679000000000000e+06
1.447274000000000000e+07
1.241514000000000000e+07
1.941096000000000000e+07
7.682679000000000000e+06
5.487914000000000000e+06
6.242364000000000000e+06
7.545506000000000000e+06
7.133988000000000000e+06
7.408334000000000000e+06
6.105192000000000000e+06
1.893085000000000000e+07
4.390531000000000000e+06
inf
6.242364000000000000e+06
9.603099000000000000e+06
7.819852000000000000e+06
2.091986000000000000e+07
1.015179000000000000e+07
5.213568000000000000e+06
6.242364000000000000e+06
8.780062000000000000e+06
7.476920000000000000e+06
5.968018000000000000e+06
7.133988000000000000e+06
9.260167000000000000e+06
6.036605000000000000e+06
6.585296000000000000e+06
8.162784000000000000e+06
5.556500000000000000e+06
7.202574000000000000e+06
1.364970000000000000e+07
7.339747000000000000e+06
inf
1.296383000000000000e+07
1.666750000000000000e+07
7.202574000000000000e+06
1.474708000000000000e+07
8.162784000000000000e+06
5.487914000000000000e+06
7.133988000000000000e+06
6.379537000000000000e+06
6.791056000000000000e+06
5.693673000000000000e+06
2.661253000000000000e+07
6.653882000000000000e+06
1.063190000000000000e+07
4.527704000000000000e+06
6.379537000000000000e+06
6.173778000000000000e+06
4.939222000000000000e+06
5.968018000000000000e+06
2.016541000000000000e+07
6.722469000000000000e+06
9.808858000000000000e+06
7.751266000000000000e+06
8.642889000000000000e+06
8.025611000000000000e+06
6.448124000000000000e+06
6.242364000000000000e+06
1.570729000000000000e+07
1.550153000000000000e+07
8.917235000000000000e+06
7.133988000000000000e+06
7.202574000000000000e+06
7.614092000000000000e+06
7.957024000000000000e+06
2.434918000000000000e+07
6.310950000000000000e+06
7.133988000000000000e+06
8.368543000000000000e+06
6.242364000000000000e+06
8.505716000000000000e+06
8.162784000000000000e+06
8.231370000000000000e+06
8.917235000000000000e+06
2.091986000000000000e+07
6.036605000000000000e+06
1.433556000000000000e+07
6.310950000000000000e+06
4.321944000000000000e+06
8.231370000000000000e+06
5.968018000000000000e+06
8.848648000000000000e+06
1.000000000000000000e+08
7.682679000000000000e+06
1.653033000000000000e+07
1.543294000000000000e+07
7.065401000000000000e+06
4.870636000000000000e+06
6.379537000000000000e+06
6.928228000000000000e+06
6.105192000000000000e+06
7.476920000000000000e+06
9.540471000000000000e+07
1.111200000000000000e+07
7.408334000000000000e+06
1.008320000000000000e+07
8.437130000000000000e+06
2.716122000000000000e+07
inf
8.437130000000000000e+06
7.888438000000000000e+06
4.047599000000000000e+06
8.711475000000000000e+06
7.819852000000000000e+06
1.000000000000000000e+08
6.105192000000000000e+06
1.000000000000000000e+08
8.642889000000000000e+06
7.682679000000000000e+06
8.437130000000000000e+06
6.791056000000000000e+06
7.339747000000000000e+06
2.633819000000000000e+07
6.310950000000000000e+06
5.350740000000000000e+06
8.711475000000000000e+06
7.133988000000000000e+06
8.162784000000000000e+06
1.049472000000000000e+07
5.007808000000000000e+06
6.448124000000000000e+06
6.791056000000000000e+06
inf
8.299957000000000000e+06
2.441777000000000000e+07
1.440415000000000000e+07
7.819852000000000000e+06
5.007808000000000000e+06
9.465926000000000000e+06
9.603099000000000000e+06
1.076907000000000000e+07
6.036605000000000000e+06
6.516710000000000000e+06
8.094198000000000000e+06
7.545506000000000000e+06
2.332938000000000000e+06
5.762260000000000000e+06
7.339747000000000000e+06
8.299957000000000000e+06
6.859642000000000000e+06
5.350740000000000000e+06
6.653882000000000000e+06
inf
7.888438000000000000e+06
8.094198000000000000e+06
7.476920000000000000e+06
6.722469000000000000e+06
6.105192000000000000e+06
6.516710000000000000e+06
7.339747000000000000e+06
2.428059000000000000e+07
8.162784000000000000e+06
inf
6.242364000000000000e+06
5.144982000000000000e+06
6.722469000000000000e+06
6.036605000000000000e+06
1.268949000000000000e+07
5.282154000000000000e+06
7.271160000000000000e+06
1.529577000000000000e+07
9.534512000000000000e+06
6.791056000000000000e+06
inf
1.921420000000000000e+06
5.830846000000000000e+06
5.006909000000000000e+07
6.585296000000000000e+06
1.632457000000000000e+07
1.220938000000000000e+07
6.791056000000000000e+06
5.076395000000000000e+06
4.459118000000000000e+06
9.191580000000000000e+06
4.870636000000000000e+06
8.848648000000000000e+06
5.625086000000000000e+06
1.522719000000000000e+07
1.028896000000000000e+07
6.105192000000000000e+06
3.636080000000000000e+06
8.917235000000000000e+06
7.614092000000000000e+06
9.877444000000000000e+06
5.076395000000000000e+06
8.642889000000000000e+06
2.572091000000000000e+07
8.094198000000000000e+06
3.567494000000000000e+06
1.557012000000000000e+07
inf
4.733463000000000000e+06
8.917235000000000000e+06
9.534512000000000000e+06
2.058593000000000000e+06
7.408334000000000000e+06
inf
6.310950000000000000e+06
1.625598000000000000e+07
1.440415000000000000e+07
7.751266000000000000e+06
7.614092000000000000e+06
1.893085000000000000e+07
5.487914000000000000e+06
inf
5.762260000000000000e+06
5.282154000000000000e+06
6.585296000000000000e+06
6.310950000000000000e+06
6.791056000000000000e+06
5.625086000000000000e+06
5.144982000000000000e+06
7.545506000000000000e+06
4.939222000000000000e+06
7.545506000000000000e+06
6.173778000000000000e+06
5.693673000000000000e+06
7.065401000000000000e+06
4.184772000000000000e+06
5.419327000000000000e+06
6.036605000000000000e+06
1.166069000000000000e+07
1.995965000000000000e+07
6.859642000000000000e+06
5.213568000000000000e+06
7.682679000000000000e+06
1.070048000000000000e+07
inf
5.968018000000000000e+06
5.830846000000000000e+06
6.653882000000000000e+06
4.870636000000000000e+06
4.596290000000000000e+06
4.253358000000000000e+06
1.049472000000000000e+07
1.090624000000000000e+07
4.390531000000000000e+06
6.722469000000000000e+06
4.321944000000000000e+06
7.133988000000000000e+06
6.379537000000000000e+06
7.202574000000000000e+06
1.536436000000000000e+07
1.639315000000000000e+07
4.870636000000000000e+06
8.094198000000000000e+06
5.556500000000000000e+06
6.859642000000000000e+06
7.751266000000000000e+06
4.596290000000000000e+06
7.065401000000000000e+06
5.899432000000000000e+06
4.596290000000000000e+06
6.585296000000000000e+06
4.870636000000000000e+06
9.054407000000000000e+06
7.202574000000000000e+06
5.282154000000000000e+06
6.791056000000000000e+06
inf
4.802050000000000000e+06
2.470111000000000000e+06
6.996815000000000000e+06
6.242364000000000000e+06
inf
5.899432000000000000e+06
1.193504000000000000e+07
6.928228000000000000e+06
5.625086000000000000e+06
7.614092000000000000e+06
5.968018000000000000e+06
6.859642000000000000e+06
6.310950000000000000e+06
9.534512000000000000e+06
7.751266000000000000e+06
