4.340836000000000000e+09
6.099658000000000000e+09
2.886922000000000000e+09
1.415875000000000000e+09
8.409364000000000000e+07
9.213029000000000000e+07
inf
3.913193000000000000e+09
2.312778000000000000e+09
1.808979000000000000e+09
inf
3.203950000000000000e+09
1.295428000000000000e+10
inf
1.609797000000000000e+09
5.433647000000000000e+08
2.562662000000000000e+09
1.691291000000000000e+07
2.099245000000000000e+09
1.872554000000000000e+09
inf
2.293471000000000000e+09
1.357433000000000000e+09
3.014966000000000000e+09
5.378246000000000000e+09
7.269823000000000000e+09
3.193090000000000000e+09
3.059736000000000000e+09
4.618995000000000000e+08
7.868413000000000000e+09
5.918968000000000000e+09
3.605890000000000000e+08
2.357430000000000000e+09
4.816457000000000000e+09
7.048254000000000000e+08
2.570655000000000000e+09
3.605101000000000000e+09
3.620939000000000000e+09
1.337471000000000000e+10
1.098040000000000000e+09
3.630659000000000000e+09
1.255709000000000000e+09
1.811962000000000000e+09
2.148495000000000000e+09
2.188427000000000000e+09
1.070411000000000000e+09
4.968900000000000000e+09
9.239704000000000000e+07
3.560329000000000000e+09
4.953278000000000000e+07
6.494934000000000000e+07
inf
1.625673000000000000e+09
7.383383000000000000e+08
2.685837000000000000e+09
2.263456000000000000e+09
9.654070000000000000e+09
1.951457000000000000e+09
1.261475000000000000e+09
1.448853000000000000e+09
4.953311000000000000e+07
1.079170000000000000e+10
5.033381000000000000e+10
2.465868000000000000e+09
5.868618000000000000e+07
4.923266000000000000e+08
5.794139000000000000e+09
7.821744000000000000e+09
4.134000000000000000e+09
inf
1.760206000000000000e+09
5.548988000000000000e+07
7.206262000000000000e+09
3.968075000000000000e+07
4.559979000000000000e+09
3.883233000000000000e+09
inf
5.349340000000000000e+09
6.414134000000000000e+09
1.679503000000000000e+09
inf
3.743109000000000000e+07
2.722432000000000000e+09
3.710597000000000000e+09
3.285366000000000000e+09
1.269490000000000000e+09
1.685945000000000000e+09
inf
1.631304000000000000e+09
8.537507000000000000e+07
2.341523000000000000e+09
1.891713000000000000e+08
7.467418000000000000e+09
inf
1.501989000000000000e+10
9.668226000000000000e+09
4.724148000000000000e+09
2.536965000000000000e+07
inf
1.772508000000000000e+09
inf
1.987260000000000000e+09
2.917580000000000000e+09
5.131183000000000000e+07
8.422456000000000000e+09
6.789960000000000000e+08
2.327894000000000000e+08
7.154655000000000000e+08
4.404324000000000000e+07
7.105312000000000000e+09
3.038743000000000000e+08
inf
1.094577000000000000e+09
inf
3.068207000000000000e+08
1.171178000000000000e+09
2.628031000000000000e+09
1.820781000000000000e+09
inf
6.715071000000000000e+07
inf
2.526575000000000000e+09
6.597185000000000000e+07
1.995077000000000000e+09
inf
2.784514000000000000e+09
6.972328000000000000e+08
6.277068000000000000e+07
2.362497000000000000e+09
5.041078000000000000e+09
6.976015000000000000e+08
4.740280000000000000e+09
1.114559000000000000e+09
1.302594000000000000e+09
inf
7.605225000000000000e+09
inf
2.026346000000000000e+09
4.706445000000000000e+09
5.471975000000000000e+09
1.497171000000000000e+09
inf
1.088813000000000000e+08
8.530328000000000000e+08
1.104154000000000000e+09
inf
4.578979000000000000e+09
3.311768000000000000e+09
3.097793000000000000e+08
3.683648000000000000e+09
3.391836000000000000e+09
6.311986000000000000e+07
2.476053000000000000e+09
7.038295000000000000e+07
8.765926000000000000e+08
4.312446000000000000e+09
2.283148000000000000e+09
8.772924000000000000e+08
1.906177000000000000e+08
inf
4.339693000000000000e+08
inf
6.890000000000000000e+09
1.300933000000000000e+08
4.666476000000000000e+09
6.451791000000000000e+09
2.854429000000000000e+09
3.665220000000000000e+09
inf
2.904727000000000000e+09
6.214637000000000000e+09
9.761258000000000000e+08
1.878756000000000000e+09
5.382637000000000000e+09
1.600031000000000000e+09
1.221910000000000000e+10
1.386687000000000000e+08
2.207476000000000000e+09
inf
7.442133000000000000e+09
2.189880000000000000e+09
2.797955000000000000e+09
2.031479000000000000e+07
3.141367000000000000e+09
inf
5.068167000000000000e+07
3.969735000000000000e+09
inf
4.149610000000000000e+09
inf
7.751390000000000000e+07
3.809203000000000000e+09
4.961422000000000000e+09
7.467418000000000000e+09
2.314605000000000000e+10
1.807413000000000000e+07
1.520896000000000000e+08
7.736430000000000000e+07
7.766467000000000000e+09
5.733678000000000000e+09
1.680873000000000000e+08
1.391376000000000000e+09
1.426288000000000000e+09
inf
1.303882000000000000e+09
inf
inf
inf
9.006598000000000000e+08
inf
8.657734000000000000e+08
2.299871000000000000e+09
inf
5.418020000000000000e+09
8.476321000000000000e+08
1.432174000000000000e+09
1.588133000000000000e+09
3.882948000000000000e+08
2.476926000000000000e+07
7.008641000000000000e+08
7.136072000000000000e+09
4.222294000000000000e+07
inf
1.136941000000000000e+08
inf
2.248885000000000000e+09
inf
2.066433000000000000e+09
inf
1.120811000000000000e+09
inf
inf
4.414301000000000000e+07
2.293870000000000000e+09
6.185488000000000000e+09
2.784514000000000000e+09
5.179678000000000000e+09
3.275574000000000000e+09
6.737921000000000000e+08
1.158828000000000000e+10
6.197115000000000000e+09
inf
6.595412000000000000e+07
4.213246000000000000e+09
9.487040000000000000e+08
1.173262000000000000e+09
2.053482000000000000e+09
1.366010000000000000e+09
inf
2.229739000000000000e+07
1.365444000000000000e+09
2.172563000000000000e+09
inf
6.423781000000000000e+07
inf
2.133203000000000000e+09
3.280463000000000000e+09
inf
5.673795000000000000e+08
5.139306000000000000e+09
2.970149000000000000e+10
inf
1.232358000000000000e+09
4.032862000000000000e+09
9.794608000000000000e+08
9.145257000000000000e+09
6.051910000000000000e+07
1.322449000000000000e+09
2.589839000000000000e+09
2.813025000000000000e+09
4.292793000000000000e+09
5.330420000000000000e+09
1.990260000000000000e+09
1.652564000000000000e+10
1.502331000000000000e+09
4.827919000000000000e+09
3.971648000000000000e+08
inf
inf
3.127414000000000000e+07
1.729730000000000000e+09
3.289792000000000000e+07
6.933470000000000000e+09
4.102830000000000000e+07
2.451201000000000000e+10
2.651279000000000000e+09
inf
7.458971000000000000e+09
8.933383000000000000e+08
6.608616000000000000e+07
1.401728000000000000e+09
3.367416000000000000e+07
inf
1.672262000000000000e+09
1.849574000000000000e+09
3.798232000000000000e+09
1.881235000000000000e+09
6.483510000000000000e+09
4.003479000000000000e+09
5.908281000000000000e+07
inf
inf
inf
inf
1.230260000000000000e+09
1.630799000000000000e+09
1.612159000000000000e+10
1.549279000000000000e+09
5.168006000000000000e+09
3.355737000000000000e+08
1.514929000000000000e+10
7.544313000000000000e+09
2.427736000000000000e+09
1.728540000000000000e+09
2.246586000000000000e+09
2.108460000000000000e+07
9.379417000000000000e+09
2.931801000000000000e+07
4.363021000000000000e+07
3.655061000000000000e+09
6.714593000000000000e+09
2.992372000000000000e+08
7.605225000000000000e+09
4.489898000000000000e+07
2.081108000000000000e+09
1.680788000000000000e+09
5.256586000000000000e+07
8.180807000000000000e+09
3.514208000000000000e+07
2.832673000000000000e+07
5.564329000000000000e+09
1.185923000000000000e+10
1.418922000000000000e+09
1.739770000000000000e+09
5.443330000000000000e+07
2.357514000000000000e+08
7.739120000000000000e+09
1.727464000000000000e+09
4.686375000000000000e+09
9.542301000000000000e+09
4.340836000000000000e+09
2.995788000000000000e+09
inf
1.166155000000000000e+09
inf
1.064363000000000000e+09
8.060794000000000000e+09
4.566295000000000000e+09
1.232473000000000000e+10
inf
2.137352000000000000e+09
6.103010000000000000e+07
3.270697000000000000e+07
2.061829000000000000e+09
7.988115000000000000e+07
1.102285000000000000e+09
6.216410000000000000e+07
1.555382000000000000e+08
inf
3.343352000000000000e+07
4.505722000000000000e+08
2.227611000000000000e+10
2.221607000000000000e+09
1.924053000000000000e+09
1.984569000000000000e+10
4.026398000000000000e+08
1.257386000000000000e+09
9.682423000000000000e+09
inf
1.495834000000000000e+08
1.584555000000000000e+10
inf
inf
7.415789000000000000e+07
8.527845000000000000e+08
2.981430000000000000e+08
inf
6.603156000000000000e+07
2.311157000000000000e+09
3.835627000000000000e+08
6.580659000000000000e+07
5.519567000000000000e+07
1.708220000000000000e+09
1.455816000000000000e+07
