3.661733784997238117e-01 -9.818126091135422229e+00
inf inf
8.327682498525560417e-01 6.932663707756712768e+01
2.742154232975216321e-01 4.787868884130557490e+01
inf inf
1.027950183605415457e+00 -5.281084329407017108e+00
inf inf
4.964689847368822240e-01 -3.797962139210649468e+01
2.069638982372881408e-01 -5.204959975792912141e-01
7.984051681827414315e-01 -9.862020747237142615e+00
1.548337386237949431e+01 3.054201752570298911e+00
5.723064432664193291e-01 1.730675886423537335e+01
1.148650406324624590e-01 -2.404924073725972988e+01
inf inf
1.341282497294888243e+00 -1.150617453484487029e+01
2.860697106718937377e+01 6.907612875719382650e+00
inf inf
5.375910284792793448e+01 5.335114073668488111e+00
inf inf
1.991409407630847783e-01 5.113242880369183752e+01
2.371379024066234964e-01 -4.881089125890500924e+01
4.310404984242215964e-01 -1.533650991389857587e+01
3.778601462365094865e-01 -3.204614524353355876e+01
5.223474985464441334e-01 2.210960613870417646e+01
3.671089424128634593e-01 -5.838881229281551555e+01
6.268063709899426295e-01 -6.439343348788574417e+01
inf inf
1.011319031389392009e+01 -1.712883975997379338e+01
5.501282648921175245e-01 3.696127643401308660e+01
3.849693384054838075e-01 -9.814181945890515735e+00
2.371645420738098409e+01 5.884903184315208868e+00
2.156026245421221077e+01 1.394727308416440614e+01
9.500132091760929987e-01 -8.176897825053925928e+00
9.697702496490002988e-02 1.151360606989369728e+02
1.379586948639355271e+01 -2.211968152789705488e+00
inf inf
2.598158987563994882e-01 -2.393576899015478787e+01
8.587949565373141914e-01 -1.133923885823887012e+01
5.479659387670839932e-01 -2.696853959229894571e+01
1.758379966922208837e+01 9.508642486434375485e+00
8.191087082776480344e-01 2.210962150304789819e+00
2.339174763486561448e-01 -3.168920400845731677e+01
4.148161125173834840e-01 -3.020920334811895813e+01
2.415714911411071530e-01 -7.711691280641713320e+01
7.106118954381758224e-01 -3.300734776782430657e+01
2.433049411968627451e-01 -1.131253633560669414e+01
1.160587153149846423e-01 -4.643012046388010816e+01
8.266391635801172200e+00 -1.601253094106058228e+01
2.544904889442173301e-01 -7.346236940582862474e+01
4.659311579458481067e-01 -1.739910897775504450e+00
1.353606284092927048e+01 3.419428868333210580e+00
2.759986448487311006e-01 -2.624487623186911733e+01
2.613121280507236244e-01 -3.889797356416928409e+01
inf inf
4.919728661799406821e-01 -7.786968524760519372e+00
7.624503800681687871e-01 -2.549274163451930519e+01
inf inf
1.666672131009835911e-01 -5.280053168681345710e+01
3.087424985398217192e+00 3.960479888077167221e+00
4.203861737649661756e-01 -6.724177930004760384e+00
4.793928753515001029e-01 -2.761642665570142441e+01
4.053965415495742741e-01 -1.076242010976885588e+01
inf inf
5.987297796994577315e-01 -9.555814488146284091e+00
2.387216173718300360e-01 -4.202379451911317432e+01
1.541632114289828714e-01 -4.864240715882848320e+01
inf inf
1.455381239159173212e+01 9.540647341262989301e+00
inf inf
1.657344532157570827e+00 -9.787703689228708370e+00
1.615498621599387730e-01 1.280154088133279515e+02
5.191839942551086384e-01 -3.160683165682358720e+01
1.955101452200646017e-01 -4.034713056697938072e+01
4.717419449897535255e-01 -3.633203633757283058e+01
5.243243382250393214e-01 -3.324426554689011937e+01
6.575444894947954033e+00 -7.635470284332852131e+00
2.216602291329907715e-01 1.425269071580484237e+01
1.210877393767730709e-01 -2.383773819475795008e+01
3.190891231960548691e-01 -6.034081751345447486e+01
5.845355100015601213e-01 -2.266371291184799119e+01
5.652397321203256331e-01 -3.770841411668286725e+01
2.433621013058672844e+00 4.127612779409765231e+00
3.900541626227390091e-01 6.185579192544913241e+01
1.118886771640343225e+00 -4.095141763510167898e+00
3.258546817443030985e-01 -4.521092609755077518e+01
8.297084945939977585e-01 -4.704062312069750362e+01
4.360933567232695984e-01 -2.328138004512481629e+01
6.751243985752886090e-02 3.287980040107514697e+02
1.025379731217658102e-01 -4.022380202963775986e+01
2.672084379459725434e-01 -4.084507858970518868e+01
9.479881402173957472e-01 -2.012422304309746934e+01
1.963785989311506697e+01 2.016646081992600514e+01
2.381116712000759694e+00 4.104131829956720878e+00
6.322385161246295127e+00 -2.502724422412049776e+01
1.373199288932928930e+01 9.749477355499223563e+00
1.716586323444321494e+01 1.268644848233932976e+01
2.543184618317608781e-01 -5.549601639368054862e+01
2.162295280726793112e-01 -5.181886883341822880e+01
2.736289608595382505e-01 1.955507457402197247e+01
5.120319004590668799e-01 -1.007604891080973708e+01
4.019139388817506986e-01 -4.714498884776513421e+01
1.269372220058765099e-01 9.796702264507155178e+01
4.556231307338362013e-01 9.320565103564053544e+00
5.071244310073026451e-01 -3.924814399914767193e+01
3.275658397781511799e-01 9.989650745985444757e+01
5.788764208677426915e+00 -8.395771774768222784e+00
2.788919810506583219e-01 -2.113997542090110571e+01
9.596403342900154954e+00 1.726103239212520890e+01
3.816035515405117984e+00 2.144197201616972492e+01
2.065540895578176217e-01 -6.530616700616151604e+01
3.778591648267398684e-01 -7.916171301901418644e+01
5.777305548611357811e-01 -4.354777042873661230e+01
7.400910614906941465e-01 -3.641721006145802875e+01
3.604706867318608898e-01 -6.032898788789609057e+01
1.156972761170116293e+01 3.024768538728622502e+00
3.860128573932701812e-01 2.344436662194436138e+00
2.869414072412610039e+01 1.769878210253099127e+01
inf inf
4.798056282602793376e-01 9.032565263890570684e-01
1.890666054433757992e+01 3.795170720479418502e+00
1.028654835819927005e+00 2.106609200515752534e+01
1.100415854650246317e+01 1.102387129199586369e+01
8.610042501298890150e-01 -5.482384201166453863e+01
2.437329760577671700e-01 -6.191414468874259569e+01
2.307650479675769917e-01 4.605542713425365520e+01
6.316079883879951451e-01 -1.743023937450303862e+01
inf inf
2.929630137217839048e-01 -4.150051755043773483e+01
3.422094549490911630e-01 -3.483941032643647162e+01
1.886447632781170780e-01 -5.834607659303694405e+00
5.713619064639584577e-01 -3.623953863451316693e+01
4.381452041485353610e-01 -3.426040746046616903e+01
6.083445110100050846e-01 -5.950756576438539014e+01
inf inf
1.863703307151114075e+01 5.562529199200274554e+00
2.070042762392339253e-01 -7.188871951134154870e+01
6.423840078586701141e-01 -3.760895301026545923e+01
5.366246272691678199e-01 -2.164848455586763265e+01
3.638185558584692836e-01 -2.970843613795033633e+01
3.124825530304680132e-01 -1.945123419112954366e+01
5.949726626989612632e-02 1.481731085766352294e+02
7.616358099594711106e-01 -3.305875478936010836e+01
inf inf
inf inf
3.482503124832500574e-01 4.722353962881659584e+01
2.263063631832726019e-01 5.149841324319728386e+01
6.118798714630096391e+00 8.436506610705301057e+00
4.974572643747843803e-01 -4.810736565579581736e+01
5.876282125880946117e-01 -1.728571906112195933e+01
5.949805139771175977e-01 -5.901446502579312892e+01
1.394149877907101143e+01 1.446961763697618863e+01
5.323804506202004516e-01 -2.989581579676189804e+01
5.550592881783504851e-01 -3.394918196635148888e+01
7.679429099439603057e-01 -1.998195825886856980e+01
6.086104730575435662e-01 -2.211144356806634903e+01
8.641998605408272027e-01 -5.605322140365050387e+01
5.391649363568606912e-01 -4.076950157832167321e+01
3.210602146174287297e-01 -4.288247079940119733e+01
1.633772471507765334e-01 -1.343890003524108856e+01
1.697665331933925881e+00 1.238606656513142212e+01
5.815287508705561104e-01 -1.217403792844892862e+01
3.681096999749777776e-01 -6.230689446666592346e+01
7.432411064480477503e-01 -4.198934888994814685e+01
2.365587304412136160e-01 -2.785164772293989444e+01
7.294279041435131061e-01 -3.441188555975095653e+01
2.593000978218213404e-01 -1.925475978241841446e+01
inf inf
7.044806080038258367e-01 -1.944733919283160972e+01
6.323010038866684335e-01 -2.592053100981792113e+01
8.567478759595001936e-01 1.924779714137371656e+01
2.100779843406863989e+01 -5.894425905147169686e+00
9.440674081881816893e-01 -1.023591040938803598e+00
1.985546185264970842e-01 -1.095426692839800076e+01
3.735449856209269726e+00 -6.286507579703331317e+01
inf inf
3.708971841231930022e-01 -4.968528081820671360e+01
8.858347725271434214e+00 -4.321774646493435235e+00
6.835450345991265220e-01 -3.176711476469895956e+01
7.471989918471074743e-01 -6.577847909425864259e+01
inf inf
2.463333053629357394e+00 4.536064970586315859e+00
3.171136715112762960e+00 2.649122454177091246e+00
inf inf
3.428236772634121188e-01 -2.465347275347338041e+01
7.915933431739305970e-01 -4.992212508917628355e+01
8.125193828837258270e-01 -3.458687296802688849e+01
2.251480192524530632e-01 -6.718841274308942957e+01
4.121386864647496040e-01 -3.967781791449838380e+01
3.834185988085327956e+00 2.505961373037247952e+01
1.422511400493956524e-01 2.025143123533934997e+01
2.404093617726053567e-01 -4.937665929724351344e+01
1.836910610141248767e+01 1.131607427536861366e+01
2.831069958093315742e-01 -2.470645407688250117e+01
2.948843336477038890e-01 7.740970479120584002e+01
6.595532109707603619e-01 -1.930701215852263175e+01
3.310604997659998827e-01 -2.144160921224454341e+01
3.629938912492849945e-01 -4.148337119349694291e+01
3.325757543897131630e+00 4.682547680767402021e+00
2.249367357492159381e-01 -5.873844395841468469e+01
inf inf
5.432453577757146990e-01 8.229134318343546139e-01
2.516330442995752259e-01 -5.302331205516084367e+01
1.485363686161638719e-01 -5.524734964997553988e+01
inf inf
7.665582809605695491e-01 2.069995873716287704e+01
inf inf
9.841044403397518348e-02 2.534920291048481715e+02
9.170702274427677825e-01 -3.605447205858992277e+01
7.286012066140916232e+00 1.949774066036762221e+01
5.624532293818798045e-01 3.566836316568645415e+00
1.767008844078998209e+01 1.362207100571921004e+01
3.368331520302899618e-01 1.907114062676126820e-02
2.894180214328984646e-01 -3.687793113604495687e+01
2.188372600115377598e+00 -2.230118080301681971e+01
2.640761985658660049e-01 -6.187996086465841472e+01
1.461459880969458247e+01 6.445594982995003441e+00
8.116707438358868043e-02 -9.242175799575763406e+00
2.936087855561668647e+01 -5.300414910049214612e+00
3.122984685979862118e-01 3.219158712678829914e+00
2.694904960628870527e-01 -2.649974108735946743e+01
1.392598591524707885e+00 8.624633087294409250e+00
1.070858680541191887e+01 4.893517812094809294e+00
4.050667878670168864e-01 -1.687835852042799445e+01
4.708596576069590811e-01 -2.720183652071443703e+01
3.960379581888703315e-01 1.904740410960771868e+01
5.523691037987128460e-01 -7.616061369207589138e+00
2.122084118441831535e-01 -6.738096724117002623e+01
4.197964866948831197e-01 -3.058918128445987605e+01
inf inf
inf inf
2.612755354864603197e-01 -5.120848371738942717e+01
5.276388394194844178e-01 1.057170163782116035e+01
1.024934591786485161e+00 -1.583509443086788160e+01
7.778376234416106705e-01 1.871269461450568272e+01
4.596760726791434548e-01 -2.121640126546699534e+01
4.180460722702546983e-01 -3.197109580915571314e+01
5.915015565455806756e-01 3.190704786808327498e+01
2.902575473900209646e-01 -6.631010135134037853e+01
2.155246375157945149e+00 -1.369162620903911076e+01
4.862983548926023136e-01 -1.827444253203283253e+01
6.664926192496085644e-01 -3.764392290163088717e+01
8.411579013679563843e+00 -2.943967984856803444e+00
4.650135398113511287e-01 -2.640383071923125158e+01
6.524472574540257419e+00 -1.356866704568118642e+00
3.600011522578454026e-01 5.450350418765956562e+01
4.008781590110040760e+00 4.670324067412996882e+00
3.852810061080028659e-01 2.379938936425562090e+01
8.333224659695407377e-01 -2.618105079400125046e+00
2.974407658958959644e-01 -2.684800544576809500e+01
2.990936001491558138e-01 -3.097549863420634964e+01
2.942251066853809327e-01 -5.952780437077795739e+01
3.720465551646912061e-01 -5.248621556106066777e+01
2.199962068083587408e+00 6.088895390663754403e-01
3.227130488706884681e-01 -3.806933795062543169e+01
inf inf
1.886867003195824211e+01 2.615786483452512101e+01
1.021729868284830367e+00 -5.156046150804012740e+00
3.867838248679225099e-01 -5.789776375221888038e+00
6.582970064657804876e-01 -2.215912483802285138e+01
4.386933916055075766e-01 -1.815384052892331113e+01
7.399345967331543150e-01 -2.627234380925575485e-01
1.005330370834831344e+00 -3.575103217538530487e+01
6.711519322310810498e-01 -2.715538876642893484e+01
6.393775291304574226e-01 -2.289572522016595002e+01
1.897379135599616407e-01 3.728738844996966861e+01
inf inf
7.689893731610547567e-01 -3.868468785857966452e+01
3.331319753866558431e-01 -5.165445081624079648e+01
2.521340750171222567e+01 1.443266311832580584e+00
1.186753079820480172e+00 -5.002104959645211579e+01
3.538714070388476185e-01 -5.055541360574503784e+01
3.795892500490002375e-01 -2.613135227386185733e+01
inf inf
2.109998982459459782e+01 2.368763651739850218e+01
2.898924629557613764e-01 -4.831278932423322203e+01
2.516070509608226757e+00 1.839278604759572033e+01
1.492817437280549697e+01 5.428149098786233751e+00
inf inf
inf inf
4.896959955146648058e-01 -6.066193385982525399e+01
2.838246124468989251e+01 6.144220768602248306e+00
1.656099543764242565e-01 -4.164803566454934014e+01
2.749781188898306472e-01 -5.431817903494327027e+01
6.892645505344668910e-01 -2.377062783405595781e+01
4.291236649429622241e-01 -3.810925343960730061e+01
5.202988757532781561e-01 -3.805484079306243927e+01
1.868830275907900784e+01 1.297381616752428712e+01
1.189002316790674207e+01 1.123678631215072699e+01
1.257838594306442204e+01 -4.473345145349001406e+00
1.061130848764777568e+01 2.648890826779662788e+01
inf inf
4.237690652002068958e+00 -2.572373298323845425e+00
1.141999111913827525e+00 -6.032114843938586546e+00
5.113266874389721384e-01 -5.417402637592736436e-01
4.026253207632538023e-01 -6.374917967725289003e+01
2.366049969017763877e-01 -2.956343006985815336e+01
8.059989664757628347e+00 3.044040037697670065e-01
2.908255032437792598e-01 -2.347680579358288711e+01
6.596254146895177417e-01 -1.023743900857876632e+01
2.225182616743385799e-01 -3.520086830782290832e+01
8.013280868791496925e-01 -2.581932710121209951e+01
9.323482539290017801e-01 1.013881557631130370e+01
inf inf
6.623234503473115486e-01 -2.916870509131285516e+01
3.349101496876223938e-01 -2.728680242081832574e+01
1.657537729680769178e+00 -1.203885480411381081e+01
3.712698394328175500e-01 -3.438529582140969154e+01
3.174350271302344706e-01 -2.840668411850403885e+01
7.388865913007072739e-02 4.783015917229906933e+01
4.939488646501620783e-01 -3.419099599088454511e+01
inf inf
7.902318474208213095e-01 -9.856871186509778227e+00
3.485837114020939875e-01 2.803035557555852009e+01
4.071427499323334032e-01 -1.810037768560552962e+01
4.280145317020141449e-01 -5.029870502420405387e+01
4.535548797452799152e-01 1.409429580532741610e+01
2.619799633787393223e+00 1.839674170904877570e+01
9.011443303072583788e-01 -7.306734734510777685e+01
3.201633462894872828e-01 5.789896601675681431e+00
5.632385955398646615e+00 -1.069193885600187777e+01
3.997628288683684472e-01 6.410024861699874066e+01
6.894393816748366488e-01 -4.692521999590707082e+01
inf inf
inf inf
4.130774750099888704e-01 -5.749637942537251689e+01
2.211717071839631998e+01 -3.136789967148753355e+00
1.107564948136421590e+00 -4.172089492233555852e+00
inf inf
1.143356822229254721e+00 -1.115409274659064209e+01
3.884125444811309946e-01 -5.860444295087207678e+01
4.660968759955003149e-01 -3.017777440749388518e+01
1.039390757691447842e+00 -2.681111125499161574e+01
1.703831557556069853e+01 1.230754970153580707e+01
6.467228204496981991e-01 9.808026127802451199e+00
4.280980917338187974e-01 -4.204563368464071260e+01
1.371033065209095980e+01 3.065320486688974810e+01
3.219452219072986399e+00 9.658540580882716498e+00
1.932245820682587656e-01 -5.165689814126172763e+01
1.172102945284642495e+01 1.184020959081123614e+01
2.368608644488287007e-01 -4.986970223343170261e+01
9.028986703709647177e-01 -3.387642596111096083e+01
3.071464879122168812e-01 4.673460735856915704e+01
2.133881084475593681e+01 9.913714365721270738e+00
1.693596407029514805e-01 -6.261613189246339317e+01
5.287540013204450329e-01 -1.059846014292539218e-01
2.324277243588109609e+00 -2.899730001747679253e+01
3.302187305865467160e-01 -8.227125185272291219e+01
1.923146890306617784e+00 -2.139694736516467444e+01
1.929977362101050475e-01 8.462042659014851864e+00
4.637513066463586631e-01 -3.309406631071476568e+01
5.380089758497672570e-01 -4.909906702305364945e+01
1.658940024040010952e-01 -3.601804455787910797e+01
4.553599727142101372e-01 -3.401273631558937893e+01
5.174769020617343562e-01 -3.130389632599044347e+01
3.314754958971093957e-01 -1.835510002970595522e+01
4.522325001815556078e+00 2.902687220206473739e+00
5.193429826377701453e+00 1.836998581994522439e+01
3.041625816087029643e-01 7.799333366828547831e+00
6.644699337146373619e-01 -5.574967957942267738e+00
2.936990710489203460e-01 -5.397751137041519343e+01
1.045081251937890032e+00 -6.940979341734291097e+01
1.004137565400962728e+01 1.159239139140628794e+01
inf inf
1.103530652976735027e+00 -8.185991642695873338e+01
5.609442417605517983e-01 -3.146885722171850475e+01
2.108655474545411579e+01 2.261390044881688866e+01
3.159551733589214262e+00 2.875165762387288382e+01
3.174333447134866648e-01 -4.072232059728171549e+01
5.131436975265322165e-01 -1.422171381770043652e+01
inf inf
3.970168443332641739e-01 -7.012017980095535563e+01
4.530062716841208315e-01 -4.584200640171954433e+01
7.492523814877252164e-01 -4.846161542806112976e+01
inf inf
6.406989272844121341e-01 -1.424653158847540624e+01
5.035225169517855148e-01 1.601099956386835643e+01
3.444532380849948394e-01 -3.182673226296367019e+01
5.204958587141594872e-01 -1.745398996952708970e+01
1.677391929720858099e-01 -6.052452782867044334e+01
6.040371035316017823e-01 -1.404996647829610446e+01
inf inf
inf inf
3.769489857782959774e+01 1.401971198061615098e+01
1.535325855513714199e-01 2.500122051297040571e+01
