-8.560921357745017701e+01
inf
-8.653759640999665237e+01
-9.311479301814955534e+01
-8.213759777381902438e+01
-8.464087789507006221e+01
-8.166100569966897638e+01
inf
-8.527526987675243220e+01
-8.178766992558999505e+01
-8.527248421797642663e+01
-8.538249412368064384e+01
-8.661578504681014579e+01
inf
-8.064705058027598739e+01
-8.562425649001178840e+01
-8.543470534811402217e+01
inf
-8.436393186574822778e+01
inf
-8.527535421392622084e+01
-8.470402532733395162e+01
-8.732736227068848223e+01
-8.650377103327222983e+01
inf
-8.435315447873570349e+01
-8.529132020998073926e+01
-8.598434842191510086e+01
-8.033402487937139824e+01
-8.328619670124413688e+01
-8.580500937415745000e+01
-9.869933409183728656e+01
-8.447801004636160371e+01
-8.314633999691753274e+01
-8.622430142496273220e+01
-8.675619145859457149e+01
-7.624715260106248138e+01
inf
-1.064350878934144475e+02
inf
-8.758283131587965897e+01
inf
-8.695807799586164322e+01
-8.382846955421244672e+01
-8.256860522425102999e+01
inf
-8.414789176761294698e+01
-7.210373981001414734e+01
-7.398050593723837665e+01
-8.527913031612722250e+01
-8.622918001595442661e+01
inf
-8.432658381590269414e+01
-8.471739703807934063e+01
-8.498406727520516313e+01
inf
-8.589317888351202157e+01
-8.185207337002370309e+01
-8.588260667806093807e+01
-7.369568885651077039e+01
-8.584049672388641739e+01
-8.575787853346125189e+01
-8.489428514358704092e+01
inf
-8.576741814297999156e+01
-8.674457081528149160e+01
-8.575477413367022450e+01
-8.703756931995255286e+01
-8.539603825799646586e+01
-8.607529478934981171e+01
-9.375380416772833314e+01
inf
-8.487107257033606800e+01
-8.467637098450340716e+01
-8.671975639194978669e+01
-7.566353064187751443e+01
-8.245867517312018435e+01
inf
inf
-8.395799599186717899e+01
-8.475468056558862884e+01
-8.162383107154168727e+01
inf
-8.591163261291534070e+01
-8.498104146459516528e+01
inf
-8.441076446775815612e+01
-8.450816447180341129e+01
inf
-8.557465666888536759e+01
inf
inf
-8.421810083614278142e+01
-8.447302597919296829e+01
-8.626482939529117289e+01
-8.707553156447056608e+01
inf
-8.417483707742545107e+01
-8.733317713463469545e+01
-8.439557014791849099e+01
-8.397668109326220076e+01
-8.330443649464703526e+01
inf
inf
inf
-7.552679137633909079e+01
inf
inf
inf
-7.622557565017589809e+01
-8.458723943044265070e+01
-8.396879652364958702e+01
-7.952889938312843299e+01
-8.541513319626952239e+01
-8.197099158114374973e+01
-8.451316400868435608e+01
-8.318246704802254499e+01
inf
inf
-8.594134609843732164e+01
-8.487642304973046237e+01
inf
-8.738151177423470983e+01
inf
-8.436508664724068751e+01
inf
-8.429079158135732541e+01
inf
-8.534710587997615505e+01
inf
-8.571923593087332449e+01
-8.119875077822908338e+01
inf
-8.241260937363861672e+01
-8.467035951129923887e+01
inf
inf
-7.831053003964669301e+01
inf
inf
inf
-8.647748073728077145e+01
inf
-8.611365723895745816e+01
-8.448520934801531723e+01
inf
inf
inf
-8.504272321331430362e+01
inf
inf
-8.099595986502957601e+01
-8.201293360774661778e+01
-8.506941873091332695e+01
inf
inf
-8.570538567524201312e+01
-8.615769620756009317e+01
-8.525546114337262793e+01
inf
-7.605678072951853608e+01
-8.639945444186673740e+01
-8.113427052059684286e+01
-8.237635528301069598e+01
inf
inf
-8.700026067249191897e+01
inf
-8.333664863654239241e+01
-8.466959810350334692e+01
-8.708191792593800074e+01
inf
inf
inf
-8.406581965561649383e+01
-8.411839547534975736e+01
inf
-8.509274429891834757e+01
-8.658195601079006565e+01
-8.475778416501010781e+01
-8.533546139497396155e+01
inf
inf
-8.445124229778494396e+01
inf
inf
inf
-8.392999058283878355e+01
inf
-8.562087189848624291e+01
inf
inf
inf
-8.533609606995379693e+01
inf
inf
-8.307354740848954577e+01
inf
-8.644798831203831924e+01
-8.608092561709499080e+01
inf
inf
-7.492501407094455601e+01
inf
inf
inf
inf
inf
inf
inf
inf
inf
inf
inf
-8.565324750216034033e+01
-8.680422643846431185e+01
-8.598687562784370186e+01
-7.980344875487637069e+01
inf
inf
inf
-8.335594452365612028e+01
-8.440340754977891891e+01
-9.927233177012699628e+01
-8.600757190583804856e+01
-8.386068285868695682e+01
inf
inf
inf
inf
inf
-8.591121213535240031e+01
inf
-8.014229903393555787e+01
inf
inf
-7.174368163729936043e+01
inf
-8.521487323694596228e+01
-8.545312864782835049e+01
-8.439661976634113216e+01
-8.412881147086108058e+01
-8.163419124727445819e+01
-8.728991309487581418e+01
-8.298051118112833535e+01
inf
-8.483095325517976448e+01
-8.488062760132065421e+01
-8.589636838038175881e+01
-8.561152938061495377e+01
inf
inf
-8.481298912688163227e+01
-7.116839361378296758e+01
inf
inf
-8.688998741791472469e+01
-8.272994651863385229e+01
-8.683925646162134626e+01
-8.019205527650001386e+01
inf
-8.492892115779726225e+01
-8.585478966386413902e+01
-8.555766805271284170e+01
-8.295850266112617533e+01
-8.513806258004825622e+01
-8.696267981243312306e+01
-8.726493398553579084e+01
inf
-8.427484992310814960e+01
-8.375824650259914961e+01
-8.475014883772016105e+01
inf
inf
inf
-8.465488177870112452e+01
inf
inf
inf
inf
inf
inf
-8.749127138698777628e+01
inf
-7.102147242221634826e+01
-8.613356458423322692e+01
-8.541777513842652070e+01
-8.811436578401324482e+01
inf
-8.041557909916089386e+01
inf
-8.777023579437224043e+01
-8.422398610867499258e+01
-8.199326538122730312e+01
inf
-7.206455165889363457e+01
-8.544364884030258622e+01
inf
inf
inf
-7.947647515446431044e+01
-8.602920380953457880e+01
inf
inf
inf
-8.847224530045933477e+01
inf
inf
inf
inf
-8.251416962176541858e+01
-8.583003541399148162e+01
inf
-8.512934084258213829e+01
-8.617435810056487355e+01
-8.759433790136188236e+01
-8.352845934000465888e+01
inf
-8.062105593642542090e+01
inf
inf
-8.323817815643290885e+01
inf
inf
-7.054768236146767890e+01
-8.439498811683688473e+01
inf
-8.303310489844993469e+01
inf
inf
-8.656496231288761578e+01
-8.188685554003366462e+01
-8.330752583982649639e+01
inf
-8.587659913711378579e+01
inf
inf
inf
inf
-8.712573382476585948e+01
inf
-8.033515930595477528e+01
-8.578437979205159536e+01
-8.519193515040358022e+01
inf
-8.664920716950825863e+01
-8.598164119507558212e+01
-8.646231258345585502e+01
inf
inf
inf
inf
-8.376729389263209669e+01
inf
inf
-8.625340706927578083e+01
-8.520063733529624983e+01
-8.677258762822316385e+01
inf
-8.649211168130698013e+01
inf
-7.974202705176659833e+01
-8.642036037702004592e+01
-8.719466399368955933e+01
-8.133462736976701990e+01
inf
-8.645635004721445682e+01
-8.189798827841542561e+01
-8.479042516688376452e+01
-8.548750086845099361e+01
-1.053149636081203937e+02
inf
-8.734043006643565832e+01
-7.947969065957093449e+01
inf
inf
-8.314093249592737322e+01
inf
-8.316182939934563478e+01
inf
-8.462645406706006668e+01
inf
-8.113129067295778896e+01
-8.524181149452562067e+01
